75
2 1 636
3 2 308
4 1 280
4 3 831
5 2 284
6 4 604
6 5 631
7 1 213
7 4 802
7 6 93
8 3 556
8 5 219
8 6 742
8 7 52
9 4 816
9 5 449
9 6 353
9 7 931
9 8 381
10 1 549
10 2 675
10 3 116
10 4 883
10 8 771
10 9 510
11 1 296
11 4 949
11 5 664
11 10 626
12 2 493
12 5 796
12 6 787
12 7 554
12 9 809
12 11 251
13 1 705
13 2 129
13 6 874
13 7 966
13 8 972
13 9 336
13 10 370
13 11 545
14 2 720
14 5 613
14 6 633
14 7 661
14 11 629
14 12 293
15 4 334
15 5 111
15 6 66
15 9 337
15 13 752
15 14 523
16 3 77
16 4 413
16 9 847
16 10 701
16 11 975
16 13 981
16 14 556
17 2 390
17 5 46
17 8 356
17 9 585
17 11 946
17 13 630
17 15 424
17 16 496
18 2 837
18 3 759
18 4 620
18 7 939
18 15 942
19 3 983
19 5 874
19 6 747
19 7 758
19 12 700
19 13 110
19 16 881
19 17 49
20 5 798
20 7 128
20 10 384
20 16 232
20 18 657
21 1 258
21 2 202
21 3 60
21 5 733
21 6 842
21 7 556
21 8 760
21 13 654
21 14 493
21 15 551
21 16 990
21 17 408
21 20 505
22 1 533
22 2 687
22 3 53
22 4 136
22 6 611
22 8 498
22 9 605
22 12 922
22 14 716
22 15 839
22 16 760
22 19 442
22 20 102
22 21 387
23 1 710
23 2 360
23 3 888
23 4 327
23 5 785
23 8 689
23 9 791
23 10 108
23 11 753
23 13 346
23 14 782
23 15 473
23 16 897
23 20 360
24 2 464
24 4 9
24 5 678
24 7 534
24 8 433
24 9 95
24 12 227
24 13 869
24 14 891
24 15 17
24 18 329
25 1 106
25 7 564
25 8 336
25 9 21
25 11 5
25 12 989
25 15 358
25 17 479
25 18 813
25 21 517
25 22 232
25 23 741
25 24 191
26 1 841
26 2 802
26 3 248
26 5 273
26 7 421
26 8 81
26 9 620
26 10 575
26 13 806
26 16 367
26 17 755
26 18 157
26 19 489
26 21 89
26 25 863
27 1 985
27 5 306
27 6 1000
27 7 15
27 8 359
27 10 167
27 12 548
27 13 352
27 16 784
27 17 27
27 20 619
27 21 41
27 25 757
28 3 2
28 8 998
28 9 206
28 12 935
28 13 31
28 21 491
28 24 435
28 27 914
29 2 249
29 6 993
29 7 964
29 8 876
29 12 797
29 13 673
29 15 499
29 18 737
29 20 100
29 21 390
29 24 363
29 26 53
29 28 443
30 2 856
30 5 223
30 6 905
30 7 985
30 9 185
30 11 32
30 12 288
30 14 531
30 15 489
30 16 973
30 19 832
30 20 456
30 21 678
30 22 680
30 24 823
30 25 168
30 26 728
30 28 843
30 29 800
31 1 972
31 2 662
31 3 380
31 5 670
31 6 681
31 10 505
31 11 873
31 14 199
31 15 141
31 21 998
31 27 673
31 28 944
31 30 771
32 4 2
32 7 247
32 9 715
32 10 552
32 17 23
32 18 814
32 19 426
32 27 825
32 28 343
32 29 692
32 31 916
33 1 297
33 4 56
33 6 350
33 7 220
33 8 834
33 10 285
33 11 113
33 12 228
33 15 756
33 16 202
33 17 946
33 23 920
33 24 622
33 25 60
33 28 765
33 29 293
33 30 369
33 31 596
34 1 265
34 5 819
34 6 693
34 7 416
34 8 364
34 10 191
34 11 257
34 13 975
34 15 934
34 16 712
34 18 701
34 19 401
34 22 210
34 26 28
34 31 716
34 32 218
34 33 870
35 1 992
35 2 526
35 7 921
35 9 206
35 10 86
35 11 736
35 14 994
35 15 366
35 16 242
35 17 799
35 18 672
35 21 150
35 23 454
35 26 160
35 30 570
35 32 216
35 33 963
36 1 486
36 2 348
36 4 892
36 5 255
36 6 320
36 8 644
36 9 711
36 10 658
36 11 964
36 13 509
36 14 100
36 17 848
36 18 387
36 20 934
36 29 728
36 33 167
37 1 998
37 2 572
37 5 26
37 6 895
37 8 707
37 13 757
37 15 16
37 17 295
37 19 580
37 23 302
37 27 720
37 28 127
37 30 179
37 32 40
38 1 795
38 3 800
38 4 63
38 5 98
38 9 865
38 10 736
38 14 120
38 15 591
38 17 727
38 19 269
38 20 209
38 23 23
38 24 133
38 27 226
38 28 32
38 31 330
38 34 713
38 35 823
39 3 248
39 7 991
39 9 745
39 10 417
39 13 970
39 14 231
39 15 191
39 17 656
39 18 223
39 21 660
39 26 826
39 28 687
39 30 349
39 31 973
39 32 507
39 34 316
39 36 780
39 37 366
39 38 395
40 1 729
40 2 534
40 7 1
40 9 193
40 10 663
40 11 89
40 12 892
40 14 992
40 15 466
40 18 510
40 19 90
40 21 700
40 23 106
40 25 398
40 27 45
40 28 486
40 30 225
40 35 218
40 36 533
41 1 234
41 2 772
41 3 894
41 9 766
41 11 790
41 12 832
41 14 227
41 15 900
41 16 401
41 19 208
41 20 556
41 21 46
41 24 832
41 25 530
41 26 350
41 28 531
41 29 509
41 31 574
41 32 881
41 33 172
41 34 425
41 35 268
41 37 554
41 38 637
41 40 637
42 2 374
42 4 613
42 5 796
42 6 369
42 7 990
42 10 876
42 11 473
42 13 349
42 14 174
42 15 730
42 17 348
42 19 762
42 20 491
42 23 64
42 24 244
42 26 614
42 29 23
42 30 397
42 31 139
42 33 492
42 34 930
42 37 232
43 1 230
43 5 490
43 6 862
43 9 652
43 10 882
43 12 987
43 13 673
43 15 355
43 17 4
43 20 998
43 22 987
43 25 835
43 27 618
43 28 390
43 30 813
43 31 820
43 32 748
43 33 521
43 36 121
43 38 41
43 39 374
44 1 797
44 2 272
44 5 843
44 6 308
44 8 609
44 10 151
44 11 36
44 13 936
44 14 842
44 16 654
44 18 334
44 21 375
44 24 58
44 25 833
44 30 655
44 31 258
44 33 603
44 34 565
44 39 413
44 42 60
44 43 224
45 2 70
45 3 831
45 4 670
45 6 134
45 7 627
45 9 149
45 11 66
45 13 587
45 14 565
45 15 781
45 16 513
45 21 902
45 22 962
45 23 306
45 24 938
45 26 445
45 31 903
45 32 5
45 33 956
45 34 863
45 38 517
45 39 597
45 40 496
45 41 823
45 42 547
46 1 508
46 4 185
46 5 215
46 7 446
46 10 596
46 12 837
46 13 629
46 14 289
46 17 888
46 18 328
46 19 664
46 20 882
46 22 526
46 23 897
46 25 817
46 26 957
46 27 851
46 28 96
46 29 786
46 34 590
46 36 801
46 37 461
46 40 820
46 41 614
46 42 253
46 43 446
47 1 491
47 3 332
47 4 968
47 5 184
47 6 687
47 7 685
47 9 339
47 13 124
47 14 568
47 16 835
47 19 681
47 20 440
47 24 114
47 30 687
47 32 379
47 33 250
47 34 715
47 35 424
47 37 337
47 38 621
47 39 370
47 40 301
47 41 873
47 42 418
47 45 470
47 46 350
48 1 481
48 2 682
48 3 189
48 6 462
48 10 841
48 12 631
48 14 281
48 15 225
48 18 1000
48 19 438
48 21 693
48 22 45
48 25 738
48 26 351
48 27 69
48 28 987
48 29 409
48 30 619
48 31 314
48 36 897
48 37 163
48 46 411
49 1 719
49 10 824
49 12 3
49 16 984
49 19 395
49 20 902
49 22 675
49 24 120
49 32 526
49 34 156
49 35 957
49 36 476
49 37 418
49 38 695
49 39 527
49 42 233
49 44 706
49 48 633
50 1 862
50 2 937
50 3 28
50 5 182
50 7 581
50 8 603
50 9 174
50 10 29
50 12 955
50 15 897
50 16 530
50 20 94
50 21 630
50 23 861
50 26 89
50 27 288
50 28 714
50 29 611
50 33 360
50 34 325
50 35 641
50 37 732
50 43 613
50 45 570
51 1 28
51 3 677
51 4 497
51 5 142
51 6 261
51 7 922
51 10 102
51 12 575
51 13 26
51 17 612
51 18 800
51 19 999
51 21 38
51 22 454
51 25 2
51 26 465
51 27 244
51 28 382
51 29 601
51 31 762
51 32 641
51 33 293
51 35 811
51 36 902
51 37 138
51 40 192
51 42 176
51 45 275
51 46 977
51 48 131
51 49 961
52 1 935
52 3 647
52 5 124
52 6 134
52 8 398
52 11 974
52 12 549
52 14 710
52 16 785
52 17 826
52 22 818
52 23 29
52 25 25
52 26 902
52 28 295
52 31 900
52 32 87
52 34 480
52 36 588
52 39 733
52 40 511
52 41 341
52 42 668
52 43 78
52 46 618
52 47 874
52 48 733
52 49 771
52 50 308
53 1 515
53 3 464
53 4 962
53 6 40
53 8 435
53 9 672
53 11 332
53 12 225
53 15 781
53 16 600
53 17 216
53 18 896
53 23 422
53 27 420
53 28 995
53 29 317
53 39 229
53 40 667
53 41 192
53 42 940
53 44 312
53 45 901
53 46 17
53 47 171
53 51 230
54 1 936
54 2 468
54 5 709
54 6 8
54 8 455
54 11 289
54 12 537
54 13 125
54 14 321
54 16 12
54 17 533
54 18 352
54 21 426
54 22 83
54 23 671
54 26 971
54 28 923
54 30 741
54 32 472
54 35 950
54 36 569
54 39 461
54 44 697
54 45 324
54 46 260
54 50 22
54 52 957
55 3 513
55 4 347
55 5 711
55 9 55
55 12 88
55 13 951
55 14 629
55 16 339
55 18 145
55 19 27
55 22 652
55 27 567
55 30 369
55 32 296
55 33 244
55 39 93
55 40 473
55 42 865
55 44 221
55 45 5
55 47 484
55 48 480
55 50 876
55 51 570
55 52 598
56 1 594
56 2 644
56 6 753
56 10 935
56 12 775
56 14 181
56 17 319
56 19 84
56 21 536
56 23 581
56 24 217
56 25 302
56 26 755
56 28 565
56 31 211
56 33 11
56 34 982
56 35 544
56 36 437
56 39 383
56 42 536
56 48 699
56 49 303
56 51 69
56 53 294
56 55 404
57 4 500
57 5 338
57 10 323
57 11 400
57 12 643
57 15 902
57 17 549
57 19 964
57 21 205
57 22 132
57 23 114
57 24 16
57 25 951
57 27 123
57 29 655
57 30 590
57 32 107
57 34 114
57 36 258
57 37 711
57 38 85
57 39 972
57 40 205
57 45 560
57 49 754
57 50 816
57 54 138
57 56 52
58 2 94
58 3 831
58 4 148
58 5 307
58 6 745
58 7 574
58 9 368
58 10 629
58 11 428
58 12 807
58 14 743
58 17 61
58 20 501
58 21 123
58 23 983
58 30 202
58 31 138
58 33 358
58 34 287
58 41 800
58 42 580
58 43 985
58 47 121
58 48 802
58 49 944
58 50 117
58 53 485
58 56 983
59 2 98
59 3 956
59 5 491
59 6 745
59 10 957
59 11 236
59 12 621
59 13 356
59 14 849
59 17 219
59 20 859
59 21 580
59 23 261
59 27 103
59 29 149
59 30 395
59 32 595
59 43 983
59 44 345
59 47 786
59 48 252
59 56 870
59 58 540
60 1 645
60 2 372
60 5 711
60 6 491
60 7 879
60 10 382
60 11 90
60 13 74
60 16 716
60 17 772
60 18 947
60 20 885
60 21 524
60 23 333
60 26 343
60 27 939
60 28 462
60 32 704
60 34 973
60 36 720
60 39 366
60 40 412
60 43 999
60 46 347
60 51 286
60 54 437
60 55 458
60 57 732
60 59 889
61 5 172
61 6 546
61 7 196
61 9 58
61 12 121
61 17 665
61 19 596
61 20 481
61 22 89
61 23 442
61 28 529
61 30 829
61 32 896
61 33 742
61 34 590
61 36 197
61 37 861
61 38 869
61 39 187
61 40 365
61 41 700
61 44 464
61 45 974
61 49 738
61 53 653
61 56 881
61 57 553
61 58 114
61 59 716
61 60 791
62 1 646
62 2 479
62 7 341
62 9 869
62 10 786
62 12 48
62 13 824
62 14 30
62 16 443
62 18 532
62 20 234
62 21 105
62 23 110
62 25 887
62 33 379
62 35 634
62 36 314
62 37 919
62 39 494
62 40 934
62 41 595
62 42 479
62 43 80
62 45 457
62 47 390
62 49 970
62 55 693
62 56 261
62 59 725
62 61 503
63 1 845
63 2 330
63 6 812
63 12 862
63 14 333
63 17 575
63 18 991
63 20 479
63 21 216
63 22 282
63 23 310
63 24 314
63 26 191
63 28 87
63 31 103
63 32 960
63 34 496
63 35 353
63 37 804
63 38 100
63 40 263
63 42 740
63 47 71
63 48 314
63 50 919
63 54 332
63 55 236
63 61 692
63 62 285
64 1 841
64 2 852
64 6 66
64 7 179
64 8 722
64 9 130
64 10 565
64 14 837
64 15 305
64 16 810
64 18 654
64 19 778
64 21 997
64 22 705
64 24 245
64 26 936
64 27 656
64 28 526
64 29 363
64 30 582
64 31 48
64 32 912
64 33 483
64 34 746
64 35 169
64 38 474
64 39 478
64 44 191
64 46 932
64 47 302
64 49 221
64 51 447
64 54 58
64 55 599
64 56 989
64 57 975
64 58 997
64 61 242
64 62 227
64 63 463
65 2 251
65 6 635
65 9 618
65 11 797
65 14 786
65 17 22
65 18 371
65 20 561
65 25 171
65 28 462
65 30 814
65 32 828
65 36 781
65 38 516
65 40 896
65 43 468
65 46 325
65 47 304
65 48 704
65 49 922
65 50 173
65 51 2
65 54 927
65 55 440
65 56 682
65 57 562
65 59 209
65 60 109
65 62 766
65 63 1
66 1 242
66 6 786
66 10 542
66 12 708
66 18 775
66 19 999
66 20 497
66 21 176
66 24 721
66 25 304
66 28 119
66 32 721
66 33 320
66 34 424
66 35 427
66 37 470
66 39 44
66 40 83
66 43 661
66 44 27
66 47 467
66 48 145
66 51 284
66 55 780
66 56 964
66 57 188
66 58 806
66 61 450
66 63 279
66 65 839
67 2 378
67 3 350
67 7 929
67 8 765
67 10 807
67 11 546
67 12 480
67 13 308
67 15 589
67 16 388
67 20 281
67 21 135
67 26 877
67 28 929
67 29 557
67 31 368
67 33 658
67 34 212
67 35 682
67 36 836
67 37 364
67 38 14
67 39 215
67 40 585
67 41 802
67 43 404
67 47 605
67 53 13
67 56 198
67 58 122
67 59 486
67 62 787
67 63 892
67 66 858
68 1 273
68 3 307
68 5 255
68 6 614
68 7 61
68 10 850
68 11 29
68 15 225
68 16 196
68 17 720
68 18 47
68 20 766
68 22 576
68 23 911
68 25 27
68 27 330
68 30 16
68 34 642
68 35 609
68 36 755
68 37 465
68 38 387
68 39 70
68 40 66
68 44 979
68 47 768
68 49 936
68 50 856
68 51 905
68 54 694
68 55 794
68 56 661
68 57 75
68 58 360
68 61 141
68 62 607
68 64 783
68 65 658
68 66 608
69 1 368
69 2 541
69 4 602
69 6 34
69 7 386
69 9 845
69 10 594
69 11 828
69 13 527
69 14 788
69 15 153
69 17 790
69 23 604
69 26 794
69 30 374
69 33 364
69 34 528
69 36 183
69 37 607
69 38 974
69 39 687
69 41 120
69 42 854
69 44 523
69 45 88
69 47 488
69 49 445
69 50 331
69 54 875
69 56 23
69 57 933
69 59 730
69 60 469
69 62 642
69 63 108
69 66 948
69 68 248
70 2 165
70 3 37
70 5 229
70 6 457
70 7 330
70 9 1000
70 11 244
70 12 907
70 14 786
70 15 65
70 17 493
70 19 665
70 20 815
70 23 315
70 24 13
70 25 186
70 27 557
70 29 576
70 30 599
70 31 945
70 32 375
70 34 221
70 36 172
70 37 360
70 38 71
70 39 938
70 41 604
70 46 21
70 49 933
70 50 744
70 51 839
70 52 639
70 53 778
70 58 431
70 59 455
70 62 107
70 65 777
70 67 574
70 68 609
71 1 375
71 3 202
71 8 430
71 9 796
71 10 951
71 11 599
71 12 527
71 18 275
71 23 103
71 25 477
71 29 341
71 31 615
71 32 813
71 35 632
71 36 578
71 39 462
71 40 991
71 41 750
71 43 713
71 45 330
71 46 184
71 48 923
71 50 540
71 52 956
71 53 872
71 54 307
71 58 801
71 59 145
71 62 16
71 64 79
71 65 698
71 66 570
71 67 631
71 68 503
71 69 176
71 70 442
72 3 620
72 4 299
72 5 53
72 6 423
72 12 793
72 14 496
72 15 945
72 19 721
72 21 835
72 22 145
72 24 38
72 25 892
72 27 317
72 28 668
72 29 578
72 30 709
72 32 333
72 34 568
72 35 5
72 36 439
72 37 851
72 38 692
72 39 542
72 40 922
72 43 569
72 44 683
72 45 748
72 47 837
72 48 221
72 50 22
72 52 257
72 54 856
72 56 975
72 57 567
72 60 417
72 61 198
72 62 378
72 66 869
72 68 702
72 69 45
72 70 318
72 71 619
73 2 744
73 3 254
73 4 575
73 6 698
73 10 974
73 12 189
73 13 732
73 15 173
73 17 619
73 19 881
73 22 231
73 23 551
73 28 740
73 29 768
73 30 688
73 33 990
73 36 937
73 37 810
73 43 789
73 45 898
73 47 817
73 48 997
73 52 20
73 55 135
73 57 776
73 58 80
73 60 521
73 62 141
73 63 968
73 64 568
73 67 31
73 68 699
73 70 600
73 71 792
74 7 577
74 9 863
74 10 832
74 14 997
74 16 715
74 17 559
74 18 554
74 20 317
74 21 770
74 22 667
74 25 698
74 26 919
74 29 603
74 31 490
74 32 945
74 34 445
74 36 802
74 39 610
74 40 526
74 41 300
74 43 324
74 46 154
74 48 789
74 50 105
74 51 620
74 52 328
74 53 427
74 55 47
74 59 730
74 60 904
74 61 508
74 62 370
74 63 694
74 64 413
74 65 912
74 67 71
74 69 421
74 70 966
74 71 97
74 73 958
