75
2 1 201
3 2 16
4 1 971
4 2 652
4 3 34
5 3 320
6 1 106
6 2 556
6 4 47
6 5 873
7 6 77
8 3 268
8 4 284
8 5 539
8 6 100
9 2 139
9 3 504
9 4 292
9 5 513
10 4 825
10 6 116
10 8 723
10 9 825
11 3 484
11 4 805
11 5 368
11 6 58
11 7 367
11 8 776
12 2 104
12 4 167
12 6 826
12 8 976
12 9 621
13 3 65
13 4 786
13 5 665
13 9 907
13 10 409
14 1 803
14 3 346
14 4 418
14 10 333
14 12 143
14 13 194
15 3 642
15 4 762
15 6 220
15 9 680
15 12 108
15 13 818
16 3 571
16 5 782
16 8 337
16 9 154
16 10 57
16 11 943
16 13 696
16 15 571
17 2 258
17 7 150
17 8 354
17 9 864
17 10 552
17 11 974
17 14 725
17 15 631
17 16 397
18 1 565
18 2 594
18 5 560
18 6 431
18 9 128
18 15 933
18 16 210
18 17 506
19 4 672
19 8 38
19 11 929
19 12 649
19 13 724
19 14 278
19 15 553
19 17 771
19 18 523
20 1 78
20 2 525
20 4 460
20 5 841
20 8 641
20 9 390
20 11 704
20 12 586
20 18 998
20 19 947
21 3 167
21 4 443
21 7 855
21 12 685
21 15 602
21 16 595
21 17 512
21 18 289
21 19 523
21 20 719
22 2 440
22 4 320
22 5 90
22 8 944
22 11 40
22 12 502
22 13 765
22 14 511
22 17 21
22 18 844
23 2 39
23 3 731
23 6 191
23 7 720
23 8 522
23 9 523
23 13 692
23 17 159
24 3 844
24 4 371
24 5 939
24 6 66
24 8 198
24 9 610
24 11 751
24 14 461
24 15 766
24 16 63
24 21 98
25 1 531
25 4 111
25 7 210
25 8 241
25 9 241
25 15 130
25 18 466
25 20 546
25 21 21
25 22 671
25 24 330
26 3 652
26 5 16
26 6 588
26 7 234
26 8 889
26 10 616
26 11 708
26 12 935
26 13 292
26 14 504
26 15 163
26 17 933
26 19 80
26 22 718
26 24 612
27 6 79
27 8 296
27 11 400
27 13 962
27 20 669
27 22 283
27 25 323
28 1 661
28 3 640
28 5 536
28 11 582
28 15 33
28 17 593
28 20 638
28 21 222
28 23 207
28 24 90
28 25 690
28 26 627
29 1 644
29 6 181
29 9 537
29 10 459
29 11 875
29 12 782
29 17 269
29 20 614
29 21 780
29 22 647
29 23 79
29 24 636
29 25 39
29 27 146
29 28 559
30 3 127
30 5 614
30 6 260
30 8 124
30 10 208
30 13 320
30 15 898
30 16 939
30 20 421
30 21 557
30 23 70
30 26 650
30 28 192
30 29 631
31 1 172
31 2 344
31 3 520
31 6 729
31 7 805
31 9 854
31 11 372
31 12 22
31 13 795
31 15 396
31 18 35
31 20 523
31 21 291
31 29 196
32 2 194
32 4 110
32 7 644
32 10 182
32 11 969
32 13 520
32 14 784
32 15 665
32 16 425
32 17 71
32 18 451
32 20 716
32 22 977
32 24 795
32 25 354
32 26 110
32 27 182
32 29 487
32 30 54
33 2 538
33 4 329
33 9 267
33 10 623
33 12 529
33 13 259
33 15 15
33 16 859
33 17 597
33 18 38
33 19 201
33 21 202
33 22 485
33 23 102
33 25 794
33 28 577
33 29 937
33 32 457
34 2 589
34 3 599
34 4 248
34 6 8
34 8 125
34 11 866
34 22 664
34 24 506
34 25 434
34 26 33
34 27 27
34 28 574
34 29 496
34 31 823
34 32 871
34 33 134
35 2 186
35 4 241
35 6 123
35 11 42
35 12 665
35 13 211
35 16 125
35 18 577
35 19 54
35 20 877
35 21 202
35 24 703
35 25 704
35 27 812
35 33 68
36 5 412
36 6 591
36 10 424
36 11 945
36 12 341
36 13 39
36 14 525
36 17 785
36 18 296
36 19 390
36 20 679
36 23 833
36 27 222
36 29 553
36 30 981
36 31 951
36 32 137
36 34 569
37 2 360
37 3 4
37 4 291
37 10 157
37 13 154
37 14 501
37 15 309
37 16 469
37 21 475
37 22 88
37 25 885
37 29 926
37 30 185
37 32 368
37 34 422
37 35 727
37 36 514
38 1 30
38 3 922
38 6 825
38 7 676
38 12 311
38 16 664
38 17 145
38 19 113
38 23 927
38 25 848
38 26 885
38 27 611
38 29 110
38 30 426
38 36 480
39 4 227
39 5 58
39 9 447
39 14 479
39 16 75
39 17 729
39 18 398
39 19 630
39 20 633
39 21 52
39 22 342
39 23 624
39 25 688
39 26 52
39 27 60
39 31 177
39 35 496
39 36 66
39 37 976
40 1 154
40 3 199
40 4 83
40 9 604
40 10 405
40 13 448
40 15 454
40 18 963
40 19 852
40 20 875
40 21 345
40 25 580
40 26 953
40 28 891
40 32 724
40 34 823
40 35 75
40 37 944
40 38 407
40 39 683
41 1 666
41 4 125
41 13 596
41 15 97
41 27 549
41 28 426
41 30 657
41 32 646
41 33 658
41 35 35
41 40 671
42 2 741
42 3 969
42 5 182
42 9 82
42 10 81
42 12 109
42 13 880
42 14 535
42 15 858
42 17 935
42 18 214
42 21 328
42 22 707
42 23 189
42 25 171
42 27 918
42 29 375
42 30 387
42 31 590
42 32 505
42 33 954
42 35 718
42 36 600
42 37 832
42 38 501
42 41 778
43 2 108
43 6 270
43 7 130
43 10 942
43 11 339
43 12 771
43 13 384
43 15 429
43 17 935
43 21 736
43 22 274
43 23 798
43 24 254
43 25 600
43 27 219
43 28 501
43 30 593
43 33 550
43 36 695
43 38 696
44 2 176
44 5 988
44 6 577
44 8 860
44 9 650
44 17 967
44 18 464
44 19 852
44 20 737
44 22 370
44 23 522
44 25 496
44 26 640
44 28 804
44 29 771
44 34 181
44 38 535
44 40 66
44 41 579
44 42 103
44 43 272
45 1 279
45 4 978
45 5 349
45 10 594
45 14 633
45 17 739
45 19 392
45 20 90
45 21 618
45 22 685
45 23 778
45 27 299
45 29 177
45 30 64
45 31 915
45 32 966
45 36 119
45 37 935
45 39 263
45 40 527
45 41 363
46 2 598
46 4 425
46 7 932
46 8 310
46 9 978
46 12 878
46 15 287
46 16 230
46 17 266
46 20 187
46 22 928
46 24 538
46 25 926
46 26 692
46 27 99
46 28 235
46 29 853
46 30 971
46 31 491
46 33 613
46 35 271
46 38 537
46 40 279
46 41 684
46 44 1000
47 3 23
47 5 673
47 6 703
47 8 887
47 11 540
47 13 678
47 16 748
47 19 722
47 21 564
47 22 470
47 23 139
47 27 452
47 28 107
47 30 624
47 31 343
47 36 937
47 37 813
47 39 872
47 45 641
47 46 63
48 2 804
48 5 439
48 6 176
48 12 492
48 14 109
48 15 429
48 16 135
48 17 251
48 19 438
48 20 665
48 23 628
48 26 145
48 27 440
48 29 80
48 30 555
48 33 863
48 35 904
48 37 266
48 38 837
48 39 308
48 41 210
48 43 728
48 44 928
48 47 591
49 2 891
49 6 789
49 9 865
49 12 538
49 14 426
49 15 130
49 16 562
49 17 525
49 20 535
49 21 438
49 24 41
49 26 257
49 30 109
49 35 47
49 38 290
49 39 106
49 43 168
49 46 550
49 48 373
50 4 119
50 5 638
50 7 339
50 8 853
50 11 333
50 12 918
50 13 63
50 16 843
50 17 987
50 19 796
50 20 445
50 21 10
50 22 285
50 28 834
50 30 814
50 32 304
50 34 884
50 35 281
50 37 212
50 42 562
50 46 194
50 47 732
51 2 425
51 3 92
51 5 149
51 6 577
51 7 870
51 8 377
51 13 435
51 14 541
51 21 932
51 22 549
51 23 798
51 25 760
51 26 679
51 28 658
51 33 235
51 35 365
51 36 14
51 40 642
51 42 848
51 43 211
51 45 460
51 46 453
51 50 751
52 3 898
52 5 603
52 6 10
52 11 80
52 13 470
52 16 61
52 17 269
52 18 829
52 22 207
52 23 79
52 25 485
52 27 868
52 29 275
52 30 903
52 33 127
52 34 19
52 35 591
52 36 93
52 37 242
52 38 912
52 41 830
52 42 30
52 46 78
53 2 318
53 3 781
53 4 811
53 7 914
53 8 737
53 12 28
53 15 710
53 18 272
53 19 745
53 22 967
53 25 981
53 26 503
53 27 412
53 30 862
53 31 315
53 34 88
53 35 384
53 39 803
53 42 83
53 43 883
53 44 912
53 46 984
53 47 914
53 48 26
53 49 353
53 50 529
53 51 981
54 3 795
54 4 555
54 7 517
54 10 339
54 11 542
54 12 821
54 14 615
54 15 138
54 16 475
54 19 239
54 20 276
54 21 685
54 22 21
54 24 393
54 28 404
54 29 253
54 30 864
54 32 362
54 35 446
54 36 748
54 38 907
54 40 308
54 42 558
54 45 16
54 46 785
54 51 123
54 53 869
55 1 705
55 2 264
55 3 979
55 8 678
55 9 612
55 11 168
55 12 745
55 13 542
55 15 696
55 16 555
55 18 879
55 19 312
55 20 53
55 21 890
55 25 592
55 26 52
55 28 16
55 29 718
55 30 605
55 33 829
55 39 99
55 42 890
55 43 225
55 45 480
55 47 461
55 50 698
55 51 639
55 52 273
55 53 939
56 2 127
56 3 179
56 5 572
56 6 383
56 8 88
56 10 551
56 15 544
56 16 330
56 19 477
56 20 266
56 21 388
56 23 793
56 25 400
56 27 20
56 29 157
56 31 335
56 32 322
56 35 682
56 37 437
56 38 260
56 39 150
56 48 640
56 49 380
56 50 212
56 55 990
57 2 14
57 3 160
57 4 503
57 5 10
57 8 258
57 10 318
57 11 935
57 15 638
57 17 139
57 18 580
57 24 818
57 29 374
57 31 633
57 32 149
57 37 924
57 38 172
57 39 713
57 40 876
57 41 956
57 42 138
57 45 695
57 46 798
57 47 632
57 52 717
57 53 32
57 55 28
58 2 142
58 4 123
58 6 97
58 7 373
58 8 244
58 9 629
58 10 567
58 13 112
58 14 394
58 15 261
58 16 168
58 17 826
58 18 854
58 20 250
58 21 415
58 22 173
58 25 236
58 26 382
58 27 683
58 32 100
58 34 341
58 35 233
58 37 599
58 39 507
58 40 487
58 42 338
58 44 589
58 46 516
58 47 360
58 49 529
58 50 423
58 56 198
58 57 905
59 2 50
59 4 194
59 6 626
59 7 814
59 8 445
59 9 462
59 10 282
59 11 690
59 12 390
59 14 515
59 15 206
59 17 386
59 18 871
59 22 141
59 25 421
59 28 953
59 29 258
59 30 735
59 31 924
59 32 495
59 33 659
59 34 412
59 35 584
59 36 348
59 37 400
59 38 164
59 39 540
59 42 736
59 45 643
59 54 390
59 56 68
59 57 611
60 1 239
60 2 821
60 3 197
60 4 560
60 6 359
60 8 586
60 9 533
60 10 148
60 12 385
60 14 572
60 15 489
60 16 815
60 19 581
60 20 632
60 22 170
60 24 613
60 25 118
60 26 85
60 28 394
60 29 245
60 31 894
60 33 755
60 34 269
60 37 83
60 40 290
60 42 325
60 47 370
60 48 180
60 52 538
60 53 937
60 54 757
60 56 591
60 57 403
60 59 8
61 2 321
61 3 559
61 4 242
61 5 982
61 7 362
61 8 273
61 11 568
61 13 657
61 14 645
61 16 342
61 19 75
61 22 64
61 23 709
61 24 93
61 29 344
61 30 697
61 32 503
61 33 50
61 36 298
61 37 443
61 39 185
61 41 299
61 42 68
61 43 101
61 44 593
61 48 513
61 49 700
61 51 6
61 53 981
61 54 271
61 57 906
61 59 393
62 1 895
62 2 912
62 3 115
62 4 704
62 6 86
62 7 715
62 8 850
62 9 862
62 10 523
62 12 698
62 15 687
62 16 507
62 18 747
62 19 692
62 20 158
62 26 748
62 30 215
62 33 181
62 36 333
62 37 332
62 38 643
62 40 49
62 42 705
62 43 914
62 44 535
62 47 341
62 48 315
62 49 925
62 51 66
62 52 486
62 53 956
62 56 865
62 57 365
62 58 497
62 60 409
62 61 318
63 1 968
63 3 405
63 5 187
63 6 444
63 7 329
63 8 769
63 9 901
63 10 434
63 14 466
63 18 501
63 20 650
63 22 500
63 23 69
63 25 756
63 26 882
63 27 949
63 30 605
63 32 784
63 35 866
63 37 776
63 38 631
63 40 552
63 41 432
63 42 817
63 44 400
63 45 557
63 47 405
63 51 449
63 52 547
63 55 415
63 56 445
63 57 959
63 58 584
63 60 374
63 62 188
64 1 132
64 2 818
64 7 172
64 9 164
64 10 456
64 12 480
64 15 659
64 17 977
64 19 347
64 21 454
64 22 782
64 27 985
64 29 253
64 38 204
64 39 125
64 40 312
64 42 137
64 48 108
64 49 233
64 50 964
64 51 116
64 52 429
64 53 849
64 54 6
64 55 131
64 56 331
64 57 333
64 58 311
65 1 907
65 2 78
65 7 309
65 10 311
65 12 849
65 14 54
65 15 112
65 16 258
65 19 289
65 22 339
65 23 980
65 24 988
65 25 76
65 26 50
65 29 685
65 31 768
65 33 759
65 35 151
65 37 976
65 38 504
65 39 118
65 40 312
65 42 894
65 44 805
65 45 478
65 47 16
65 53 191
65 54 196
65 56 814
65 57 893
65 58 397
65 60 514
66 2 775
66 4 115
66 6 160
66 9 437
66 10 154
66 11 189
66 13 141
66 14 239
66 15 345
66 20 352
66 24 18
66 25 627
66 28 14
66 29 340
66 30 938
66 31 636
66 32 272
66 35 385
66 36 722
66 37 995
66 38 761
66 40 503
66 42 62
66 43 612
66 44 318
66 47 732
66 48 413
66 49 214
66 50 744
66 51 279
66 56 50
66 58 178
66 59 757
66 60 650
66 61 136
66 62 288
66 65 565
67 1 472
67 2 608
67 3 205
67 4 401
67 9 838
67 10 42
67 14 609
67 16 264
67 22 937
67 23 721
67 24 129
67 26 556
67 29 996
67 31 222
67 32 997
67 33 786
67 35 227
67 36 888
67 37 599
67 40 596
67 41 831
67 42 934
67 44 535
67 45 589
67 49 806
67 52 863
67 53 750
67 54 144
67 55 893
67 57 740
67 59 493
67 61 455
67 62 534
67 63 569
67 64 620
68 7 477
68 12 895
68 15 990
68 16 206
68 23 528
68 25 406
68 27 943
68 29 146
68 30 365
68 33 275
68 34 954
68 36 620
68 38 275
68 39 937
68 40 477
68 41 409
68 44 342
68 47 917
68 50 131
68 56 705
68 57 398
68 58 889
68 60 770
68 61 287
68 63 621
68 67 924
69 1 46
69 3 708
69 6 186
69 8 169
69 9 587
69 13 935
69 14 295
69 16 809
69 19 304
69 20 641
69 21 274
69 22 580
69 24 565
69 27 649
69 28 312
69 30 790
69 32 567
69 40 198
69 41 630
69 42 821
69 43 445
69 44 169
69 45 742
69 46 639
69 48 412
69 50 23
69 53 971
69 54 335
69 55 225
69 60 607
69 61 180
69 62 356
69 63 920
69 65 249
69 66 436
69 67 423
69 68 69
70 1 662
70 3 128
70 4 465
70 6 570
70 9 687
70 13 267
70 14 366
70 17 663
70 18 656
70 20 749
70 21 610
70 23 717
70 26 102
70 29 382
70 31 970
70 33 461
70 34 382
70 38 878
70 40 344
70 42 948
70 43 795
70 44 656
70 51 427
70 57 587
70 58 741
70 62 468
70 63 679
70 64 569
70 65 540
71 2 791
71 4 407
71 5 44
71 6 280
71 8 47
71 12 146
71 15 785
71 18 173
71 21 925
71 24 405
71 27 929
71 31 439
71 32 69
71 33 552
71 37 844
71 38 169
71 39 75
71 40 749
71 41 903
71 43 891
71 44 375
71 45 298
71 48 159
71 49 972
71 50 929
71 51 935
71 53 446
71 55 730
71 57 84
71 59 459
71 61 74
71 64 55
71 65 127
71 66 335
71 67 703
71 68 185
71 70 588
72 4 204
72 7 596
72 11 228
72 15 518
72 16 352
72 17 581
72 20 693
72 23 850
72 25 12
72 26 931
72 29 660
72 30 947
72 32 848
72 34 905
72 35 741
72 38 832
72 39 852
72 40 464
72 41 203
72 44 748
72 45 548
72 46 781
72 47 845
72 48 915
72 49 137
72 51 676
72 52 250
72 56 85
72 62 697
72 63 107
72 64 652
72 65 372
72 66 576
72 67 647
72 68 766
72 71 779
73 1 850
73 7 414
73 10 716
73 11 400
73 12 320
73 15 337
73 16 967
73 17 55
73 18 36
73 19 906
73 26 68
73 28 930
73 29 467
73 30 622
73 31 63
73 33 702
73 35 52
73 36 635
73 38 282
73 39 680
73 40 327
73 41 817
73 43 570
73 46 238
73 52 321
73 54 347
73 55 284
73 63 822
73 66 878
73 70 995
73 71 272
73 72 822
74 1 693
74 2 847
74 4 67
74 5 6
74 7 334
74 9 100
74 11 431
74 12 223
74 16 486
74 17 439
74 25 913
74 26 297
74 28 695
74 29 269
74 32 691
74 33 594
74 37 882
74 39 96
74 41 111
74 42 56
74 43 411
74 44 954
74 45 238
74 46 224
74 48 130
74 50 591
74 51 825
74 52 588
74 53 135
74 54 839
74 56 146
74 57 497
74 62 284
74 63 980
74 64 929
74 66 933
74 69 640
74 70 693
74 71 542
74 73 116
