75
2 1 164
4 1 118
4 2 972
4 3 468
5 1 373
5 2 634
5 3 17
6 1 834
6 4 732
6 5 546
7 4 975
7 6 958
8 3 30
8 4 931
8 7 555
9 2 67
9 4 645
9 5 389
9 6 708
10 2 337
10 3 885
10 5 942
10 6 732
11 2 784
11 3 283
11 7 406
11 9 714
11 10 825
12 1 781
12 2 496
12 3 690
12 5 675
12 7 170
12 9 359
13 5 842
13 7 167
13 8 543
13 9 103
13 10 535
13 12 610
14 2 259
14 3 741
14 5 986
14 6 662
14 11 676
14 12 133
14 13 721
15 1 942
15 2 782
15 4 87
15 5 334
15 6 610
15 7 177
15 9 22
15 13 19
15 14 175
16 7 753
16 10 142
16 11 708
16 14 354
17 1 241
17 5 935
17 6 631
17 10 294
17 12 844
17 14 410
17 15 269
17 16 427
18 1 349
18 3 805
18 4 198
18 6 986
18 9 494
18 10 659
18 11 773
18 13 108
18 17 839
19 3 187
19 4 307
19 5 622
19 6 798
19 8 334
19 9 859
19 11 145
19 13 20
19 17 657
19 18 963
20 3 788
20 4 295
20 5 488
20 8 661
20 12 750
20 13 560
20 16 566
20 18 584
21 1 540
21 2 805
21 5 198
21 6 206
21 8 640
21 12 768
21 13 473
21 14 848
21 16 903
21 20 268
22 1 265
22 2 638
22 3 192
22 5 360
22 10 599
22 15 49
22 16 358
22 18 785
22 19 381
22 21 131
23 1 352
23 2 391
23 4 736
23 5 128
23 6 164
23 8 206
23 10 295
23 11 624
23 12 673
23 13 679
23 14 935
23 15 598
23 16 378
23 17 566
23 18 842
23 19 107
23 20 147
23 21 714
23 22 768
24 2 103
24 3 305
24 11 63
24 12 408
24 13 583
25 2 247
25 4 890
25 5 541
25 6 757
25 7 759
25 10 696
25 11 464
25 12 83
25 14 247
25 15 256
25 19 545
25 21 485
26 2 25
26 3 76
26 7 470
26 8 140
26 14 714
26 15 280
26 17 653
26 21 456
26 22 627
26 25 988
27 1 125
27 3 426
27 5 64
27 7 537
27 9 389
27 10 804
27 13 634
27 16 474
27 17 47
27 18 123
27 23 811
27 25 976
28 2 857
28 3 477
28 7 240
28 8 418
28 10 563
28 13 437
28 14 125
28 18 371
28 20 399
28 21 620
28 22 478
29 1 682
29 4 482
29 5 784
29 8 705
29 9 404
29 10 262
29 12 547
29 14 912
29 19 454
29 20 163
29 22 551
29 23 874
29 24 988
29 27 904
29 28 140
30 1 706
30 2 648
30 3 721
30 4 184
30 5 903
30 6 338
30 7 487
30 8 581
30 11 273
30 12 911
30 14 900
30 15 341
30 16 604
30 18 176
30 19 861
30 25 22
30 27 607
30 28 790
30 29 654
31 6 88
31 9 899
31 10 780
31 11 634
31 12 986
31 14 179
31 15 737
31 16 119
31 18 960
31 19 483
31 26 464
31 27 299
31 28 681
31 29 603
31 30 759
32 1 935
32 2 729
32 3 356
32 5 664
32 7 652
32 9 903
32 10 541
32 11 403
32 13 290
32 14 400
32 16 554
32 17 702
32 18 611
32 20 348
32 22 556
32 24 217
32 26 998
32 27 4
32 29 557
33 4 18
33 7 999
33 11 497
33 12 911
33 13 816
33 18 222
33 19 2
33 20 943
33 21 945
33 22 822
33 24 846
33 25 567
33 26 947
33 28 849
33 30 618
33 31 64
34 2 698
34 3 374
34 4 370
34 5 798
34 6 952
34 8 837
34 9 995
34 10 242
34 11 218
34 12 823
34 15 100
34 18 181
34 19 542
34 24 168
34 25 588
34 26 6
34 29 976
34 30 793
34 31 18
35 1 978
35 2 977
35 4 773
35 7 741
35 8 966
35 9 593
35 10 556
35 14 420
35 15 179
35 19 23
35 20 375
35 22 272
35 24 150
35 25 204
35 29 535
35 30 444
35 31 90
35 32 513
35 33 917
36 4 624
36 10 182
36 12 132
36 13 774
36 15 576
36 17 54
36 18 665
36 19 322
36 20 324
36 24 371
36 25 461
36 26 754
36 27 462
36 29 138
36 33 545
36 35 495
37 3 951
37 4 566
37 8 324
37 9 992
37 11 154
37 12 793
37 13 674
37 15 418
37 17 805
37 20 295
37 21 775
37 22 233
37 24 838
37 29 118
37 34 268
37 35 11
37 36 910
38 2 390
38 3 286
38 4 591
38 5 821
38 9 469
38 10 755
38 11 947
38 12 390
38 16 554
38 17 4
38 19 107
38 22 793
38 23 898
38 24 363
38 25 584
38 30 363
38 31 119
38 32 718
38 33 519
38 34 67
38 35 365
38 36 496
38 37 811
39 4 739
39 6 240
39 9 639
39 11 201
39 13 844
39 14 136
39 15 675
39 16 301
39 17 216
39 18 847
39 19 20
39 22 719
39 23 74
39 25 905
39 27 270
39 30 455
39 32 686
39 33 312
39 35 755
40 2 957
40 8 82
40 11 761
40 14 431
40 15 736
40 16 674
40 18 268
40 19 21
40 21 338
40 22 347
40 25 992
40 26 945
40 28 590
40 29 571
40 31 334
40 33 10
40 35 353
40 36 311
40 37 143
40 38 115
40 39 264
41 3 21
41 5 776
41 8 162
41 10 368
41 11 871
41 12 492
41 13 119
41 20 617
41 22 509
41 23 636
41 24 204
41 26 624
41 31 86
41 32 581
41 34 993
41 36 588
41 37 748
41 38 71
41 40 973
42 1 625
42 3 791
42 5 988
42 7 78
42 8 405
42 9 722
42 10 210
42 13 730
42 15 986
42 16 24
42 18 380
42 19 195
42 21 380
42 22 492
42 24 138
42 25 676
42 27 728
42 29 201
42 30 181
42 34 155
42 38 462
42 41 456
43 2 27
43 3 646
43 5 708
43 6 666
43 7 241
43 8 796
43 9 323
43 12 14
43 13 494
43 15 637
43 19 479
43 20 824
43 21 422
43 28 695
43 31 867
43 32 949
43 33 715
43 34 909
43 36 650
43 40 927
43 42 20
44 4 663
44 8 274
44 9 363
44 10 384
44 11 629
44 14 880
44 15 384
44 17 593
44 18 412
44 20 130
44 21 789
44 26 194
44 30 480
44 31 634
44 32 971
44 34 461
44 35 559
44 36 539
44 37 441
44 39 835
44 40 412
44 41 856
45 3 70
45 4 81
45 7 964
45 8 840
45 9 959
45 10 462
45 11 220
45 12 604
45 13 445
45 16 628
45 17 92
45 18 869
45 23 495
45 24 689
45 27 786
45 28 851
45 29 346
45 30 623
45 34 59
45 36 687
45 37 605
45 38 429
45 40 835
45 44 7
46 2 211
46 3 948
46 4 349
46 5 223
46 7 912
46 9 17
46 10 784
46 14 714
46 18 603
46 19 961
46 24 208
46 25 492
46 31 628
46 33 617
46 34 772
46 35 655
46 38 910
46 42 417
46 45 484
47 1 300
47 7 488
47 8 607
47 10 956
47 11 826
47 12 288
47 16 339
47 20 759
47 21 729
47 22 811
47 23 29
47 24 92
47 26 699
47 27 294
47 29 37
47 30 419
47 31 341
47 33 235
47 37 518
47 39 719
47 42 326
47 43 553
47 45 102
48 1 172
48 7 992
48 8 883
48 9 634
48 12 909
48 13 405
48 14 15
48 15 837
48 16 303
48 18 156
48 19 559
48 21 424
48 23 327
48 24 312
48 29 220
48 30 990
48 31 894
48 34 706
48 35 584
48 36 551
48 37 249
48 39 54
48 40 295
48 43 995
48 44 226
48 46 140
48 47 691
49 2 315
49 3 429
49 8 534
49 10 375
49 11 918
49 12 646
49 13 327
49 17 707
49 18 998
49 21 327
49 27 290
49 30 817
49 32 19
49 33 691
49 34 745
49 36 202
49 38 804
49 39 964
49 41 585
49 42 590
49 44 656
49 47 212
50 1 468
50 3 360
50 8 128
50 9 468
50 12 978
50 14 685
50 15 952
50 16 139
50 18 402
50 21 346
50 23 770
50 24 252
50 26 532
50 31 591
50 32 78
50 34 225
50 35 272
50 36 842
50 39 986
50 41 546
50 43 445
50 46 597
51 1 702
51 2 259
51 4 196
51 9 917
51 11 102
51 19 463
51 22 564
51 23 70
51 24 326
51 25 128
51 26 16
51 27 502
51 28 865
51 32 473
51 34 873
51 36 791
51 38 583
51 41 744
51 42 367
51 44 656
51 46 669
51 48 580
51 49 82
52 4 45
52 5 569
52 7 99
52 8 167
52 10 442
52 12 711
52 13 767
52 15 111
52 16 880
52 19 763
52 21 788
52 24 239
52 25 212
52 28 546
52 30 727
52 31 794
52 32 142
52 33 579
52 34 589
52 37 920
52 40 633
52 41 848
52 44 273
52 45 369
52 46 28
52 49 623
52 50 342
52 51 599
53 1 453
53 3 624
53 4 482
53 5 598
53 9 443
53 10 522
53 11 984
53 14 73
53 17 114
53 18 407
53 20 944
53 22 603
53 23 139
53 25 372
53 30 695
53 32 625
53 33 658
53 34 953
53 36 451
53 37 271
53 38 855
53 39 556
53 41 557
53 43 115
53 44 925
53 45 663
53 49 734
53 50 23
54 3 147
54 5 753
54 6 718
54 7 528
54 8 619
54 9 175
54 10 94
54 12 610
54 16 709
54 22 191
54 26 821
54 28 243
54 30 325
54 31 867
54 33 371
54 34 284
54 43 974
54 44 4
54 46 549
54 47 79
54 48 201
54 49 834
54 50 2
54 52 711
54 53 762
55 3 416
55 5 972
55 13 895
55 16 502
55 26 944
55 29 179
55 31 259
55 33 521
55 34 828
55 36 712
55 37 427
55 38 911
55 39 273
55 41 759
55 51 761
55 52 23
55 53 718
56 2 161
56 4 628
56 8 257
56 10 282
56 11 723
56 13 648
56 14 516
56 15 357
56 17 301
56 18 679
56 21 702
56 22 422
56 24 563
56 25 216
56 26 400
56 28 543
56 31 118
56 32 129
56 33 962
56 40 632
56 42 614
56 44 826
56 45 300
56 47 782
56 55 384
57 2 603
57 7 970
57 8 288
57 9 273
57 10 422
57 11 588
57 12 97
57 13 826
57 14 780
57 15 634
57 19 960
57 22 337
57 24 132
57 25 29
57 26 351
57 28 591
57 29 591
57 31 984
57 35 85
57 36 658
57 40 969
57 41 686
57 44 450
57 45 208
57 49 913
57 50 562
57 51 338
57 53 649
57 54 455
57 56 333
58 4 155
58 7 289
58 8 698
58 9 841
58 10 532
58 13 486
58 14 772
58 20 339
58 22 358
58 23 544
58 24 172
58 25 743
58 27 493
58 28 741
58 29 826
58 30 91
58 31 667
58 33 44
58 34 797
58 35 608
58 36 511
58 42 985
58 46 422
58 50 551
58 53 634
58 54 697
58 55 536
58 56 949
59 1 804
59 3 198
59 5 12
59 6 278
59 7 308
59 9 352
59 13 813
59 15 636
59 16 320
59 17 170
59 20 486
59 26 921
59 33 144
59 36 221
59 37 21
59 38 494
59 40 297
59 41 869
59 42 804
59 43 616
59 47 835
59 48 993
59 49 16
59 51 948
59 52 147
59 53 535
59 54 736
59 55 945
59 56 713
60 2 163
60 3 931
60 7 881
60 8 144
60 11 32
60 14 303
60 15 271
60 16 443
60 17 511
60 19 337
60 20 576
60 22 112
60 24 839
60 25 950
60 27 344
60 31 415
60 32 289
60 33 154
60 34 349
60 40 156
60 43 731
60 47 191
60 50 252
60 51 267
60 53 401
60 55 675
61 1 470
61 3 78
61 4 128
61 5 818
61 6 117
61 9 295
61 12 20
61 13 248
61 14 858
61 16 727
61 20 102
61 21 873
61 23 599
61 24 496
61 25 502
61 26 40
61 27 824
61 28 752
61 31 163
61 32 353
61 33 819
61 34 409
61 36 742
61 37 576
61 44 354
61 46 334
61 47 211
61 48 407
61 54 357
61 57 828
61 60 865
62 1 586
62 7 826
62 8 785
62 11 672
62 12 898
62 17 567
62 18 292
62 19 900
62 20 826
62 21 495
62 23 881
62 31 393
62 33 28
62 35 939
62 37 714
62 40 560
62 41 403
62 46 569
62 50 580
62 52 78
62 53 835
62 56 101
62 58 897
62 60 858
62 61 267
63 2 501
63 3 360
63 5 431
63 6 346
63 8 381
63 10 681
63 12 253
63 13 547
63 19 175
63 22 794
63 23 661
63 24 277
63 27 963
63 28 311
63 29 27
63 30 127
63 32 252
63 34 193
63 37 600
63 40 750
63 46 997
63 50 690
63 51 622
63 54 312
63 56 241
63 57 320
63 59 987
63 60 216
64 1 43
64 2 124
64 3 504
64 6 118
64 7 125
64 9 382
64 10 70
64 12 960
64 13 651
64 14 823
64 17 880
64 18 597
64 20 896
64 22 48
64 23 154
64 26 883
64 27 907
64 31 599
64 33 285
64 34 668
64 37 810
64 38 550
64 44 187
64 45 804
64 46 87
64 50 624
64 54 946
64 57 309
64 60 253
64 61 949
65 1 995
65 2 70
65 3 693
65 5 62
65 6 149
65 7 35
65 8 204
65 11 680
65 13 40
65 15 857
65 16 96
65 17 422
65 18 359
65 21 976
65 22 925
65 23 631
65 25 590
65 29 595
65 30 631
65 32 591
65 33 22
65 49 154
65 51 731
65 54 794
65 55 335
65 56 97
65 57 672
65 59 401
65 61 559
65 62 227
65 64 935
66 1 413
66 3 158
66 4 409
66 5 55
66 7 603
66 10 824
66 11 145
66 14 169
66 17 757
66 18 148
66 19 87
66 20 6
66 21 87
66 22 974
66 28 356
66 29 421
66 30 159
66 34 279
66 35 628
66 37 216
66 38 652
66 39 352
66 40 879
66 41 551
66 44 868
66 47 253
66 48 291
66 51 648
66 52 946
66 54 868
66 57 853
66 60 532
66 61 686
66 64 246
66 65 510
67 4 466
67 5 422
67 6 280
67 7 405
67 9 709
67 11 759
67 12 315
67 14 376
67 15 803
67 17 718
67 19 406
67 20 72
67 23 921
67 24 543
67 25 770
67 26 631
67 27 189
67 30 600
67 33 603
67 36 127
67 37 614
67 38 351
67 40 278
67 43 419
67 45 892
67 46 396
67 48 479
67 51 532
67 52 305
67 55 487
67 57 187
67 58 82
67 60 574
67 62 316
67 64 370
67 66 693
68 2 840
68 3 828
68 4 317
68 6 785
68 8 421
68 9 919
68 12 642
68 14 501
68 15 361
68 16 304
68 17 335
68 18 77
68 19 825
68 20 582
68 21 636
68 27 530
68 30 951
68 31 105
68 33 448
68 36 777
68 40 1000
68 42 608
68 43 573
68 44 955
68 49 666
68 50 814
68 51 571
68 52 828
68 55 984
68 58 664
68 60 908
68 62 807
68 63 31
68 65 246
68 66 828
69 4 296
69 5 344
69 7 968
69 9 255
69 10 377
69 13 40
69 14 749
69 17 958
69 18 894
69 19 545
69 21 27
69 22 663
69 25 701
69 30 259
69 31 632
69 32 712
69 34 650
69 36 587
69 37 279
69 39 687
69 40 149
69 43 766
69 44 33
69 47 342
69 49 965
69 51 765
69 52 535
69 55 560
69 56 89
69 59 68
69 62 418
69 65 123
70 2 939
70 3 612
70 4 4
70 10 668
70 11 196
70 12 962
70 13 134
70 16 206
70 18 967
70 20 197
70 21 502
70 26 882
70 28 926
70 31 513
70 33 480
70 35 613
70 37 191
70 38 32
70 39 527
70 40 345
70 42 157
70 43 756
70 48 483
70 52 451
70 55 454
70 57 559
70 58 240
70 59 641
70 60 67
70 61 811
70 63 191
70 66 559
70 68 436
71 4 975
71 5 197
71 7 895
71 8 896
71 9 518
71 10 140
71 11 954
71 12 127
71 13 29
71 14 656
71 16 362
71 22 333
71 23 824
71 24 605
71 25 939
71 26 662
71 27 948
71 29 246
71 30 700
71 32 630
71 34 824
71 36 964
71 38 601
71 42 208
71 43 209
71 45 832
71 46 723
71 49 819
71 50 498
71 52 434
71 57 497
71 58 118
71 59 355
71 60 929
71 61 998
71 66 431
71 68 963
71 69 458
72 1 323
72 4 378
72 5 825
72 7 988
72 9 697
72 11 896
72 13 534
72 14 76
72 17 195
72 21 910
72 23 747
72 24 774
72 26 137
72 27 764
72 29 442
72 32 80
72 33 236
72 35 842
72 36 418
72 37 555
72 38 983
72 39 642
72 40 735
72 41 597
72 43 456
72 44 129
72 48 88
72 49 335
72 50 673
72 51 586
72 56 807
72 59 361
72 60 260
72 63 912
72 65 887
72 68 945
72 69 211
73 6 447
73 7 673
73 8 220
73 10 164
73 11 938
73 12 141
73 13 776
73 14 712
73 15 292
73 17 185
73 22 748
73 24 559
73 25 144
73 28 279
73 32 430
73 33 150
73 34 728
73 36 648
73 40 786
73 41 132
73 42 224
73 46 391
73 50 874
73 51 286
73 52 830
73 54 536
73 58 784
73 59 492
73 61 610
73 62 194
73 68 610
73 69 838
73 70 383
73 71 63
74 2 540
74 3 862
74 5 690
74 7 761
74 8 211
74 9 550
74 11 988
74 12 769
74 14 404
74 15 626
74 17 120
74 18 606
74 19 641
74 20 135
74 23 286
74 24 901
74 30 103
74 31 116
74 32 854
74 34 164
74 35 672
74 36 68
74 39 197
74 41 937
74 42 215
74 45 864
74 46 481
74 47 548
74 50 196
74 51 484
74 53 525
74 56 681
74 57 521
74 59 208
74 61 461
74 63 39
74 65 522
74 69 953
74 70 610
74 72 976
74 73 843
