75
2 1 383
3 1 523
4 1 387
4 3 977
5 2 22
6 1 67
6 2 22
6 4 766
6 5 667
7 1 627
7 2 769
7 4 516
7 5 623
8 1 292
8 2 134
8 3 113
8 4 955
8 5 876
8 7 922
9 1 52
9 2 808
9 4 286
9 5 345
9 7 23
9 8 540
10 1 705
10 4 824
10 7 155
11 1 393
11 2 394
11 3 300
11 4 503
11 5 669
11 6 224
11 7 45
11 8 954
12 6 886
12 8 70
12 11 241
13 1 674
13 4 346
13 5 675
13 6 414
13 7 223
14 2 435
14 3 245
14 4 420
14 5 980
14 6 205
14 10 480
14 13 943
15 2 877
15 3 651
15 4 347
15 6 563
15 7 723
15 8 253
15 9 57
15 10 284
15 12 539
15 13 226
16 1 614
16 2 239
16 6 144
16 7 901
16 10 615
16 12 302
17 1 225
17 3 734
17 4 101
17 6 431
17 7 717
17 8 339
17 10 186
17 12 302
17 13 705
17 16 189
18 2 580
18 3 671
18 4 907
18 5 530
18 6 535
18 7 732
18 8 977
18 9 399
18 10 829
18 15 303
19 1 636
19 3 834
19 9 789
19 10 874
19 16 884
20 1 322
20 2 736
20 4 456
20 5 679
20 6 551
20 8 634
20 10 632
20 11 612
20 14 592
20 15 137
20 16 596
20 17 171
20 18 246
21 1 296
21 2 560
21 5 21
21 7 756
21 8 404
21 12 763
21 13 818
21 14 388
21 18 960
22 1 178
22 2 653
22 3 164
22 7 712
22 10 683
22 15 246
22 19 596
22 20 770
22 21 69
23 2 479
23 3 40
23 4 945
23 5 396
23 6 163
23 8 962
23 12 480
23 14 923
23 15 498
23 17 348
23 18 479
23 20 431
23 21 29
23 22 638
24 1 914
24 2 599
24 3 880
24 4 25
24 6 348
24 7 591
24 10 479
24 12 582
24 13 402
24 14 674
24 15 529
24 18 58
24 19 428
24 21 545
25 1 953
25 2 106
25 3 717
25 4 860
25 5 179
25 7 987
25 10 145
25 18 80
25 19 312
25 21 319
25 22 240
26 2 643
26 3 119
26 5 159
26 6 667
26 8 356
26 12 456
26 14 347
26 15 14
26 17 38
26 20 175
26 21 406
26 23 446
26 25 542
27 3 400
27 4 370
27 5 493
27 8 605
27 9 45
27 11 277
27 13 453
27 16 707
27 21 850
27 22 636
27 24 930
27 25 997
28 1 577
28 4 74
28 5 80
28 7 464
28 10 46
28 11 897
28 12 989
28 13 643
28 14 8
28 15 784
28 16 954
28 17 201
28 18 591
28 19 689
28 20 106
28 21 366
28 25 121
29 2 62
29 3 993
29 4 749
29 6 858
29 8 261
29 9 946
29 11 249
29 14 47
29 15 95
29 18 914
29 19 636
29 20 42
29 23 744
29 25 245
29 27 706
30 1 792
30 2 736
30 3 141
30 5 630
30 7 161
30 11 848
30 12 245
30 17 100
30 18 623
30 21 840
30 22 802
30 23 489
30 25 872
30 29 882
31 4 808
31 5 488
31 7 326
31 11 913
31 12 708
31 13 562
31 16 422
31 19 450
31 20 737
31 21 423
31 23 505
31 24 910
31 25 118
31 26 883
31 27 280
31 28 890
31 29 612
32 1 720
32 4 175
32 6 709
32 8 256
32 10 898
32 12 156
32 17 6
32 18 720
32 19 631
32 20 230
32 23 111
32 26 585
32 27 779
32 28 367
32 29 444
33 1 373
33 4 697
33 9 983
33 11 236
33 12 85
33 14 495
33 18 797
33 21 453
33 26 656
33 30 999
34 2 716
34 3 652
34 4 997
34 5 932
34 8 55
34 10 435
34 12 839
34 15 625
34 16 806
34 18 493
34 20 745
34 22 784
34 23 918
34 24 77
34 27 869
34 29 515
34 30 611
34 31 836
34 32 876
34 33 389
35 1 775
35 3 848
35 4 770
35 5 534
35 6 27
35 7 216
35 8 247
35 9 591
35 11 707
35 13 539
35 14 879
35 15 711
35 16 72
35 22 192
35 30 153
35 34 213
36 1 556
36 2 243
36 5 627
36 6 125
36 7 674
36 8 81
36 13 136
36 14 759
36 17 691
36 18 159
36 20 960
36 21 105
36 22 488
36 23 711
36 24 896
36 25 954
36 27 797
36 28 620
36 29 987
36 31 837
36 32 978
36 34 615
36 35 251
37 1 412
37 2 229
37 3 246
37 4 153
37 7 915
37 8 284
37 9 474
37 10 547
37 12 530
37 13 329
37 14 765
37 16 633
37 17 314
37 21 740
37 23 995
37 24 762
37 27 305
37 28 16
37 31 335
37 32 561
37 33 699
37 35 691
37 36 579
38 1 374
38 6 102
38 8 59
38 9 759
38 10 126
38 12 412
38 13 359
38 14 283
38 17 442
38 18 836
38 19 575
38 20 391
38 21 980
38 23 390
38 25 42
38 26 828
38 29 627
38 30 246
38 31 34
38 35 633
38 37 520
39 1 279
39 4 92
39 5 756
39 6 410
39 10 555
39 11 710
39 12 660
39 14 853
39 17 986
39 18 518
39 22 712
39 25 191
39 28 293
39 29 280
39 30 42
39 31 610
39 32 873
39 33 183
39 37 680
39 38 338
40 2 616
40 3 865
40 4 190
40 5 913
40 7 992
40 8 507
40 10 335
40 11 431
40 14 64
40 16 533
40 18 52
40 21 430
40 24 99
40 26 216
40 28 203
40 30 913
40 33 8
40 34 897
40 38 601
41 1 771
41 2 648
41 3 381
41 4 229
41 8 927
41 9 103
41 10 128
41 13 709
41 15 212
41 16 548
41 18 818
41 20 11
41 21 381
41 23 629
41 25 603
41 33 484
41 37 414
41 38 527
42 1 952
42 3 115
42 7 756
42 8 424
42 9 799
42 10 770
42 11 26
42 12 515
42 15 696
42 19 491
42 20 614
42 21 63
42 24 423
42 25 559
42 27 968
42 28 443
42 29 914
42 31 693
42 32 336
42 34 883
42 35 121
42 39 763
43 1 900
43 4 197
43 8 851
43 11 102
43 12 400
43 13 511
43 17 784
43 18 400
43 22 887
43 23 582
43 24 376
43 26 982
43 30 619
43 32 492
43 34 193
43 35 706
43 37 695
44 1 790
44 2 730
44 3 19
44 4 607
44 6 961
44 8 43
44 12 893
44 13 621
44 16 143
44 17 94
44 19 814
44 20 560
44 24 743
44 27 664
44 29 690
44 31 388
44 32 759
44 34 761
44 35 469
44 36 313
44 37 431
44 39 960
44 40 535
44 42 820
45 2 505
45 3 85
45 4 84
45 6 74
45 9 882
45 10 139
45 12 944
45 13 89
45 14 709
45 17 571
45 18 568
45 21 939
45 23 955
45 26 795
45 30 868
45 31 770
45 33 658
45 34 107
45 35 340
45 36 521
45 39 552
45 42 408
46 2 394
46 5 428
46 7 157
46 8 53
46 10 907
46 11 505
46 12 511
46 14 986
46 18 996
46 19 196
46 21 230
46 23 96
46 24 192
46 25 328
46 27 606
46 28 250
46 29 128
46 30 998
46 33 983
46 35 371
46 36 362
46 37 241
46 40 938
46 42 479
46 45 256
47 1 464
47 2 492
47 4 590
47 5 434
47 8 889
47 10 279
47 11 77
47 14 880
47 18 230
47 19 239
47 20 735
47 21 591
47 24 209
47 25 756
47 26 13
47 27 110
47 28 286
47 29 486
47 30 635
47 31 374
47 34 430
47 37 190
47 39 474
47 41 898
47 43 359
47 44 473
47 45 410
48 1 147
48 3 714
48 4 316
48 7 783
48 9 624
48 10 754
48 12 136
48 15 678
48 26 650
48 27 65
48 30 994
48 31 616
48 34 69
48 35 52
48 36 79
48 39 811
48 43 942
48 45 805
48 47 314
49 3 877
49 6 592
49 12 738
49 13 959
49 16 287
49 22 43
49 23 777
49 24 34
49 25 337
49 26 656
49 34 793
49 35 610
49 37 585
49 38 167
49 42 970
49 43 999
49 44 883
49 45 195
50 1 4
50 2 914
50 3 597
50 4 65
50 6 232
50 9 492
50 12 823
50 13 734
50 15 288
50 17 325
50 24 593
50 26 743
50 28 678
50 31 249
50 33 64
50 34 985
50 35 618
50 36 419
50 40 758
50 41 840
50 42 355
50 44 645
50 45 17
50 46 561
51 1 31
51 2 277
51 3 580
51 4 103
51 6 471
51 7 71
51 8 850
51 9 73
51 10 105
51 11 603
51 13 102
51 14 616
51 17 60
51 18 594
51 19 284
51 23 578
51 25 611
51 30 296
51 37 891
51 39 659
51 40 882
51 43 740
51 46 13
51 50 258
52 1 260
52 2 634
52 3 744
52 4 147
52 7 342
52 11 59
52 12 336
52 16 36
52 18 366
52 19 38
52 20 407
52 21 573
52 22 823
52 23 468
52 24 3
52 26 151
52 27 542
52 30 164
52 31 676
52 32 575
52 34 379
52 37 447
52 40 373
52 41 295
52 43 567
52 44 583
52 45 65
52 46 437
52 48 330
52 49 729
52 51 234
53 3 317
53 4 237
53 6 565
53 10 135
53 12 354
53 14 705
53 15 605
53 16 651
53 17 193
53 20 428
53 31 431
53 33 350
53 38 985
53 39 363
53 40 79
53 42 290
53 47 872
53 49 789
53 50 228
53 51 254
54 1 768
54 5 295
54 6 290
54 7 22
54 8 458
54 10 550
54 15 59
54 17 964
54 18 552
54 24 994
54 26 438
54 27 845
54 28 467
54 31 730
54 36 220
54 37 552
54 38 270
54 39 28
54 41 594
54 42 844
54 45 909
54 47 195
54 48 458
54 50 853
54 52 886
54 53 418
55 1 120
55 2 536
55 4 922
55 12 428
55 13 293
55 16 943
55 17 912
55 28 778
55 29 770
55 31 195
55 33 681
55 34 322
55 36 939
55 39 355
55 41 464
55 42 11
55 47 675
55 48 332
55 49 210
55 52 622
55 53 658
55 54 626
56 2 8
56 5 96
56 6 575
56 7 641
56 8 494
56 9 198
56 13 695
56 15 126
56 17 316
56 19 46
56 22 741
56 24 108
56 27 901
56 28 322
56 30 80
56 31 144
56 34 236
56 35 772
56 38 534
56 40 123
56 41 487
56 42 508
56 44 915
56 45 134
56 47 148
56 48 389
56 49 356
56 50 670
56 51 103
56 53 141
56 54 827
56 55 60
57 2 197
57 3 899
57 6 876
57 8 41
57 10 931
57 12 489
57 16 867
57 18 677
57 20 115
57 22 570
57 25 177
57 26 224
57 28 910
57 29 632
57 32 136
57 35 743
57 36 65
57 40 925
57 42 424
57 44 10
57 45 103
57 47 138
57 50 48
57 52 765
57 54 565
57 56 142
58 1 440
58 3 806
58 5 256
58 10 99
58 11 477
58 13 53
58 16 670
58 18 531
58 22 973
58 23 905
58 26 149
58 29 506
58 31 493
58 32 758
58 34 606
58 35 105
58 36 233
58 37 401
58 38 28
58 40 809
58 42 184
58 43 151
58 44 734
58 45 428
58 48 369
58 50 879
58 52 170
58 53 454
59 3 783
59 4 507
59 5 636
59 10 765
59 12 966
59 14 233
59 15 216
59 16 325
59 17 750
59 18 609
59 20 240
59 21 160
59 22 682
59 23 445
59 25 954
59 29 365
59 30 575
59 31 134
59 33 857
59 36 627
59 38 713
59 40 547
59 41 149
59 47 513
59 49 622
59 50 364
59 52 938
59 53 585
59 55 717
59 57 68
60 4 141
60 6 262
60 12 747
60 19 747
60 21 974
60 23 596
60 24 795
60 25 706
60 26 479
60 28 832
60 30 475
60 34 781
60 37 607
60 38 154
60 40 704
60 42 568
60 44 312
60 45 450
60 48 29
60 49 263
60 51 783
60 53 885
60 54 509
60 56 269
60 58 972
61 1 122
61 3 651
61 5 489
61 7 607
61 8 177
61 9 316
61 11 610
61 12 193
61 13 786
61 14 454
61 15 178
61 16 141
61 20 971
61 21 711
61 24 543
61 25 38
61 26 484
61 27 484
61 30 638
61 31 315
61 32 248
61 33 785
61 34 962
61 36 411
61 37 168
61 40 288
61 41 387
61 43 338
61 44 929
61 45 441
61 46 305
61 49 322
61 52 335
61 55 770
61 57 688
61 58 862
61 60 831
62 1 348
62 2 816
62 3 587
62 4 624
62 7 511
62 10 42
62 11 66
62 12 507
62 16 674
62 17 588
62 20 11
62 21 142
62 22 808
62 23 225
62 25 965
62 30 101
62 31 621
62 32 734
62 34 838
62 36 240
62 37 104
62 38 910
62 39 130
62 42 970
62 45 20
62 47 394
62 48 786
62 49 62
62 51 227
62 56 166
62 59 798
62 60 911
63 1 552
63 4 366
63 5 466
63 6 644
63 7 61
63 8 712
63 11 925
63 15 640
63 16 410
63 17 854
63 18 365
63 19 684
63 20 937
63 22 282
63 24 868
63 25 747
63 28 944
63 32 406
63 33 493
63 34 535
63 35 877
63 36 92
63 38 967
63 44 507
63 48 519
63 50 124
63 51 241
63 53 627
63 54 314
63 55 793
63 58 965
63 59 859
63 61 937
64 1 22
64 3 151
64 5 36
64 9 281
64 12 500
64 13 63
64 14 831
64 15 520
64 18 140
64 19 581
64 22 139
64 23 644
64 24 798
64 25 213
64 27 751
64 28 496
64 30 754
64 36 511
64 37 715
64 38 51
64 39 122
64 43 416
64 44 128
64 46 356
64 48 193
64 49 44
64 50 897
64 51 670
64 52 786
64 57 697
64 58 189
64 60 716
64 62 679
65 1 93
65 2 666
65 4 365
65 5 598
65 10 820
65 11 333
65 12 229
65 13 198
65 16 261
65 18 666
65 20 718
65 21 962
65 23 584
65 24 781
65 26 618
65 28 41
65 30 601
65 31 100
65 32 978
65 34 529
65 38 883
65 40 823
65 42 910
65 43 997
65 46 941
65 49 596
65 50 277
65 53 993
65 54 577
65 55 881
65 57 796
65 58 136
65 60 461
65 63 504
65 64 787
66 1 812
66 2 156
66 3 671
66 5 623
66 9 911
66 10 439
66 12 677
66 13 142
66 15 40
66 16 104
66 19 872
66 20 359
66 23 839
66 26 461
66 27 189
66 30 743
66 32 911
66 35 677
66 36 751
66 40 822
66 42 75
66 43 361
66 44 250
66 47 484
66 51 36
66 55 857
66 57 946
66 59 899
66 60 744
66 61 429
66 62 309
66 63 384
66 64 432
67 2 516
67 3 647
67 4 539
67 6 429
67 7 357
67 8 987
67 11 283
67 12 981
67 13 116
67 15 22
67 16 794
67 20 255
67 21 962
67 23 394
67 24 670
67 26 277
67 28 110
67 29 212
67 30 552
67 33 386
67 36 42
67 37 487
67 43 938
67 46 521
67 48 445
67 51 381
67 52 958
67 53 234
67 56 859
67 58 894
67 60 398
67 66 138
68 2 802
68 3 607
68 4 69
68 6 546
68 7 454
68 8 996
68 10 199
68 12 189
68 14 725
68 15 556
68 18 340
68 19 537
68 22 602
68 24 462
68 26 312
68 27 483
68 28 56
68 33 52
68 34 957
68 36 892
68 37 830
68 38 50
68 40 657
68 41 416
68 45 125
68 47 535
68 48 966
68 49 548
68 51 599
68 54 173
68 55 967
68 58 819
68 59 303
68 60 106
68 61 773
68 64 584
68 66 598
68 67 431
69 2 973
69 5 236
69 6 78
69 9 673
69 11 83
69 13 382
69 15 599
69 16 887
69 17 270
69 23 189
69 25 725
69 27 863
69 29 761
69 32 668
69 33 886
69 35 464
69 37 389
69 39 719
69 40 195
69 41 446
69 44 88
69 45 267
69 48 808
69 49 713
69 54 217
69 57 852
69 61 930
69 62 400
69 63 931
69 64 970
69 65 681
69 66 374
69 68 468
70 2 875
70 3 627
70 6 548
70 8 156
70 10 886
70 12 639
70 13 699
70 15 181
70 16 713
70 17 117
70 20 280
70 22 121
70 23 54
70 29 741
70 30 853
70 33 792
70 34 81
70 36 274
70 38 93
70 43 439
70 44 414
70 47 111
70 48 548
70 49 800
70 50 107
70 51 683
70 52 321
70 54 990
70 55 642
70 57 333
70 58 938
70 60 730
70 64 233
70 65 999
70 66 46
70 67 22
71 1 17
71 3 495
71 4 792
71 5 564
71 6 152
71 8 259
71 9 500
71 12 322
71 15 97
71 18 45
71 19 847
71 20 309
71 22 899
71 23 48
71 24 109
71 25 22
71 26 663
71 27 229
71 30 424
71 32 258
71 33 1
71 34 208
71 35 890
71 36 794
71 37 2
71 38 937
71 39 631
71 42 895
71 46 722
71 51 244
71 52 554
71 55 55
71 58 971
71 60 707
71 62 769
71 64 333
71 67 302
71 68 146
72 4 612
72 5 101
72 7 213
72 8 252
72 9 725
72 11 108
72 13 255
72 14 792
72 16 472
72 17 814
72 20 942
72 21 902
72 22 535
72 27 489
72 29 296
72 31 366
72 32 842
72 35 192
72 37 867
72 38 220
72 42 760
72 45 821
72 49 37
72 50 30
72 51 687
72 53 790
72 54 503
72 57 141
72 58 689
72 59 926
72 61 491
72 62 833
72 67 239
72 71 757
73 1 67
73 5 547
73 6 757
73 7 732
73 8 90
73 9 406
73 10 32
73 13 568
73 15 422
73 16 751
73 18 760
73 19 881
73 20 401
73 22 110
73 23 801
73 26 186
73 28 21
73 30 431
73 32 830
73 33 356
73 34 28
73 35 135
73 40 253
73 42 810
73 44 914
73 46 690
73 48 335
73 49 894
73 50 917
73 51 588
73 53 220
73 54 287
73 56 287
73 57 562
73 58 100
73 59 781
73 60 50
73 62 905
73 64 164
73 65 79
73 66 732
73 69 784
73 70 691
74 1 718
74 3 20
74 4 207
74 6 992
74 7 535
74 11 177
74 13 960
74 15 856
74 18 188
74 19 438
74 22 268
74 27 868
74 34 209
74 35 115
74 39 939
74 40 504
74 45 117
74 46 699
74 47 254
74 48 128
74 49 225
74 52 145
74 53 679
74 55 827
74 57 364
74 61 628
74 62 688
74 63 175
74 64 925
74 65 512
74 68 495
74 69 110
74 70 223
74 71 385
74 72 821
