75
3 1 238
3 2 522
4 1 442
5 2 553
5 3 446
5 4 411
6 3 972
6 4 393
6 5 275
7 1 559
7 2 59
7 4 518
7 5 899
8 3 625
8 4 814
8 5 886
9 1 513
9 2 599
9 3 105
9 6 590
10 1 226
10 2 818
10 5 23
10 8 713
11 1 264
11 2 849
11 3 486
11 5 130
11 7 683
11 10 932
12 1 148
12 2 607
12 4 758
13 1 996
13 5 765
13 6 31
13 7 559
13 8 67
14 1 195
14 3 467
14 5 483
14 6 492
14 7 894
14 13 357
15 2 299
15 4 547
15 5 809
15 6 776
15 7 511
15 8 179
15 11 257
15 14 922
16 1 242
16 2 634
16 3 798
16 4 115
16 8 878
16 9 347
16 10 764
16 11 405
16 13 749
16 14 874
17 1 429
17 3 956
17 8 800
17 12 202
17 15 601
18 2 598
18 3 427
18 4 465
18 5 581
18 6 336
18 9 600
18 10 41
18 12 481
18 13 865
18 16 100
19 2 466
19 3 459
19 6 182
19 7 374
19 8 774
19 15 367
20 1 986
20 2 629
20 3 524
20 4 696
20 5 68
20 9 920
20 10 531
20 12 783
20 14 78
20 17 694
20 19 494
21 1 963
21 2 96
21 3 322
21 4 764
21 5 580
21 6 112
21 7 594
21 8 863
21 9 28
21 10 5
21 12 220
21 17 452
21 20 81
22 3 899
22 4 637
22 5 183
22 7 739
22 14 830
22 17 347
22 18 879
22 21 856
23 1 251
23 4 808
23 10 842
23 12 980
23 13 211
23 15 724
23 16 407
23 20 699
23 21 677
23 22 538
24 1 185
24 2 844
24 3 491
24 4 106
24 9 61
24 16 141
24 21 2
24 22 428
24 23 728
25 2 165
25 3 530
25 6 814
25 10 328
25 11 230
25 12 798
25 13 205
25 15 644
25 18 634
25 19 649
25 21 734
26 5 528
26 7 417
26 8 767
26 9 381
26 11 385
26 12 920
26 17 394
26 18 351
26 21 78
26 24 480
27 2 625
27 3 656
27 4 311
27 8 367
27 10 446
27 14 930
27 15 982
27 18 874
27 23 628
27 26 307
28 1 976
28 2 80
28 3 915
28 6 410
28 8 201
28 10 574
28 11 378
28 12 135
28 13 781
28 16 425
28 20 666
28 22 563
28 23 530
28 26 387
29 2 257
29 7 415
29 9 720
29 11 977
29 12 89
29 13 810
29 14 278
29 15 773
29 17 764
29 22 872
29 24 572
29 25 894
29 26 166
29 28 43
30 1 746
30 2 78
30 3 647
30 4 401
30 6 272
30 7 776
30 10 292
30 11 765
30 13 255
30 15 304
30 16 697
30 17 272
30 18 782
30 19 225
30 20 811
30 21 21
30 22 645
30 23 359
30 27 742
30 28 409
30 29 22
31 2 448
31 5 988
31 6 841
31 7 869
31 9 828
31 10 804
31 12 237
31 13 547
31 16 894
31 17 968
31 18 97
31 19 743
31 23 571
31 28 249
31 29 984
32 1 724
32 2 508
32 7 19
32 10 966
32 16 705
32 17 636
32 18 603
32 20 298
32 22 814
32 23 951
32 24 349
32 25 499
32 26 939
32 27 456
32 28 985
33 3 686
33 4 38
33 6 19
33 7 242
33 10 944
33 12 584
33 13 652
33 14 10
33 15 403
33 16 536
33 18 270
33 21 340
33 25 745
33 27 195
33 28 809
33 30 146
33 31 322
33 32 624
34 2 811
34 3 275
34 5 978
34 7 1000
34 8 181
34 9 928
34 10 896
34 11 463
34 12 461
34 13 905
34 14 525
34 16 942
34 17 621
34 21 852
34 24 808
34 26 973
34 28 876
34 30 200
35 3 395
35 5 350
35 6 893
35 8 529
35 9 673
35 10 231
35 11 333
35 13 521
35 14 469
35 20 301
35 22 847
35 24 885
35 27 413
35 28 799
35 29 752
35 30 560
35 32 449
36 2 596
36 3 60
36 4 262
36 5 93
36 9 394
36 10 892
36 11 756
36 13 710
36 14 165
36 15 506
36 16 457
36 17 538
36 19 210
36 20 508
36 22 742
36 23 235
36 26 433
36 29 335
36 30 248
36 32 383
36 33 876
36 34 398
36 35 759
37 2 391
37 6 749
37 8 18
37 9 17
37 10 220
37 11 666
37 13 489
37 15 246
37 17 428
37 18 429
37 20 824
37 21 511
37 22 829
37 26 858
37 27 614
37 28 926
37 30 456
37 31 555
37 33 898
37 34 922
37 35 770
37 36 808
38 1 263
38 2 421
38 7 431
38 9 664
38 10 323
38 12 284
38 15 299
38 16 868
38 17 265
38 19 123
38 24 221
38 25 221
38 26 398
38 27 654
38 28 324
38 32 696
38 33 965
38 34 420
39 6 233
39 8 169
39 10 325
39 14 265
39 17 847
39 18 407
39 19 485
39 20 817
39 24 616
39 30 945
39 31 371
39 37 202
39 38 138
40 1 524
40 3 476
40 7 745
40 9 376
40 11 93
40 16 614
40 17 685
40 19 768
40 20 887
40 22 577
40 24 498
40 26 508
40 27 143
40 30 663
40 31 902
40 32 467
40 34 697
40 37 605
40 39 127
41 1 535
41 4 203
41 8 536
41 9 62
41 10 776
41 11 786
41 12 512
41 13 453
41 14 997
41 16 538
41 17 926
41 19 57
41 21 648
41 22 253
41 29 483
41 31 508
41 34 598
41 35 413
41 36 939
41 38 260
41 39 790
42 1 825
42 5 775
42 8 194
42 9 755
42 10 895
42 13 745
42 15 70
42 25 885
42 31 666
42 34 406
42 36 671
42 39 335
42 40 771
43 2 554
43 6 60
43 7 45
43 11 980
43 13 839
43 14 424
43 20 683
43 22 830
43 23 915
43 25 338
43 26 937
43 27 429
43 30 914
43 31 493
43 33 456
43 34 891
43 36 480
43 38 444
44 3 379
44 6 703
44 9 403
44 12 130
44 13 946
44 15 130
44 16 811
44 17 753
44 18 760
44 20 823
44 22 24
44 24 774
44 25 532
44 27 733
44 31 32
44 34 871
44 39 252
44 41 274
44 42 814
45 2 500
45 4 868
45 6 527
45 8 615
45 9 172
45 12 302
45 15 143
45 17 687
45 19 282
45 20 625
45 21 348
45 24 850
45 25 19
45 27 32
45 29 263
45 31 418
45 32 105
45 33 791
45 34 676
45 36 255
45 37 819
45 38 882
45 39 387
45 42 990
45 44 772
46 2 81
46 3 816
46 6 440
46 7 979
46 8 354
46 9 8
46 10 722
46 12 239
46 13 400
46 17 29
46 18 105
46 20 2
46 21 42
46 24 11
46 32 383
46 33 198
46 34 131
46 35 945
46 36 937
46 37 560
46 38 994
46 39 308
46 40 686
46 44 833
47 2 367
47 3 768
47 5 95
47 6 200
47 10 632
47 11 226
47 13 185
47 16 624
47 17 548
47 18 77
47 19 104
47 23 578
47 27 745
47 28 266
47 29 135
47 31 201
47 32 842
47 34 490
47 35 292
47 38 757
47 39 390
47 40 750
47 42 764
47 45 360
48 1 796
48 2 565
48 4 168
48 5 348
48 7 87
48 8 843
48 10 708
48 11 355
48 12 834
48 14 959
48 15 353
48 16 374
48 17 651
48 20 137
48 21 806
48 23 776
48 27 180
48 29 442
48 30 577
48 31 491
48 33 630
48 36 267
48 40 157
48 41 199
48 43 207
49 2 7
49 6 364
49 7 106
49 8 193
49 9 672
49 10 253
49 14 460
49 15 1
49 19 540
49 22 638
49 26 94
49 27 623
49 29 292
49 30 853
49 31 685
49 32 507
49 33 102
49 37 139
49 38 503
49 39 222
49 40 187
49 42 510
49 43 983
49 45 817
49 46 867
50 2 806
50 5 304
50 8 678
50 9 580
50 10 967
50 11 864
50 14 801
50 15 774
50 16 692
50 17 742
50 18 663
50 19 930
50 20 207
50 21 268
50 23 463
50 24 462
50 25 411
50 26 133
50 27 404
50 31 946
50 32 391
50 33 782
50 34 406
50 35 760
50 38 58
50 40 620
50 42 717
50 44 680
50 45 220
50 47 126
50 49 484
51 1 526
51 2 819
51 4 87
51 5 235
51 7 159
51 9 390
51 10 375
51 11 543
51 16 434
51 17 699
51 18 769
51 19 781
51 20 635
51 22 611
51 27 288
51 34 870
51 35 88
51 36 508
51 40 373
51 41 386
51 43 563
51 46 540
51 47 241
51 49 64
52 1 446
52 4 16
52 6 331
52 8 595
52 12 202
52 16 100
52 17 528
52 19 961
52 20 861
52 22 201
52 25 767
52 26 549
52 29 713
52 30 863
52 31 277
52 35 837
52 37 96
52 39 920
52 40 832
52 41 445
52 46 123
52 47 871
52 48 8
53 1 492
53 2 132
53 3 798
53 7 161
53 8 742
53 12 34
53 13 171
53 17 228
53 20 194
53 23 204
53 24 742
53 26 772
53 29 542
53 32 550
53 33 860
53 34 647
53 35 994
53 36 223
53 37 70
53 38 13
53 40 662
53 43 126
53 45 945
53 51 341
54 2 383
54 3 209
54 4 604
54 9 350
54 10 736
54 11 916
54 15 792
54 18 168
54 19 351
54 21 495
54 22 640
54 23 409
54 24 187
54 26 915
54 29 160
54 30 989
54 31 866
54 34 593
54 35 511
54 36 645
54 37 647
54 41 99
54 43 699
54 45 729
54 49 254
54 51 579
54 52 422
55 1 87
55 2 652
55 3 273
55 7 980
55 8 671
55 9 924
55 10 202
55 11 225
55 13 349
55 14 430
55 18 87
55 20 43
55 21 378
55 23 618
55 24 416
55 25 797
55 26 503
55 28 954
55 29 437
55 30 738
55 32 1
55 35 227
55 36 308
55 38 285
55 39 630
55 40 338
55 41 569
55 43 780
55 48 875
55 49 493
55 51 171
56 1 913
56 2 245
56 4 488
56 8 498
56 14 988
56 15 918
56 18 289
56 19 785
56 20 728
56 23 359
56 25 795
56 26 231
56 28 223
56 29 917
56 30 105
56 31 240
56 32 613
56 33 491
56 35 476
56 36 151
56 40 184
56 41 911
56 42 833
56 44 38
56 45 205
56 46 629
56 50 128
56 51 622
56 53 585
57 3 882
57 5 232
57 6 794
57 7 916
57 8 431
57 11 115
57 14 383
57 19 949
57 20 369
57 23 313
57 24 886
57 28 381
57 29 103
57 33 184
57 34 950
57 38 748
57 41 274
57 43 713
57 44 386
57 45 367
57 46 864
57 49 672
57 53 719
57 54 625
57 55 622
57 56 366
58 1 146
58 2 126
58 15 509
58 18 585
58 20 863
58 21 265
58 24 455
58 27 107
58 30 304
58 31 621
58 33 792
58 35 434
58 37 978
58 38 963
58 41 307
58 44 396
58 45 442
58 47 479
58 48 323
58 49 736
58 50 748
58 55 207
58 57 293
59 3 94
59 5 272
59 8 969
59 10 784
59 13 746
59 18 321
59 22 7
59 25 326
59 26 491
59 27 184
59 29 643
59 35 48
59 36 475
59 43 602
59 44 467
59 45 482
59 46 597
59 47 87
59 49 878
59 50 363
59 53 270
59 54 355
59 56 126
59 58 406
60 4 242
60 6 312
60 7 75
60 8 768
60 9 211
60 11 889
60 15 988
60 16 365
60 17 473
60 18 801
60 20 309
60 21 56
60 24 245
60 29 529
60 32 193
60 33 579
60 34 609
60 35 971
60 36 505
60 42 487
60 43 937
60 45 121
60 46 331
60 48 120
60 49 84
60 52 171
60 53 6
60 56 391
60 57 735
60 58 75
60 59 770
61 1 988
61 2 230
61 4 145
61 7 671
61 8 700
61 11 282
61 13 385
61 14 169
61 16 220
61 18 292
61 19 690
61 20 850
61 21 916
61 22 34
61 25 900
61 26 330
61 30 558
61 32 189
61 33 319
61 34 730
61 37 761
61 38 677
61 40 237
61 42 372
61 48 281
61 49 211
61 50 354
61 51 104
61 53 231
61 54 933
61 55 133
61 56 158
61 58 681
61 59 448
62 2 846
62 3 506
62 5 739
62 8 63
62 11 558
62 14 484
62 17 121
62 18 947
62 22 491
62 24 163
62 26 240
62 27 167
62 29 178
62 31 29
62 32 568
62 35 826
62 37 772
62 40 333
62 41 53
62 46 869
62 49 4
62 50 764
62 55 202
62 57 679
62 58 636
62 61 199
63 2 734
63 3 471
63 4 24
63 7 678
63 10 924
63 11 925
63 16 485
63 18 323
63 20 270
63 23 495
63 27 400
63 28 337
63 30 280
63 33 462
63 38 154
63 39 216
63 40 585
63 41 126
63 42 758
63 43 138
63 47 147
63 49 561
63 50 258
63 52 323
63 53 89
63 55 875
63 57 839
63 58 31
64 3 101
64 6 100
64 9 888
64 10 971
64 13 299
64 14 456
64 16 220
64 18 904
64 19 126
64 21 344
64 22 176
64 24 516
64 28 181
64 31 119
64 32 408
64 35 195
64 36 392
64 37 38
64 38 333
64 40 519
64 41 198
64 44 227
64 46 647
64 47 289
64 49 872
64 52 605
64 53 744
64 54 952
64 56 525
64 59 187
64 60 686
64 62 308
64 63 791
65 1 229
65 3 186
65 4 626
65 5 583
65 7 506
65 9 635
65 10 751
65 13 716
65 14 445
65 17 964
65 19 78
65 20 130
65 24 144
65 25 455
65 26 632
65 30 426
65 31 127
65 33 812
65 35 66
65 36 390
65 37 857
65 41 171
65 43 359
65 44 98
65 45 622
65 51 487
65 52 411
65 53 360
65 55 415
65 57 492
65 60 672
65 62 390
66 1 117
66 2 701
66 5 338
66 6 666
66 7 97
66 8 480
66 12 890
66 13 151
66 16 475
66 18 120
66 20 437
66 21 826
66 23 689
66 24 233
66 26 114
66 33 567
66 34 83
66 35 423
66 36 713
66 37 554
66 40 653
66 41 714
66 42 824
66 43 14
66 44 476
66 45 354
66 46 41
66 51 208
66 53 753
66 55 747
66 60 680
66 61 916
66 62 267
66 63 573
66 65 245
67 1 77
67 2 209
67 4 765
67 5 96
67 6 235
67 7 607
67 11 363
67 13 707
67 14 278
67 17 286
67 18 66
67 19 657
67 20 325
67 23 952
67 24 214
67 25 940
67 27 186
67 28 234
67 29 279
67 31 862
67 34 176
67 35 119
67 36 225
67 37 266
67 38 462
67 41 232
67 44 258
67 46 601
67 47 90
67 48 892
67 50 848
67 51 216
67 52 911
67 56 710
67 58 549
67 59 365
67 62 210
67 65 746
68 1 606
68 2 775
68 3 298
68 4 697
68 9 91
68 10 364
68 13 761
68 14 553
68 15 865
68 17 299
68 20 111
68 22 802
68 24 887
68 25 788
68 27 185
68 28 599
68 29 214
68 35 378
68 36 424
68 37 792
68 40 470
68 41 271
68 42 451
68 45 565
68 49 202
68 51 520
68 52 431
68 55 528
68 57 539
68 58 474
68 60 505
68 61 72
68 64 476
68 65 285
68 67 9
69 2 409
69 5 906
69 6 261
69 7 241
69 8 429
69 11 879
69 17 668
69 18 473
69 19 193
69 20 470
69 21 156
69 23 291
69 25 194
69 26 842
69 28 688
69 29 89
69 30 226
69 33 137
69 34 322
69 36 119
69 38 90
69 39 370
69 40 43
69 42 665
69 43 432
69 51 353
69 53 991
69 54 481
69 56 483
69 57 606
69 59 472
69 60 853
69 64 565
69 66 549
70 4 133
70 7 968
70 9 706
70 10 661
70 12 760
70 13 714
70 17 257
70 20 391
70 21 374
70 22 663
70 24 552
70 25 49
70 27 5
70 31 296
70 33 153
70 36 540
70 39 243
70 41 792
70 43 400
70 47 533
70 48 76
70 51 834
70 56 373
70 57 639
70 58 614
70 63 142
70 65 840
70 66 548
70 69 328
71 1 505
71 3 796
71 4 683
71 7 615
71 10 845
71 11 907
71 13 213
71 16 244
71 17 773
71 18 429
71 19 15
71 20 532
71 23 375
71 26 972
71 33 337
71 34 257
71 35 645
71 36 97
71 39 55
71 40 864
71 43 962
71 44 559
71 46 636
71 47 169
71 50 393
71 51 684
71 52 265
71 59 533
71 60 865
71 68 519
71 70 245
72 1 119
72 2 699
72 4 942
72 9 127
72 11 888
72 12 468
72 14 857
72 17 147
72 19 470
72 20 824
72 21 866
72 22 972
72 24 926
72 25 199
72 26 719
72 28 886
72 30 160
72 32 821
72 33 649
72 34 212
72 37 90
72 38 275
72 39 132
72 40 715
72 41 893
72 42 887
72 43 735
72 44 674
72 45 387
72 46 532
72 47 957
72 48 394
72 49 87
72 50 906
72 56 231
72 57 75
72 58 866
72 60 600
72 61 599
72 62 909
72 64 595
72 66 202
72 69 851
73 1 432
73 2 694
73 3 411
73 4 212
73 6 11
73 10 64
73 12 50
73 14 230
73 20 282
73 21 714
73 27 696
73 33 549
73 36 574
73 41 423
73 42 528
73 44 310
73 47 585
73 51 55
73 52 263
73 55 81
73 56 927
73 57 759
73 58 194
73 59 788
73 62 834
73 64 807
73 66 453
73 68 729
73 70 324
73 72 748
74 1 228
74 4 227
74 5 125
74 7 339
74 9 585
74 15 642
74 16 114
74 18 529
74 19 36
74 20 778
74 21 823
74 22 456
74 24 89
74 27 419
74 31 602
74 32 978
74 33 316
74 37 877
74 38 807
74 39 530
74 41 98
74 43 75
74 44 890
74 47 185
74 49 646
74 50 106
74 51 258
74 53 403
74 56 201
74 58 166
74 62 940
74 64 671
74 65 649
74 68 6
74 70 585
74 72 228
74 73 822
