50
5 1 842
5 2 161
5 3 695
5 4 201
6 3 570
7 4 193
8 1 931
8 2 684
8 3 173
8 4 547
8 5 107
8 7 932
9 1 514
9 3 827
9 7 298
10 3 820
10 4 760
10 8 419
11 2 10
11 3 270
11 6 40
11 8 749
11 10 180
12 1 861
12 7 987
12 9 904
13 2 628
13 4 754
13 5 174
13 6 284
13 8 624
13 11 120
13 12 937
14 1 394
14 2 852
14 3 897
14 5 724
14 7 682
14 8 192
14 12 825
14 13 720
15 3 730
15 4 268
15 6 117
15 7 687
15 13 714
16 1 717
16 3 815
16 6 517
16 7 452
16 8 367
16 10 514
16 13 326
16 14 514
16 15 671
17 1 538
17 2 77
17 3 883
17 7 286
17 10 794
17 11 308
17 12 98
17 15 435
18 2 674
18 4 78
18 5 937
18 6 691
18 8 32
18 10 389
18 11 140
18 15 907
18 16 933
19 1 357
19 3 803
19 6 694
19 7 750
19 10 395
19 12 382
19 18 328
20 1 324
20 2 21
20 6 720
20 7 327
20 9 629
20 14 675
20 16 235
20 19 340
21 1 501
21 2 589
21 3 962
21 5 977
21 7 613
21 8 122
21 9 802
21 11 861
21 15 953
21 19 149
22 1 780
22 3 145
22 7 97
22 9 77
22 11 881
22 15 351
22 16 959
22 18 645
22 19 974
22 21 288
23 2 602
23 3 459
23 4 182
23 6 45
23 10 37
23 12 753
23 16 853
23 17 225
24 1 367
24 2 107
24 6 306
24 7 974
24 8 30
24 13 677
24 16 50
25 2 233
25 3 369
25 7 498
25 11 927
25 15 530
25 16 922
25 17 685
25 21 23
25 22 26
25 24 193
26 1 501
26 2 411
26 3 286
26 4 341
26 6 196
26 7 677
26 9 582
26 10 383
26 14 125
26 18 744
26 20 510
26 21 944
26 22 609
26 24 960
26 25 172
27 3 395
27 5 889
27 6 596
27 8 592
27 10 751
27 11 896
27 13 491
27 14 400
27 18 247
27 20 729
27 21 77
27 23 126
27 26 673
28 1 774
28 2 537
28 5 158
28 6 928
28 7 19
28 8 946
28 10 753
28 11 151
28 13 640
28 15 14
28 17 948
28 18 947
28 19 6
28 22 602
28 23 814
28 24 912
28 25 262
28 26 33
28 27 210
29 3 654
29 9 2
29 11 754
29 12 620
29 15 54
29 17 254
29 20 427
29 21 818
29 22 920
29 24 620
29 25 821
29 26 844
29 27 308
29 28 733
30 2 644
30 3 71
30 5 172
30 15 716
30 17 73
30 22 318
30 25 436
30 26 821
30 29 564
31 1 319
31 2 212
31 3 452
31 4 570
31 7 906
31 8 257
31 11 487
31 12 136
31 13 780
31 14 711
31 17 839
31 18 216
31 21 317
31 22 121
31 25 960
31 26 999
31 27 759
31 28 565
32 2 976
32 4 181
32 5 226
32 6 410
32 7 927
32 9 140
32 10 524
32 12 190
32 16 579
32 17 693
32 21 519
32 23 518
32 24 954
32 31 221
33 2 692
33 4 678
33 6 571
33 8 804
33 13 982
33 14 119
33 16 778
33 17 374
33 21 601
33 23 734
33 26 698
33 27 239
33 28 340
33 29 527
33 31 398
33 32 423
34 2 825
34 3 490
34 4 605
34 6 427
34 8 682
34 10 99
34 11 42
34 13 566
34 15 917
34 19 275
34 20 992
34 21 903
34 22 790
34 25 360
34 28 441
34 30 65
35 1 930
35 5 61
35 7 799
35 8 740
35 10 265
35 11 834
35 13 416
35 14 861
35 15 207
35 20 826
35 24 435
35 25 633
35 26 114
35 27 263
35 29 757
35 32 532
35 34 140
36 2 790
36 3 888
36 7 312
36 9 921
36 11 784
36 12 581
36 14 886
36 16 467
36 17 483
36 18 128
36 19 306
36 22 216
36 24 473
36 26 142
36 29 557
36 31 886
36 33 349
36 34 201
36 35 854
37 1 691
37 2 621
37 6 112
37 8 250
37 9 206
37 11 990
37 12 443
37 14 178
37 19 688
37 22 510
37 25 780
37 29 784
37 30 802
37 32 768
37 33 766
37 34 442
38 2 603
38 6 572
38 8 925
38 10 772
38 12 509
38 14 177
38 15 848
38 16 998
38 17 568
38 25 189
38 27 521
38 28 449
38 33 526
38 35 780
38 36 1000
39 5 866
39 7 753
39 9 103
39 10 178
39 11 2
39 12 676
39 16 266
39 18 954
39 19 885
39 20 233
39 21 601
39 22 14
39 23 409
39 24 80
39 26 690
39 29 350
39 30 646
39 31 890
39 32 352
39 35 30
39 36 619
39 37 849
39 38 292
40 1 564
40 3 880
40 4 276
40 5 427
40 6 463
40 7 934
40 8 402
40 9 977
40 13 369
40 15 180
40 17 593
40 18 751
40 21 142
40 22 969
40 24 641
40 25 815
40 26 373
40 28 935
40 30 723
40 31 943
40 32 213
40 33 401
40 34 467
40 36 662
41 4 548
41 5 795
41 6 111
41 8 419
41 14 884
41 16 748
41 17 542
41 19 209
41 20 875
41 21 459
41 22 21
41 23 293
41 24 97
41 25 349
41 29 451
41 32 433
41 37 364
41 38 833
41 39 937
41 40 50
42 1 769
42 2 22
42 6 445
42 8 536
42 10 126
42 11 863
42 13 523
42 15 623
42 17 312
42 19 251
42 20 879
42 22 595
42 29 739
42 33 513
42 35 796
42 36 264
42 37 610
42 39 211
42 40 479
42 41 516
43 1 818
43 2 829
43 3 639
43 4 58
43 6 671
43 8 484
43 9 55
43 10 168
43 11 241
43 12 9
43 13 976
43 14 727
43 17 178
43 18 609
43 20 470
43 23 822
43 24 927
43 25 80
43 26 352
43 29 176
43 30 674
43 32 510
43 35 99
43 39 572
43 40 130
43 42 231
44 5 990
44 7 635
44 8 147
44 10 310
44 13 72
44 16 310
44 17 312
44 19 950
44 22 844
44 25 641
44 26 957
44 28 55
44 29 358
44 31 710
44 32 198
44 33 792
44 34 804
44 37 670
44 38 787
44 39 139
44 41 176
45 1 611
45 2 438
45 4 524
45 8 741
45 10 357
45 19 393
45 20 317
45 24 83
45 29 199
45 30 513
45 31 964
45 32 661
45 33 936
45 34 218
45 35 962
45 36 935
45 37 658
45 38 965
45 39 749
45 41 881
45 42 849
45 44 85
46 2 718
46 3 895
46 9 400
46 10 151
46 11 784
46 13 555
46 15 35
46 16 803
46 19 96
46 30 736
46 32 554
46 35 50
46 39 643
46 41 262
46 42 371
46 44 114
46 45 218
47 1 245
47 6 812
47 8 740
47 10 473
47 11 994
47 12 524
47 13 649
47 14 70
47 21 160
47 23 290
47 26 476
47 29 829
47 32 929
47 33 169
47 35 873
47 36 142
47 38 463
47 40 56
47 43 723
47 45 491
48 1 39
48 3 440
48 4 946
48 8 461
48 11 85
48 13 924
48 15 60
48 17 27
48 18 672
48 23 602
48 24 695
48 25 831
48 28 472
48 29 925
48 32 689
48 34 942
48 35 529
48 42 917
48 43 136
48 45 481
48 46 826
48 47 190
49 4 863
49 6 357
49 8 947
49 15 281
49 18 70
49 20 281
49 21 126
49 22 249
49 23 123
49 25 310
49 28 973
49 30 386
49 32 697
49 33 263
49 35 865
49 36 523
49 38 16
49 39 731
49 41 318
49 43 842
49 45 364
49 46 909
