50
4 1 789
4 2 695
5 2 366
5 4 828
6 2 537
6 4 550
6 5 71
7 1 454
7 3 68
7 5 383
7 6 995
8 2 521
8 5 999
8 6 197
9 4 811
9 7 68
10 1 511
10 2 30
10 5 769
10 8 277
10 9 173
11 1 75
11 2 912
11 4 862
11 5 202
11 6 232
11 7 473
12 1 653
12 3 436
12 4 391
12 8 505
12 10 651
13 1 490
13 3 53
13 6 146
13 7 518
13 8 960
13 9 775
13 10 182
13 11 275
13 12 987
14 1 673
14 5 899
14 6 41
14 8 235
14 9 846
14 11 884
14 13 412
15 2 114
15 3 973
15 4 968
15 5 818
15 7 323
15 9 25
15 11 712
15 13 868
16 4 595
16 5 120
16 6 510
16 7 485
16 9 587
16 14 894
16 15 749
17 1 550
17 6 482
17 7 582
17 9 638
17 10 347
17 15 116
18 1 607
18 6 51
18 8 391
18 9 110
18 10 566
18 11 231
18 12 513
18 16 10
19 1 662
19 2 330
19 3 914
19 4 503
19 5 763
19 6 862
19 7 421
19 12 207
19 13 850
19 14 301
19 15 184
19 16 508
20 1 967
20 2 253
20 3 50
20 4 575
20 6 506
20 9 623
20 11 714
20 12 860
20 13 92
20 15 788
20 16 245
20 18 80
21 1 124
21 2 376
21 4 60
21 5 16
21 13 66
21 14 130
21 16 187
21 17 597
21 18 437
22 5 453
22 9 559
22 10 609
22 12 183
22 13 531
22 15 758
22 16 632
22 17 22
22 19 601
22 21 813
23 1 46
23 2 398
23 6 406
23 8 514
23 11 967
23 12 577
23 13 162
23 17 567
23 18 372
23 22 968
24 1 221
24 2 793
24 3 929
24 5 238
24 9 612
24 10 588
24 11 861
24 12 558
24 14 677
24 17 951
24 18 598
24 19 301
24 20 668
24 21 700
24 23 939
25 2 421
25 3 617
25 4 631
25 10 413
25 11 105
25 14 741
25 17 566
25 18 263
25 19 18
25 20 8
25 21 532
25 22 1000
25 23 722
26 1 644
26 5 935
26 7 492
26 8 673
26 9 478
26 10 88
26 13 371
26 14 208
26 16 720
26 17 704
26 21 463
26 22 1000
26 25 398
27 2 541
27 4 922
27 5 433
27 6 113
27 7 197
27 10 750
27 12 941
27 14 53
27 16 701
27 21 912
27 22 48
27 23 812
27 25 803
27 26 863
28 1 205
28 4 512
28 5 528
28 6 710
28 8 158
28 9 61
28 11 819
28 12 315
28 18 134
28 20 285
28 21 848
28 25 218
28 26 203
28 27 774
29 2 876
29 4 371
29 6 907
29 9 347
29 11 92
29 16 947
29 18 356
29 19 407
29 21 739
29 22 527
29 25 993
29 27 942
29 28 793
30 1 677
30 3 633
30 4 237
30 7 842
30 8 45
30 10 350
30 11 350
30 13 597
30 15 754
30 16 758
30 21 377
30 25 344
30 27 367
31 1 442
31 2 264
31 3 673
31 10 994
31 12 622
31 13 361
31 14 232
31 16 663
31 19 403
31 27 203
31 29 617
31 30 301
32 2 406
32 3 774
32 4 724
32 6 591
32 7 869
32 8 518
32 9 629
32 12 356
32 15 507
32 20 232
32 21 15
32 22 462
32 23 397
32 24 837
32 25 848
32 26 847
32 27 56
32 28 107
33 2 980
33 6 428
33 7 55
33 11 592
33 13 698
33 15 782
33 18 554
33 19 638
33 21 671
33 23 511
33 24 672
33 26 215
33 27 404
33 29 396
34 2 249
34 4 947
34 7 677
34 8 160
34 9 128
34 12 753
34 14 697
34 17 336
34 18 436
34 19 834
34 20 479
34 22 448
34 24 315
34 30 763
34 33 766
35 2 657
35 13 349
35 14 749
35 15 777
35 16 357
35 18 852
35 19 778
35 22 446
35 24 662
35 25 707
35 30 629
35 33 852
35 34 221
36 4 572
36 5 641
36 7 218
36 9 657
36 12 212
36 13 382
36 14 965
36 18 850
36 19 754
36 22 877
36 27 828
36 29 276
36 31 762
36 34 783
36 35 896
37 5 844
37 6 489
37 7 901
37 10 73
37 11 506
37 12 594
37 13 479
37 14 282
37 15 796
37 18 567
37 19 410
37 20 271
37 21 881
37 22 479
37 23 194
37 25 523
37 28 137
37 30 78
37 32 282
37 33 102
37 34 451
37 35 68
37 36 536
38 6 377
38 9 979
38 11 888
38 12 527
38 15 569
38 16 334
38 18 155
38 21 687
38 23 226
38 24 191
38 25 155
38 27 261
38 28 834
38 31 510
38 32 412
38 33 871
38 34 245
39 1 153
39 2 621
39 5 488
39 9 797
39 10 903
39 11 626
39 15 750
39 16 215
39 18 310
39 20 305
39 21 141
39 23 651
39 29 245
39 31 337
39 35 617
39 36 614
40 2 752
40 4 168
40 5 874
40 6 376
40 7 58
40 12 347
40 13 983
40 14 682
40 15 957
40 17 114
40 19 61
40 22 83
40 27 697
40 29 634
40 30 583
40 32 388
40 33 743
40 35 744
40 38 573
40 39 208
41 1 379
41 2 491
41 3 467
41 5 915
41 9 356
41 10 81
41 14 119
41 15 208
41 17 886
41 18 958
41 20 867
41 21 312
41 22 904
41 23 353
41 24 852
41 30 36
41 31 738
41 32 945
41 34 398
41 36 319
41 37 356
41 40 799
42 1 476
42 3 69
42 4 256
42 6 707
42 8 236
42 9 215
42 10 132
42 11 416
42 21 722
42 22 91
42 29 687
42 30 551
42 31 146
42 35 44
42 36 881
42 37 461
42 38 141
42 41 181
43 1 847
43 3 427
43 5 169
43 6 200
43 7 481
43 8 648
43 9 116
43 10 571
43 12 22
43 14 636
43 15 907
43 16 787
43 17 397
43 19 619
43 27 175
43 28 6
43 30 455
43 33 770
43 41 227
43 42 334
44 1 470
44 2 252
44 3 984
44 5 821
44 15 434
44 16 400
44 20 745
44 21 283
44 23 653
44 26 113
44 28 64
44 29 609
44 32 480
44 35 427
44 37 3
45 1 507
45 2 349
45 3 338
45 4 870
45 6 725
45 8 848
45 9 793
45 11 767
45 14 724
45 15 648
45 16 210
45 17 571
45 21 734
45 22 763
45 26 103
45 29 377
45 30 904
45 32 988
45 33 332
45 34 676
45 35 251
45 36 378
45 37 659
45 38 765
45 40 518
45 41 518
45 42 319
45 44 991
46 1 491
46 3 224
46 4 415
46 7 998
46 9 427
46 10 378
46 13 462
46 14 592
46 17 97
46 18 814
46 19 480
46 20 328
46 21 587
46 23 329
46 25 439
46 26 952
46 30 187
46 32 838
46 36 343
46 40 52
46 42 365
46 43 113
46 45 782
47 2 606
47 10 972
47 11 861
47 12 732
47 14 599
47 15 124
47 16 358
47 23 848
47 25 288
47 30 605
47 31 261
47 32 621
47 34 730
47 35 88
47 38 186
47 46 411
48 2 981
48 3 599
48 4 386
48 5 624
48 6 105
48 8 287
48 9 968
48 11 20
48 13 767
48 14 334
48 17 900
48 18 489
48 21 637
48 23 748
48 24 530
48 31 805
48 32 338
48 34 241
48 35 57
48 36 614
48 37 560
48 38 555
48 39 963
48 40 717
48 43 152
48 44 230
48 45 99
48 46 233
49 4 988
49 7 764
49 8 415
49 9 458
49 11 879
49 13 557
49 14 108
49 15 792
49 20 560
49 21 747
49 24 283
49 25 417
49 26 86
49 28 670
49 29 755
49 32 928
49 38 635
49 42 107
49 44 172
49 45 879
49 46 407
