50
3 1 689
4 2 578
4 3 55
5 4 834
6 1 788
6 2 134
6 3 280
6 4 186
7 2 897
7 4 308
7 5 439
8 2 379
8 3 764
8 4 740
8 5 809
8 6 771
8 7 955
9 2 465
9 5 182
9 7 680
9 8 27
10 2 789
10 7 144
10 8 726
10 9 509
11 1 384
11 5 968
11 6 39
11 7 426
11 9 563
12 1 292
12 5 663
12 6 357
12 9 522
13 2 712
13 4 658
13 5 123
13 6 825
13 8 476
13 11 789
13 12 209
14 4 175
14 6 899
14 10 71
14 11 986
14 13 534
15 3 467
15 6 7
15 7 284
15 8 44
15 10 822
15 13 585
15 14 914
16 1 890
16 4 130
16 5 969
16 7 583
16 8 666
16 12 202
16 13 970
17 1 886
17 5 647
17 6 106
17 12 6
17 14 863
17 15 708
17 16 688
18 1 105
18 4 146
18 8 900
18 13 609
18 14 182
18 15 15
18 16 699
18 17 370
19 1 634
19 2 249
19 3 539
19 4 340
19 8 679
19 9 179
19 10 454
19 11 520
19 12 929
19 17 633
19 18 28
20 1 489
20 4 518
20 5 849
20 6 764
20 9 863
20 11 880
20 12 230
20 13 444
20 14 552
20 16 299
21 1 502
21 4 716
21 5 422
21 6 703
21 7 210
21 10 160
21 11 201
21 14 362
21 16 815
21 17 516
21 18 870
21 19 53
21 20 719
22 4 280
22 5 985
22 7 728
22 10 872
22 14 273
22 17 326
22 20 208
22 21 210
23 1 838
23 2 123
23 7 364
23 8 379
23 9 679
23 11 382
23 12 419
23 13 467
23 14 345
23 15 437
23 16 447
23 17 272
23 19 820
23 21 909
23 22 484
24 1 648
24 3 658
24 12 4
24 14 426
24 16 296
24 17 435
24 18 430
24 21 135
24 22 676
25 1 209
25 2 554
25 3 993
25 4 33
25 6 781
25 7 677
25 10 794
25 11 690
25 12 858
25 14 319
25 15 386
25 17 449
25 20 346
25 22 192
25 24 773
26 1 702
26 2 115
26 3 682
26 4 300
26 5 585
26 6 680
26 9 851
26 11 874
26 13 21
26 17 307
26 18 438
26 19 726
26 23 832
26 24 925
27 1 949
27 2 557
27 3 319
27 4 668
27 6 995
27 7 64
27 8 465
27 9 83
27 10 240
27 11 622
27 16 488
27 17 428
27 19 625
27 22 912
27 23 565
27 24 132
27 25 633
27 26 26
28 2 502
28 4 877
28 5 80
28 6 43
28 7 144
28 8 928
28 9 649
28 10 107
28 11 36
28 12 530
28 13 272
28 16 52
28 18 670
28 19 630
28 21 626
28 23 854
28 25 73
29 1 589
29 3 147
29 5 409
29 6 885
29 7 582
29 8 413
29 9 522
29 10 998
29 11 686
29 13 262
29 14 526
29 15 326
29 16 400
29 17 866
29 18 772
29 22 312
29 24 268
29 27 64
29 28 673
30 5 523
30 6 583
30 7 85
30 8 114
30 9 855
30 11 185
30 12 209
30 14 416
30 16 473
30 18 631
30 22 606
30 23 766
30 24 399
30 26 693
30 27 993
30 28 783
30 29 315
31 2 814
31 7 391
31 10 427
31 12 807
31 14 775
31 16 287
31 20 449
31 21 102
31 24 858
31 25 187
31 26 223
31 27 68
31 28 760
31 29 959
31 30 542
32 1 840
32 2 550
32 5 224
32 7 286
32 11 291
32 13 587
32 14 647
32 15 709
32 19 192
32 21 773
32 23 66
32 27 187
32 28 426
32 29 392
32 31 805
33 2 359
33 5 792
33 6 789
33 7 770
33 10 521
33 12 70
33 13 179
33 14 761
33 17 42
33 21 872
33 22 975
33 24 279
33 27 652
33 30 686
34 1 546
34 5 92
34 6 27
34 7 546
34 9 525
34 10 147
34 11 957
34 12 589
34 13 923
34 14 889
34 16 589
34 17 449
34 24 491
34 26 211
34 28 772
34 29 328
34 30 578
34 32 98
35 2 631
35 4 619
35 5 656
35 6 79
35 14 42
35 15 411
35 16 835
35 18 805
35 19 63
35 20 127
35 21 335
35 22 110
35 25 795
35 30 813
35 31 85
35 32 984
35 33 112
35 34 196
36 1 405
36 2 713
36 3 422
36 4 547
36 5 538
36 7 281
36 8 264
36 10 179
36 12 904
36 14 699
36 22 773
36 24 572
36 28 523
36 31 118
36 33 944
37 2 285
37 4 374
37 6 7
37 7 440
37 8 650
37 12 879
37 13 718
37 14 790
37 16 973
37 17 918
37 18 121
37 20 537
37 21 550
37 25 833
37 29 510
37 30 494
37 32 288
37 34 859
37 35 125
38 1 730
38 2 715
38 3 334
38 5 877
38 6 956
38 7 663
38 9 212
38 14 670
38 16 39
38 19 501
38 24 261
38 26 372
38 27 453
38 28 627
38 29 74
38 30 409
38 32 730
38 35 321
38 36 608
38 37 229
39 2 618
39 3 802
39 4 586
39 6 503
39 8 214
39 9 920
39 11 425
39 12 763
39 13 401
39 14 760
39 15 332
39 17 431
39 18 571
39 19 296
39 20 955
39 22 815
39 26 26
39 27 700
39 28 295
39 29 648
39 30 450
39 31 652
39 32 969
39 33 803
39 35 795
40 2 93
40 5 363
40 8 199
40 9 772
40 10 359
40 13 343
40 14 832
40 15 956
40 17 806
40 19 166
40 20 735
40 21 849
40 25 353
40 27 7
40 29 90
40 30 575
40 31 110
40 33 810
40 36 831
40 37 216
40 39 230
41 1 734
41 2 946
41 3 544
41 4 413
41 5 162
41 12 784
41 13 466
41 15 250
41 17 544
41 18 251
41 19 460
41 21 700
41 23 252
41 28 883
41 29 368
41 32 194
41 39 316
42 1 884
42 3 918
42 5 600
42 8 386
42 9 365
42 11 355
42 15 822
42 17 633
42 18 791
42 21 390
42 24 697
42 25 171
42 27 924
42 28 11
42 29 483
42 31 888
42 36 294
42 38 813
42 39 305
42 40 455
42 41 394
43 1 254
43 3 457
43 5 796
43 9 617
43 13 912
43 16 46
43 17 879
43 18 151
43 19 155
43 20 764
43 23 811
43 24 642
43 26 208
43 27 220
43 28 58
43 29 416
43 30 216
43 31 439
43 33 602
43 35 517
43 36 497
43 37 981
43 38 258
43 40 882
43 42 783
44 1 701
44 2 658
44 5 848
44 6 694
44 7 778
44 11 485
44 12 480
44 13 606
44 14 556
44 15 558
44 17 1
44 18 560
44 21 507
44 23 664
44 30 118
44 32 632
44 33 16
44 37 973
44 38 29
44 43 158
45 1 651
45 3 335
45 4 983
45 5 674
45 7 367
45 8 398
45 16 282
45 21 405
45 22 367
45 25 489
45 27 561
45 30 8
45 32 767
45 33 405
45 35 878
45 36 988
45 37 398
45 38 409
45 40 898
45 41 956
45 43 40
45 44 620
46 4 871
46 5 117
46 7 302
46 8 162
46 10 594
46 12 686
46 14 67
46 17 605
46 19 788
46 20 521
46 23 76
46 24 840
46 25 435
46 26 484
46 27 178
46 28 167
46 29 31
46 30 69
46 31 207
46 32 996
46 33 398
46 34 985
46 36 848
46 37 537
46 42 673
46 43 719
46 45 917
47 1 430
47 4 257
47 9 882
47 10 293
47 11 642
47 12 540
47 13 169
47 14 542
47 17 124
47 18 850
47 19 926
47 20 972
47 21 955
47 22 908
47 23 891
47 26 264
47 27 949
47 31 606
47 36 542
47 38 683
47 41 877
47 42 342
47 43 237
47 44 197
47 45 549
47 46 631
48 1 294
48 2 123
48 3 811
48 4 430
48 6 283
48 7 511
48 9 904
48 10 557
48 13 433
48 14 796
48 15 906
48 17 685
48 18 574
48 19 907
48 20 433
48 21 72
48 24 833
48 25 885
48 26 313
48 27 965
48 29 462
48 30 902
48 32 463
48 33 912
48 36 634
48 37 610
48 38 789
48 40 70
48 42 783
48 45 190
48 46 324
49 2 885
49 5 977
49 6 577
49 7 649
49 10 120
49 11 68
49 13 45
49 14 943
49 15 967
49 19 178
49 20 818
49 23 992
49 29 361
49 33 153
49 36 972
49 37 517
49 38 107
49 41 551
49 42 860
49 43 55
49 46 380
49 47 353
49 48 88
