50
3 1 157
3 2 337
5 1 741
5 2 725
5 3 254
6 2 473
6 4 509
7 1 816
7 3 532
7 4 360
7 5 17
8 1 10
8 4 985
8 5 303
8 7 769
9 1 376
9 3 423
9 7 382
10 3 166
10 4 923
10 5 786
10 7 649
10 8 473
11 5 278
11 7 691
11 8 727
12 1 402
12 6 22
12 7 812
12 9 891
12 11 716
13 1 815
13 2 906
13 4 855
13 6 930
13 12 761
14 1 18
14 3 287
14 4 651
14 6 28
14 8 854
14 13 445
15 2 289
15 7 102
15 8 450
15 10 675
15 12 432
15 13 38
16 1 861
16 3 410
16 4 641
16 5 791
16 7 820
16 8 545
16 10 613
16 11 818
16 13 281
16 15 163
17 1 488
17 2 330
17 5 715
17 6 961
17 11 566
17 14 266
18 3 794
18 4 746
18 6 971
18 7 345
18 8 457
18 12 578
18 16 897
19 2 596
19 8 780
19 15 236
19 17 217
19 18 244
20 2 347
20 3 868
20 5 498
20 7 779
20 8 941
20 11 541
20 12 22
20 15 69
20 16 252
20 17 571
20 18 960
20 19 360
21 1 597
21 5 613
21 7 692
21 8 995
21 9 433
21 10 834
21 12 444
21 13 468
21 15 951
21 16 284
21 19 819
22 1 277
22 4 233
22 7 716
22 9 656
22 10 96
22 12 857
22 13 880
22 15 359
22 19 456
22 20 372
23 1 363
23 2 395
23 3 358
23 4 263
23 6 112
23 8 560
23 9 848
23 11 782
23 14 176
23 16 330
23 19 350
24 1 454
24 2 448
24 3 356
24 4 688
24 6 752
24 7 368
24 9 294
24 10 416
24 11 622
24 13 239
24 16 153
24 19 651
24 23 811
25 1 184
25 2 301
25 3 300
25 4 51
25 6 998
25 7 752
25 11 452
25 12 720
25 15 787
25 19 944
25 20 29
26 1 807
26 3 846
26 5 488
26 8 856
26 10 568
26 12 127
26 14 353
26 16 295
26 17 229
26 19 822
26 20 900
26 22 657
26 23 961
27 5 293
27 7 798
27 8 183
27 10 835
27 11 232
27 12 469
27 13 41
27 17 934
27 18 634
27 20 550
27 22 775
27 23 916
27 25 934
28 3 447
28 4 348
28 5 796
28 6 599
28 7 426
28 9 698
28 10 107
28 12 755
28 13 139
28 17 328
28 18 237
28 22 924
28 23 464
28 24 456
28 25 109
28 26 528
29 1 194
29 3 344
29 6 327
29 9 1
29 10 862
29 13 212
29 15 306
29 16 510
29 18 69
29 20 441
29 22 919
29 23 788
29 24 276
29 25 616
29 26 887
29 27 25
29 28 814
30 2 976
30 3 356
30 5 746
30 7 564
30 8 707
30 10 891
30 12 722
30 14 331
30 15 217
30 16 98
30 17 255
30 19 813
30 20 115
30 21 363
30 22 319
30 24 662
30 25 82
30 27 394
31 1 889
31 3 594
31 6 80
31 7 726
31 9 817
31 10 466
31 12 754
31 13 984
31 14 17
31 15 836
31 17 388
31 18 352
31 21 324
31 23 332
31 25 650
31 26 370
31 28 929
31 29 418
32 1 125
32 2 766
32 5 12
32 7 182
32 13 503
32 14 343
32 18 526
32 19 274
32 26 904
32 27 333
32 28 761
32 29 710
32 31 190
33 4 273
33 12 721
33 15 693
33 17 886
33 19 389
33 21 234
33 25 519
33 27 27
33 28 932
33 29 395
33 30 797
33 31 656
34 1 412
34 2 822
34 7 981
34 9 825
34 10 991
34 12 505
34 13 266
34 14 803
34 15 559
34 23 251
34 24 64
34 25 819
34 27 775
34 28 752
34 30 648
34 32 645
34 33 960
35 5 124
35 8 830
35 9 778
35 11 754
35 14 891
35 17 862
35 19 915
35 20 285
35 21 540
35 22 203
35 23 472
35 26 549
35 27 324
35 31 872
35 34 453
36 3 641
36 5 864
36 6 956
36 7 69
36 8 273
36 15 673
36 18 939
36 19 656
36 20 270
36 22 519
36 23 342
36 24 873
36 27 229
36 28 604
36 29 528
36 30 251
36 34 924
37 1 933
37 4 894
37 6 171
37 8 256
37 10 693
37 13 971
37 14 586
37 15 942
37 17 187
37 21 91
37 23 805
37 27 649
37 28 360
37 29 208
37 32 635
37 33 244
37 34 983
37 35 947
38 1 543
38 4 662
38 6 518
38 7 357
38 8 301
38 9 99
38 10 134
38 11 937
38 12 929
38 14 759
38 15 126
38 16 462
38 17 348
38 19 733
38 20 796
38 23 960
38 25 458
38 26 672
38 27 512
38 29 236
38 31 605
38 33 664
38 34 780
38 35 944
38 36 269
39 1 685
39 2 21
39 4 692
39 5 915
39 6 632
39 7 758
39 13 705
39 15 806
39 19 492
39 20 876
39 21 224
39 22 787
39 25 182
39 26 442
39 27 219
39 29 47
39 34 844
39 35 818
39 38 901
40 1 86
40 2 715
40 5 798
40 8 994
40 9 851
40 15 912
40 16 333
40 17 13
40 18 551
40 19 322
40 21 252
40 22 987
40 24 925
40 26 64
40 28 379
40 29 715
40 31 257
40 32 967
40 33 130
40 35 81
40 36 222
41 2 614
41 3 919
41 4 675
41 8 572
41 10 393
41 12 785
41 13 263
41 14 647
41 17 232
41 22 113
41 26 624
41 27 682
41 29 674
41 30 451
41 31 414
41 33 503
41 35 175
41 36 712
41 37 492
41 39 420
42 1 730
42 5 520
42 6 314
42 8 235
42 10 123
42 12 579
42 14 167
42 15 573
42 16 227
42 18 239
42 20 960
42 23 91
42 24 852
42 25 448
42 27 903
42 28 441
42 30 563
42 32 890
42 34 603
42 35 287
42 36 318
42 38 94
42 41 963
43 1 864
43 2 56
43 9 528
43 12 501
43 14 102
43 16 226
43 20 28
43 22 684
43 28 206
43 29 501
43 30 96
43 31 432
43 32 604
43 34 131
43 36 350
43 39 199
43 42 657
44 5 246
44 8 109
44 10 343
44 11 375
44 13 40
44 14 248
44 15 787
44 16 249
44 17 581
44 18 606
44 25 839
44 26 8
44 28 668
44 30 710
44 31 463
44 33 488
44 35 924
44 36 174
44 38 385
44 40 401
44 41 567
44 42 250
44 43 575
45 1 1000
45 2 812
45 3 955
45 4 281
45 6 190
45 7 691
45 12 156
45 13 72
45 14 863
45 17 560
45 18 515
45 20 727
45 21 973
45 22 511
45 24 138
45 25 109
45 26 507
45 27 733
45 32 502
45 35 160
45 37 83
45 39 602
45 41 79
46 1 627
46 2 758
46 5 526
46 7 750
46 8 723
46 13 318
46 16 890
46 17 357
46 19 433
46 20 529
46 21 232
46 22 946
46 23 654
46 28 295
46 31 550
46 32 928
46 33 901
46 35 14
46 36 506
46 40 858
46 43 997
46 44 201
46 45 275
47 1 413
47 3 657
47 4 591
47 8 941
47 9 348
47 10 828
47 13 576
47 14 839
47 15 795
47 16 241
47 20 967
47 21 639
47 22 792
47 23 673
47 26 507
47 29 578
47 32 241
47 34 60
47 36 1000
47 37 757
47 38 310
47 39 896
47 41 441
47 43 222
47 44 476
47 45 136
48 3 149
48 5 380
48 9 915
48 11 768
48 14 545
48 15 748
48 18 911
48 19 502
48 21 391
48 23 401
48 26 712
48 28 173
48 33 318
48 34 593
48 35 738
48 36 963
48 37 238
48 38 320
48 39 708
48 41 374
48 42 796
48 45 745
48 47 653
49 2 217
49 3 187
49 5 412
49 6 671
49 9 195
49 10 797
49 12 946
49 13 648
49 15 148
49 16 985
49 18 537
49 20 949
49 30 609
49 33 59
49 37 315
49 38 88
49 39 910
49 45 165
49 46 129
