50
2 1 699
3 2 788
4 1 537
5 4 216
6 2 891
6 3 336
7 1 410
7 3 127
7 4 449
8 2 758
8 4 410
8 6 516
8 7 167
9 4 433
9 8 441
10 3 896
10 4 236
10 5 286
10 8 922
11 3 808
11 5 261
11 9 396
12 4 78
12 5 846
12 6 626
12 7 277
12 9 276
13 1 218
13 2 449
13 4 749
13 6 445
13 7 981
13 8 98
13 9 588
13 10 856
14 1 147
14 2 751
14 3 478
14 5 961
14 6 887
14 7 292
14 10 498
14 11 873
14 12 632
14 13 881
15 1 591
15 3 291
15 5 407
15 10 909
15 14 998
16 1 628
16 4 526
16 5 716
16 9 534
16 11 970
17 1 776
17 2 678
17 4 455
17 8 416
17 10 917
17 11 106
17 12 234
17 13 998
17 14 849
17 15 203
18 4 378
18 6 410
18 8 579
18 9 796
18 16 920
19 5 62
19 9 103
19 10 449
19 12 408
19 13 273
19 15 336
19 16 433
20 4 884
20 6 411
20 8 508
20 10 194
20 11 140
20 13 524
20 15 294
20 19 663
21 2 686
21 3 240
21 6 392
21 7 646
21 8 107
21 9 330
21 10 742
21 11 79
21 15 966
21 18 288
21 19 427
22 3 271
22 5 296
22 6 821
22 7 911
22 8 681
22 9 268
22 10 583
22 11 157
22 14 40
22 16 242
22 17 378
22 18 120
23 1 336
23 2 454
23 3 656
23 4 553
23 7 418
23 8 718
23 9 763
23 10 27
23 11 877
23 13 199
23 14 303
23 18 643
23 19 944
23 20 349
23 21 305
24 2 927
24 3 297
24 5 706
24 8 561
24 9 765
24 10 135
24 11 132
24 12 330
24 14 763
24 15 522
24 16 266
24 17 753
24 18 217
24 23 689
25 2 688
25 3 66
25 4 549
25 5 735
25 8 485
25 9 484
25 12 643
25 15 913
25 18 370
25 19 525
25 22 579
25 23 522
25 24 491
26 1 653
26 2 899
26 4 661
26 8 149
26 9 838
26 10 736
26 11 717
26 13 54
26 14 893
26 19 212
26 22 114
26 23 796
26 24 938
27 1 976
27 3 556
27 5 567
27 7 102
27 8 377
27 13 379
27 14 107
27 15 801
27 16 541
27 17 212
27 22 989
27 24 731
27 25 267
28 1 505
28 2 94
28 3 999
28 10 577
28 12 355
28 16 478
28 18 102
28 20 536
28 27 972
29 1 820
29 6 477
29 7 707
29 8 815
29 13 466
29 14 714
29 16 909
29 17 196
29 18 979
29 20 69
29 23 89
29 25 21
29 27 933
30 1 95
30 2 982
30 3 660
30 6 461
30 7 996
30 9 543
30 10 611
30 12 562
30 13 583
30 14 637
30 15 39
30 17 143
30 18 997
30 19 79
30 21 735
30 22 500
30 23 191
30 24 280
30 26 902
30 27 203
30 28 41
31 3 208
31 7 299
31 8 930
31 10 77
31 14 992
31 15 193
31 18 846
31 19 731
31 21 168
31 22 864
31 23 850
31 24 407
31 28 1
31 30 684
32 1 486
32 3 672
32 4 232
32 8 844
32 9 648
32 10 376
32 12 210
32 14 589
32 15 743
32 16 974
32 17 390
32 18 619
32 22 595
32 24 174
32 25 716
32 27 126
32 29 548
32 31 91
33 1 513
33 2 561
33 5 909
33 7 49
33 9 646
33 10 706
33 11 219
33 14 746
33 15 953
33 17 380
33 18 70
33 19 770
33 21 544
33 22 209
33 23 762
33 25 652
33 27 997
33 28 246
33 30 136
34 2 585
34 4 357
34 5 924
34 6 390
34 10 255
34 11 743
34 16 151
34 19 185
34 20 822
34 22 626
34 23 145
34 25 337
34 29 196
34 30 772
34 31 638
34 32 253
34 33 627
35 1 298
35 2 871
35 3 832
35 4 208
35 6 938
35 7 318
35 8 272
35 9 252
35 10 391
35 12 3
35 16 703
35 19 312
35 20 255
35 26 405
35 29 733
35 33 790
36 3 804
36 6 405
36 8 925
36 12 554
36 13 538
36 14 356
36 19 732
36 23 605
36 24 516
36 25 592
36 27 402
36 29 444
36 30 735
36 31 843
36 32 813
36 33 59
36 35 701
37 2 753
37 3 162
37 6 877
37 7 270
37 8 618
37 10 694
37 11 797
37 14 968
37 21 74
37 23 582
37 24 764
37 26 677
37 27 304
37 29 462
37 31 43
37 32 647
37 33 828
38 3 395
38 4 369
38 5 556
38 9 842
38 10 146
38 11 889
38 12 806
38 14 20
38 15 223
38 16 21
38 17 977
38 20 422
38 24 921
38 26 222
38 27 863
38 28 741
38 30 322
38 32 164
38 33 338
38 35 433
38 36 989
38 37 990
39 5 636
39 6 47
39 7 512
39 12 568
39 13 927
39 16 416
39 18 740
39 22 692
39 23 125
39 24 221
39 25 828
39 27 756
39 32 424
39 34 389
39 35 691
39 36 427
39 38 516
40 1 800
40 3 556
40 4 92
40 5 316
40 6 977
40 7 148
40 9 547
40 11 21
40 13 975
40 16 444
40 17 170
40 18 397
40 20 298
40 22 70
40 24 603
40 25 483
40 26 84
40 30 563
40 31 828
40 33 327
40 34 194
40 38 209
40 39 413
41 1 641
41 2 846
41 3 797
41 4 203
41 5 383
41 6 643
41 7 841
41 9 207
41 12 294
41 13 95
41 17 40
41 18 463
41 19 823
41 21 219
41 22 708
41 23 377
41 25 633
41 30 481
41 31 56
41 32 845
41 34 533
41 35 6
41 40 111
42 1 621
42 2 414
42 4 826
42 7 697
42 8 778
42 9 32
42 10 734
42 11 673
42 14 92
42 16 39
42 17 366
42 20 714
42 23 191
42 25 351
42 26 155
42 27 439
42 30 782
42 31 462
42 33 223
42 34 249
42 35 178
42 36 823
42 39 592
42 40 54
42 41 800
43 4 463
43 5 810
43 6 909
43 7 36
43 8 779
43 12 37
43 13 265
43 14 755
43 18 697
43 19 271
43 20 63
43 22 604
43 25 725
43 26 526
43 28 294
43 29 964
43 33 152
43 35 254
43 36 187
43 39 505
44 1 54
44 3 213
44 4 751
44 6 783
44 7 121
44 8 923
44 11 535
44 12 598
44 13 886
44 14 729
44 16 967
44 17 870
44 18 932
44 24 344
44 25 339
44 26 715
44 30 629
44 32 808
44 33 816
44 34 793
44 35 576
44 36 67
44 39 825
44 40 601
45 3 548
45 6 760
45 8 190
45 9 493
45 11 806
45 12 93
45 14 235
45 15 849
45 23 910
45 24 518
45 26 409
45 29 712
45 30 528
45 32 462
45 33 118
45 39 26
45 41 214
45 42 28
45 44 113
46 1 329
46 6 340
46 7 317
46 8 805
46 9 870
46 12 74
46 13 974
46 14 380
46 15 121
46 18 921
46 19 159
46 23 136
46 24 117
46 27 968
46 28 584
46 29 809
46 32 50
46 33 940
46 36 38
46 38 627
46 40 971
46 43 447
46 44 79
47 1 698
47 2 263
47 3 112
47 6 131
47 7 674
47 11 430
47 12 9
47 14 334
47 15 273
47 16 232
47 17 680
47 19 176
47 22 350
47 24 747
47 25 144
47 26 393
47 30 469
47 34 354
47 37 393
47 38 827
47 40 982
47 44 866
48 6 821
48 8 372
48 9 959
48 11 226
48 14 419
48 16 562
48 18 614
48 22 310
48 23 426
48 24 456
48 25 528
48 28 824
48 30 998
48 32 362
48 33 863
48 35 108
48 36 108
48 38 116
48 39 780
48 40 196
48 41 458
48 42 687
48 43 482
48 44 478
48 46 418
49 2 543
49 3 233
49 6 461
49 7 393
49 11 590
49 13 495
49 16 917
49 17 829
49 18 728
49 24 13
49 25 370
49 30 98
49 32 258
49 33 13
49 35 10
49 38 293
49 40 928
49 43 331
49 44 712
49 45 896
