25
3 1 457
4 1 435
4 3 290
5 1 538
5 3 247
5 4 72
6 1 115
6 2 46
6 3 56
6 5 396
7 3 101
7 5 894
8 2 275
8 4 262
9 1 300
9 3 648
9 5 488
9 7 296
9 8 720
10 3 624
10 5 655
10 6 921
10 7 81
10 8 512
10 9 880
11 2 92
11 4 38
11 6 5
11 7 355
11 8 439
11 9 902
12 1 560
12 2 332
12 3 113
12 6 825
12 7 847
12 8 543
13 2 996
13 3 280
13 8 519
13 9 323
13 11 424
13 12 269
14 1 203
14 2 255
14 6 182
14 12 552
14 13 156
15 2 252
15 3 471
15 4 503
15 5 418
15 9 918
15 11 680
15 12 4
16 2 494
16 3 61
16 4 167
16 5 144
16 7 558
16 8 885
16 9 960
16 11 258
17 1 703
17 3 35
17 4 644
17 7 897
17 9 997
17 11 210
17 15 851
18 4 369
18 9 363
18 10 846
18 14 395
18 15 268
18 16 412
18 17 82
19 3 393
19 4 502
19 6 316
19 8 37
19 9 241
19 11 623
19 12 30
19 13 971
19 14 879
19 15 760
19 16 835
19 17 219
20 2 914
20 3 765
20 4 313
20 6 163
20 11 461
20 16 521
20 17 869
20 18 581
20 19 396
21 2 710
21 3 976
21 5 335
21 7 687
21 9 127
21 10 700
21 12 34
21 17 633
21 19 516
21 20 809
22 1 447
22 3 304
22 6 641
22 8 118
22 10 108
22 13 175
22 19 133
22 20 878
23 1 881
23 2 815
23 4 854
23 5 382
23 8 354
23 10 238
23 11 908
23 16 85
23 18 156
23 20 217
24 1 691
24 3 34
24 7 968
24 9 604
24 10 280
24 12 613
24 16 869
24 17 279
24 19 294
24 20 226
