25
3 1 720
3 2 65
4 2 472
5 1 888
5 2 487
5 3 885
5 4 483
6 2 504
6 5 336
7 1 687
7 2 423
7 6 949
8 1 59
8 3 306
8 7 823
9 1 147
9 4 634
10 1 619
10 2 195
10 3 97
10 4 991
10 5 974
10 6 793
10 8 89
10 9 819
11 1 758
11 5 663
11 6 775
12 2 438
12 3 424
12 5 457
12 9 81
12 11 163
13 2 153
13 5 705
13 7 502
13 8 383
13 11 536
13 12 693
14 1 859
14 2 710
14 3 144
14 6 762
14 8 657
14 10 697
15 2 194
15 3 754
15 6 302
15 11 447
15 13 80
15 14 775
16 1 87
16 5 293
16 6 578
16 7 504
16 8 627
16 10 733
16 12 946
16 14 947
17 3 917
17 6 979
17 7 125
17 8 478
17 9 804
17 10 850
17 12 441
17 13 672
17 14 224
17 15 895
18 1 434
18 2 303
18 5 476
18 7 473
18 9 592
18 12 658
18 13 854
18 17 541
19 1 307
19 3 329
19 4 97
19 6 74
19 8 149
19 12 686
19 13 676
19 16 653
19 17 918
20 1 696
20 3 152
20 4 899
20 8 482
20 11 944
20 12 671
20 13 208
20 19 569
21 1 502
21 4 313
21 5 907
21 8 426
21 10 910
21 11 707
21 13 870
21 14 383
21 16 510
21 18 633
21 19 248
21 20 851
22 1 395
22 2 119
22 4 795
22 6 59
22 8 250
22 12 351
22 13 187
22 15 328
22 20 955
22 21 407
23 1 837
23 2 39
23 4 637
23 6 643
23 7 647
23 8 302
23 9 88
23 14 840
23 16 617
23 17 504
23 18 506
23 19 503
23 21 919
23 22 774
24 1 911
24 5 877
24 7 406
24 8 138
24 10 167
24 11 19
24 18 118
24 20 8
24 22 969
24 23 859
