25
3 2 16
4 3 503
5 2 90
6 1 981
6 3 459
6 4 44
6 5 861
8 5 844
8 7 396
9 2 273
9 5 387
9 6 781
10 4 480
10 9 960
11 1 54
11 2 750
11 3 617
11 4 165
11 6 309
11 8 909
11 10 546
12 2 209
12 3 882
12 5 424
12 6 289
12 7 135
12 8 561
12 9 793
12 11 430
13 4 453
13 5 408
13 8 135
13 9 288
13 12 555
14 2 521
14 7 729
14 12 125
14 13 295
15 3 405
15 5 277
15 8 97
15 9 718
15 10 308
15 11 87
16 3 517
16 4 753
16 6 372
16 7 833
16 10 495
16 12 996
16 13 83
17 2 663
17 3 492
17 6 134
17 7 464
17 8 766
17 10 109
17 12 6
17 15 386
18 3 260
18 4 653
18 6 733
18 7 297
18 8 883
18 10 543
18 12 151
18 13 520
18 14 524
18 16 162
18 17 384
19 1 224
19 2 656
19 4 224
19 8 882
19 12 350
19 15 183
19 17 126
20 2 812
20 5 966
20 6 550
20 8 769
20 9 263
20 10 273
20 11 531
20 12 609
20 13 916
20 14 460
20 15 794
20 16 431
20 17 229
20 19 559
21 2 947
21 3 865
21 5 270
21 7 869
21 8 197
21 9 868
21 10 441
21 12 393
21 14 327
21 15 700
21 20 688
22 2 485
22 4 408
22 9 706
22 12 921
22 15 94
22 16 333
23 3 365
23 4 360
23 8 374
23 10 201
23 11 360
23 12 687
23 13 414
23 15 184
23 19 666
23 20 568
23 22 735
24 2 240
24 3 953
24 4 672
24 5 944
24 8 909
24 12 722
24 15 589
24 17 905
24 21 196
24 22 260
24 23 190
