25
2 1 405
5 4 285
6 4 288
7 1 647
7 3 942
7 4 940
7 5 469
7 6 837
8 2 70
8 5 125
8 6 800
9 1 995
9 5 514
9 7 349
9 8 927
10 1 254
10 6 290
10 7 893
10 8 682
10 9 464
11 2 335
11 4 925
11 7 403
11 8 419
11 9 827
12 2 108
12 5 638
12 9 468
12 10 694
13 1 911
13 2 197
13 3 208
13 5 971
13 6 511
13 7 769
13 10 23
13 12 321
14 2 490
14 5 753
14 6 957
14 8 68
15 3 1000
15 4 448
15 5 98
15 7 939
15 9 678
15 11 40
15 12 135
15 14 585
16 2 163
16 3 324
16 4 460
16 7 324
16 11 587
16 13 172
16 14 734
16 15 621
17 1 917
17 2 831
17 4 687
17 5 69
17 7 41
17 13 740
17 14 571
17 15 409
17 16 183
18 3 395
18 4 522
18 6 427
18 8 857
18 9 751
18 10 60
18 11 309
18 13 330
18 14 979
18 15 134
19 1 344
19 2 801
19 5 658
19 6 518
19 10 689
19 12 119
19 14 888
20 4 329
20 8 506
20 9 380
20 11 197
20 13 61
20 16 688
20 17 244
20 18 477
20 19 288
21 1 784
21 5 225
21 10 815
21 11 735
21 16 50
21 17 992
21 18 832
22 2 971
22 6 255
22 8 838
22 10 111
22 11 134
22 15 424
22 17 684
22 18 465
22 19 623
22 20 321
22 21 496
23 1 271
23 2 34
23 3 908
23 4 661
23 6 547
23 7 532
23 8 719
23 9 440
23 14 136
23 22 749
24 3 78
24 6 416
24 8 302
24 9 102
24 10 220
24 15 771
24 20 849
24 21 426
24 22 34
