25
2 1 566
3 1 683
4 2 227
5 2 289
5 4 937
6 2 913
6 3 741
6 4 842
6 5 681
7 1 802
7 2 937
7 3 673
7 4 168
7 5 29
8 2 783
8 3 115
8 4 627
8 7 415
9 1 357
9 3 608
9 4 103
9 5 114
10 1 443
10 4 39
10 7 557
10 8 355
10 9 765
11 2 391
11 3 518
11 5 180
11 7 975
11 8 674
11 10 588
12 3 525
12 4 390
12 5 404
12 6 966
12 11 188
13 2 420
13 6 504
13 7 74
14 3 587
14 4 483
14 6 741
14 7 655
14 9 856
14 10 369
14 11 429
15 1 321
15 3 426
15 5 350
15 6 566
15 7 420
15 10 357
15 11 749
15 12 39
15 13 81
16 1 107
16 5 552
16 6 202
16 9 632
16 10 720
16 11 507
16 13 733
16 15 497
17 1 227
17 2 894
17 3 865
17 4 776
17 5 990
17 6 844
17 8 999
17 9 614
17 14 249
17 15 374
18 6 444
18 9 684
18 11 237
18 12 178
18 13 593
18 17 251
19 1 940
19 4 424
19 6 688
19 7 783
19 8 432
19 10 744
19 11 509
19 12 460
19 14 16
19 18 624
20 3 590
20 7 992
20 8 250
20 10 714
20 12 952
20 15 712
20 16 608
20 17 350
20 18 710
20 19 189
21 1 391
21 3 358
21 5 378
21 8 441
21 9 671
21 12 449
21 13 375
21 18 217
21 19 232
22 2 785
22 5 566
22 6 8
22 11 574
22 15 292
22 18 531
22 21 326
23 3 284
23 4 991
23 5 904
23 6 696
23 7 757
23 9 399
23 10 381
23 11 524
23 12 798
23 13 585
23 16 303
23 19 147
23 20 543
23 22 141
24 4 534
24 5 46
24 13 514
24 14 791
24 17 581
24 19 860
24 21 906
24 22 622
24 23 410
