100
4 1 788
4 2 578
5 4 636
6 3 582
6 4 468
7 2 513
8 1 938
8 5 7
8 7 93
9 4 95
9 6 461
9 7 347
9 8 671
10 1 335
10 3 5
10 4 463
10 6 268
10 9 946
11 1 913
11 2 836
11 3 892
11 6 839
11 8 106
12 2 481
12 3 799
12 4 220
12 6 36
12 7 309
13 1 895
13 3 659
13 4 600
13 7 546
13 8 354
13 9 406
13 10 732
14 5 705
14 6 13
14 7 279
14 8 99
14 9 366
14 11 799
15 2 388
15 3 806
15 5 581
15 9 707
15 10 548
15 12 176
15 13 456
15 14 211
16 3 24
16 6 493
16 7 840
16 8 842
16 9 881
16 10 303
16 12 312
16 14 815
17 2 964
17 3 491
17 4 142
17 5 777
17 7 761
17 10 852
17 12 712
17 16 761
18 3 560
18 4 40
18 5 730
18 6 573
18 7 862
18 16 340
19 1 774
19 2 115
19 4 202
19 7 402
19 8 152
19 9 616
19 10 349
19 11 384
19 12 667
19 14 818
19 15 694
19 18 888
20 3 861
20 6 445
20 7 98
20 12 794
20 13 908
20 14 454
20 15 650
20 16 698
20 17 918
20 19 477
21 2 272
21 5 852
21 6 178
21 9 626
21 11 906
21 12 492
21 14 484
21 15 361
21 16 27
22 1 150
22 2 516
22 3 947
22 6 315
22 7 781
22 9 433
22 10 711
22 11 776
22 12 43
22 14 388
22 15 726
22 20 666
22 21 244
23 9 957
23 10 288
23 11 212
23 13 104
23 15 409
23 17 220
23 18 352
23 20 995
23 21 433
24 3 794
24 4 949
24 5 221
24 7 328
24 8 422
24 9 189
24 14 183
24 16 41
24 17 842
24 18 900
24 20 166
24 21 586
24 22 530
25 1 492
25 2 46
25 3 538
25 12 608
25 14 306
25 15 819
25 18 232
25 19 154
25 20 495
25 21 618
25 22 380
25 23 490
26 2 492
26 3 638
26 4 902
26 5 173
26 8 244
26 9 666
26 10 731
26 14 979
26 15 378
26 19 168
26 20 58
26 21 755
26 23 812
26 25 321
27 2 237
27 6 877
27 7 773
27 8 613
27 12 923
27 14 247
27 15 720
27 17 790
27 18 974
27 20 120
27 22 664
27 24 12
27 25 295
27 26 954
28 1 814
28 2 599
28 3 627
28 4 286
28 5 463
28 6 395
28 7 819
28 9 583
28 10 101
28 12 738
28 16 790
28 17 780
28 18 27
28 20 435
28 21 209
28 24 123
28 26 591
28 27 245
29 3 514
29 6 486
29 11 509
29 13 325
29 14 232
29 19 123
29 21 872
29 26 974
30 2 47
30 4 182
30 5 762
30 6 832
30 10 69
30 11 416
30 13 258
30 15 977
30 16 907
30 17 998
30 18 949
30 22 528
30 23 312
30 26 90
30 27 208
30 29 103
31 1 390
31 3 478
31 4 221
31 5 544
31 7 697
31 14 889
31 15 30
31 16 15
31 19 840
31 24 853
31 27 844
31 28 329
31 29 901
31 30 581
32 1 131
32 2 848
32 3 884
32 5 255
32 7 930
32 8 557
32 14 187
32 18 110
32 20 935
32 21 530
32 23 68
32 24 768
32 28 457
33 1 897
33 2 404
33 3 800
33 4 802
33 6 42
33 9 187
33 11 130
33 16 64
33 19 977
33 22 755
33 25 727
33 26 477
33 28 216
33 31 223
33 32 106
34 2 462
34 3 72
34 8 184
34 10 967
34 13 477
34 14 832
34 15 457
34 17 214
34 19 124
34 20 637
34 21 523
34 23 422
34 27 686
34 28 412
34 31 493
35 1 92
35 5 258
35 6 986
35 8 894
35 9 121
35 19 132
35 21 764
35 27 260
35 28 251
35 30 607
35 32 720
35 33 141
36 3 600
36 5 114
36 6 846
36 10 807
36 11 718
36 14 364
36 16 570
36 17 988
36 18 159
36 19 304
36 20 285
36 21 846
36 27 364
36 28 531
36 30 457
36 31 882
36 33 821
37 1 158
37 4 609
37 7 579
37 9 107
37 12 64
37 13 367
37 15 425
37 17 756
37 18 117
37 19 812
37 20 137
37 22 430
37 23 34
37 27 325
37 28 248
37 29 980
37 31 301
37 32 128
37 33 446
37 34 822
38 1 210
38 3 136
38 4 294
38 8 449
38 10 202
38 12 532
38 15 241
38 18 982
38 21 852
38 22 913
38 24 709
38 25 716
38 28 733
38 29 109
38 30 156
38 33 868
38 34 585
38 36 307
38 37 293
39 1 990
39 4 350
39 14 1
39 15 967
39 16 851
39 18 532
39 19 899
39 21 742
39 24 654
39 28 978
39 29 338
39 30 256
39 34 75
39 37 935
39 38 575
40 1 527
40 5 483
40 7 113
40 8 693
40 9 45
40 10 515
40 13 16
40 14 659
40 15 1
40 17 121
40 20 206
40 21 548
40 22 328
40 23 454
40 25 277
40 28 329
40 34 691
40 38 754
40 39 164
41 2 605
41 3 782
41 5 996
41 7 398
41 8 325
41 9 700
41 10 406
41 13 436
41 15 614
41 16 455
41 17 418
41 18 315
41 19 731
41 20 893
41 21 306
41 22 292
41 25 155
41 27 864
41 32 822
41 34 930
41 35 701
41 37 96
42 1 894
42 3 450
42 4 722
42 7 483
42 8 620
42 14 803
42 19 631
42 22 263
42 23 441
42 26 268
42 29 866
42 32 611
42 33 895
42 37 821
42 38 672
42 40 423
43 1 486
43 3 767
43 4 336
43 7 164
43 11 358
43 12 95
43 13 301
43 15 229
43 16 128
43 17 821
43 20 917
43 21 768
43 22 102
43 24 181
43 27 258
43 28 149
43 29 167
43 36 353
43 37 854
43 38 154
43 39 589
43 41 348
44 2 995
44 3 187
44 4 508
44 6 155
44 7 602
44 10 833
44 12 453
44 20 955
44 27 773
44 28 640
44 30 752
44 31 319
44 33 381
44 34 106
44 35 815
44 37 763
44 38 686
44 41 352
44 43 811
45 2 167
45 5 135
45 8 67
45 10 150
45 12 948
45 13 148
45 15 543
45 17 271
45 18 224
45 19 921
45 21 915
45 25 225
45 27 684
45 28 629
45 29 159
45 30 575
45 33 321
45 34 953
45 38 414
45 39 974
45 41 274
45 42 840
45 44 348
46 2 925
46 3 814
46 4 522
46 6 917
46 7 69
46 8 206
46 11 740
46 12 679
46 15 488
46 16 402
46 17 654
46 20 129
46 21 790
46 22 139
46 24 752
46 25 993
46 27 238
46 28 547
46 32 348
46 34 271
46 35 616
46 36 981
46 38 93
46 40 298
46 42 792
46 43 631
47 4 702
47 7 479
47 10 882
47 11 922
47 14 643
47 17 951
47 18 670
47 19 433
47 20 845
47 22 145
47 25 682
47 26 763
47 28 428
47 33 414
47 34 944
47 37 716
47 39 991
47 41 234
47 42 768
47 43 390
47 45 548
48 4 995
48 5 400
48 6 921
48 7 33
48 8 144
48 11 375
48 13 188
48 15 311
48 16 223
48 17 818
48 19 487
48 21 840
48 24 186
48 27 542
48 29 742
48 30 697
48 33 608
48 34 452
48 36 128
48 37 135
48 39 879
48 40 713
48 42 926
48 43 7
48 46 443
49 3 21
49 4 423
49 5 838
49 6 536
49 8 177
49 9 290
49 11 506
49 14 746
49 17 850
49 23 448
49 25 432
49 26 166
49 30 18
49 33 701
49 34 332
49 36 761
49 37 52
49 38 73
49 39 116
49 40 559
49 42 371
49 44 503
49 46 781
49 47 224
50 1 852
50 2 410
50 5 621
50 6 105
50 7 387
50 8 552
50 10 878
50 11 86
50 14 479
50 15 189
50 17 468
50 18 221
50 20 947
50 21 42
50 22 441
50 23 935
50 24 716
50 27 442
50 30 718
50 31 579
50 32 79
50 33 453
50 35 864
50 42 608
50 43 209
50 45 641
50 47 869
50 48 404
51 1 516
51 3 986
51 4 844
51 6 427
51 8 385
51 10 366
51 11 330
51 13 143
51 14 666
51 19 175
51 20 503
51 22 125
51 26 371
51 27 498
51 28 552
51 30 590
51 31 852
51 32 94
51 35 499
51 37 755
51 40 505
51 43 380
51 45 59
51 47 16
51 50 764
52 3 733
52 6 683
52 9 911
52 10 575
52 13 621
52 14 969
52 18 918
52 19 723
52 20 412
52 25 264
52 27 788
52 29 432
52 32 976
52 34 516
52 35 726
52 36 506
52 37 186
52 38 57
52 41 346
52 42 988
52 47 747
52 49 276
52 50 806
53 3 418
53 5 892
53 6 178
53 7 653
53 8 596
53 9 445
53 14 557
53 16 658
53 18 576
53 20 599
53 21 69
53 22 692
53 26 230
53 27 665
53 29 168
53 30 833
53 34 297
53 35 557
53 36 939
53 37 511
53 41 528
53 43 404
53 46 304
53 48 793
53 50 884
54 4 629
54 5 675
54 8 122
54 13 727
54 16 227
54 17 70
54 18 311
54 20 442
54 21 424
54 22 139
54 23 116
54 26 879
54 29 578
54 31 689
54 33 960
54 35 474
54 41 321
54 47 83
54 48 856
54 49 390
54 50 81
54 53 510
55 2 499
55 4 705
55 5 882
55 6 569
55 7 159
55 9 454
55 14 692
55 17 352
55 18 867
55 20 39
55 22 597
55 24 835
55 26 741
55 28 52
55 29 712
55 33 289
55 34 569
55 35 268
55 39 238
55 40 196
55 42 504
55 44 441
55 45 289
55 47 134
55 48 903
55 53 696
56 1 251
56 2 65
56 3 928
56 4 869
56 6 952
56 10 570
56 20 418
56 21 762
56 22 946
56 23 955
56 26 53
56 29 663
56 30 31
56 31 547
56 33 73
56 34 41
56 35 735
56 36 110
56 37 513
56 39 715
56 42 709
56 43 934
56 44 722
56 45 447
56 46 101
56 47 839
56 48 641
56 49 363
56 53 323
56 55 966
57 2 541
57 3 140
57 4 214
57 6 158
57 7 43
57 9 243
57 11 766
57 12 683
57 16 35
57 19 132
57 20 510
57 21 474
57 24 184
57 25 92
57 27 772
57 28 19
57 29 667
57 30 491
57 31 961
57 33 641
57 34 66
57 35 539
57 38 877
57 39 28
57 40 483
57 44 349
57 47 989
57 49 50
57 50 493
57 52 963
58 1 456
58 2 190
58 3 810
58 6 840
58 8 203
58 10 666
58 11 516
58 13 65
58 15 957
58 18 172
58 23 188
58 24 384
58 26 880
58 27 177
58 28 819
58 31 668
58 32 396
58 33 257
58 34 163
58 35 741
58 36 402
58 38 323
58 44 662
58 45 259
58 50 393
58 53 627
58 56 614
59 1 339
59 3 861
59 7 914
59 8 995
59 9 73
59 11 717
59 12 259
59 13 823
59 14 647
59 17 779
59 18 358
59 19 308
59 26 187
59 27 968
59 28 838
59 29 454
59 30 67
59 31 72
59 32 796
59 40 817
59 41 478
59 45 991
59 46 214
59 47 243
59 48 758
59 49 511
59 55 820
59 56 521
59 57 53
60 1 7
60 3 461
60 5 873
60 8 194
60 9 560
60 14 785
60 15 56
60 16 823
60 19 344
60 22 246
60 23 722
60 27 241
60 28 648
60 30 915
60 32 15
60 33 464
60 34 252
60 35 224
60 42 534
60 45 596
60 46 59
60 47 756
60 49 744
60 51 174
60 53 556
60 55 79
60 56 286
60 58 45
60 59 703
61 1 684
61 3 646
61 14 646
61 15 287
61 17 102
61 19 425
61 21 728
61 22 213
61 24 708
61 28 590
61 29 878
61 30 404
61 32 80
61 33 77
61 38 405
61 40 901
61 43 242
61 46 366
61 48 215
61 49 410
61 50 36
61 51 493
61 52 574
61 56 419
61 58 901
62 2 530
62 4 214
62 5 625
62 9 143
62 10 558
62 12 199
62 14 387
62 15 229
62 16 184
62 17 113
62 19 855
62 20 858
62 24 406
62 27 16
62 31 355
62 32 292
62 33 961
62 34 271
62 37 719
62 38 117
62 41 666
62 42 718
62 44 938
62 46 276
62 49 437
62 51 501
62 57 920
62 58 442
62 61 770
63 1 103
63 2 52
63 8 677
63 10 70
63 13 767
63 16 190
63 17 170
63 19 4
63 22 769
63 25 293
63 26 754
63 28 670
63 30 298
63 32 619
63 33 447
63 34 882
63 37 569
63 38 84
63 39 654
63 41 979
63 42 809
63 44 153
63 45 813
63 48 54
63 51 637
63 54 974
63 55 628
63 56 75
63 58 734
63 59 222
63 62 450
64 1 78
64 2 565
64 3 992
64 6 174
64 7 936
64 10 733
64 16 505
64 17 228
64 20 594
64 24 523
64 25 242
64 27 246
64 28 670
64 38 669
64 42 61
64 48 11
64 49 131
64 51 559
64 52 369
64 56 967
64 58 942
64 59 143
64 60 904
64 61 376
64 62 403
64 63 746
65 2 506
65 3 599
65 5 502
65 10 486
65 12 990
65 13 159
65 15 764
65 18 172
65 19 50
65 20 350
65 26 158
65 29 703
65 30 940
65 31 400
65 33 571
65 34 704
65 37 156
65 39 205
65 40 147
65 43 107
65 49 12
65 51 275
65 53 276
65 56 341
65 61 359
66 1 797
66 2 348
66 6 405
66 7 965
66 8 858
66 9 89
66 10 541
66 15 27
66 26 462
66 27 691
66 28 342
66 33 802
66 35 570
66 41 441
66 44 913
66 45 717
66 46 516
66 48 122
66 49 440
66 52 771
66 53 805
66 55 736
66 56 217
66 57 983
66 60 838
66 61 277
66 64 961
67 2 850
67 3 523
67 4 787
67 11 53
67 13 905
67 16 234
67 18 721
67 19 800
67 20 624
67 22 203
67 24 384
67 26 43
67 27 571
67 30 178
67 31 167
67 32 492
67 33 838
67 35 111
67 36 316
67 37 393
67 38 771
67 40 531
67 42 485
67 44 784
67 46 594
67 47 278
67 51 276
67 53 570
67 55 145
67 56 870
67 58 935
67 62 460
67 64 889
67 65 552
67 66 790
68 1 822
68 3 499
68 6 129
68 7 413
68 13 592
68 14 557
68 20 80
68 21 938
68 22 214
68 23 328
68 24 788
68 25 281
68 26 761
68 27 56
68 28 431
68 30 112
68 31 842
68 32 121
68 33 887
68 39 842
68 40 598
68 41 401
68 45 254
68 47 824
68 48 361
68 49 719
68 50 371
68 51 1
68 52 271
68 54 517
68 57 791
68 58 612
68 59 530
68 60 19
68 61 878
68 63 600
68 64 938
68 65 743
68 66 926
68 67 653
69 2 296
69 4 820
69 11 262
69 12 617
69 14 163
69 16 37
69 19 821
69 20 956
69 22 227
69 26 786
69 28 900
69 32 787
69 35 371
69 37 271
69 38 188
69 40 300
69 41 208
69 42 488
69 46 393
69 47 311
69 48 772
69 49 863
69 50 827
69 51 599
69 52 523
69 54 606
69 57 722
69 59 890
69 64 855
69 66 583
69 67 957
70 2 612
70 3 97
70 5 431
70 7 927
70 9 243
70 11 456
70 13 790
70 14 497
70 16 383
70 17 10
70 18 57
70 25 335
70 26 267
70 27 145
70 29 235
70 30 468
70 33 997
70 41 724
70 50 277
70 51 910
70 52 330
70 53 895
70 54 332
70 55 864
70 56 311
70 57 5
70 62 271
70 67 637
71 1 196
71 2 486
71 8 159
71 13 460
71 14 567
71 15 221
71 16 952
71 17 525
71 21 108
71 22 55
71 23 952
71 25 442
71 27 908
71 29 266
71 30 926
71 31 688
71 32 529
71 36 540
71 38 802
71 39 948
71 48 703
71 49 707
71 52 859
71 53 667
71 54 32
71 58 724
71 59 759
71 61 86
71 65 607
71 66 595
71 68 138
71 70 2
72 3 470
72 5 287
72 6 26
72 8 728
72 10 721
72 14 520
72 15 787
72 16 470
72 17 680
72 21 119
72 23 783
72 24 592
72 31 594
72 32 292
72 33 436
72 34 572
72 36 94
72 37 728
72 39 967
72 40 298
72 41 684
72 43 352
72 48 633
72 50 922
72 51 131
72 54 440
72 55 843
72 58 170
72 59 430
72 61 817
72 62 202
72 63 477
72 65 284
72 68 706
72 71 396
73 1 89
73 2 405
73 6 735
73 10 843
73 13 988
73 15 904
73 16 533
73 17 860
73 18 693
73 19 159
73 21 258
73 22 983
73 26 49
73 27 869
73 28 736
73 30 230
73 31 83
73 33 34
73 34 863
73 35 916
73 39 241
73 40 570
73 42 938
73 44 287
73 45 367
73 48 200
73 50 644
73 51 337
73 56 744
73 57 500
73 58 842
73 60 744
73 61 921
73 64 486
73 66 978
73 69 261
73 71 634
73 72 946
74 1 881
74 3 727
74 4 327
74 6 115
74 8 238
74 14 368
74 15 133
74 16 558
74 17 15
74 19 937
74 22 822
74 23 225
74 24 668
74 25 824
74 27 925
74 29 727
74 31 190
74 32 663
74 33 580
74 37 481
74 38 699
74 39 147
74 40 306
74 41 473
74 43 129
74 46 912
74 48 511
74 49 606
74 51 592
74 53 957
74 54 675
74 55 356
74 56 239
74 59 996
74 64 236
74 65 22
74 71 731
75 1 676
75 2 859
75 3 481
75 4 761
75 6 184
75 9 285
75 10 544
75 11 962
75 12 293
75 16 289
75 19 198
75 21 678
75 22 790
75 23 510
75 28 392
75 29 681
75 30 444
75 34 748
75 35 244
75 38 213
75 39 473
75 42 679
75 45 702
75 46 211
75 47 153
75 48 874
75 55 693
75 56 631
75 57 843
75 58 105
75 59 963
75 62 625
75 63 212
75 64 154
75 65 554
75 68 599
75 69 493
75 70 68
75 71 517
75 72 810
76 2 131
76 3 970
76 4 627
76 5 200
76 13 654
76 15 307
76 20 849
76 22 292
76 23 15
76 24 118
76 28 490
76 32 12
76 33 925
76 34 307
76 39 737
76 40 691
76 41 741
76 44 327
76 45 722
76 48 674
76 55 476
76 58 420
76 60 490
76 61 318
76 63 482
76 65 650
76 66 378
76 67 413
76 68 184
76 69 780
76 75 467
77 1 38
77 2 341
77 9 454
77 12 260
77 13 388
77 14 120
77 16 679
77 17 841
77 19 686
77 21 225
77 22 565
77 23 537
77 24 55
77 26 834
77 27 819
77 37 407
77 39 182
77 41 725
77 43 737
77 48 110
77 50 416
77 51 772
77 54 184
77 55 394
77 56 289
77 57 262
77 58 545
77 59 617
77 60 669
77 62 40
77 63 975
77 67 104
77 68 210
77 71 155
77 75 876
77 76 374
78 6 941
78 7 887
78 12 984
78 13 237
78 14 968
78 15 368
78 20 520
78 23 67
78 24 51
78 26 752
78 27 356
78 29 315
78 30 30
78 32 468
78 33 256
78 34 250
78 35 198
78 38 953
78 40 348
78 41 924
78 42 763
78 44 152
78 45 739
78 50 159
78 51 244
78 52 704
78 53 873
78 56 144
78 59 881
78 61 748
78 63 274
78 65 58
78 66 731
78 68 899
78 69 799
78 70 367
78 71 404
78 72 694
78 75 494
78 76 43
78 77 942
79 3 513
79 4 818
79 5 639
79 7 948
79 10 646
79 11 770
79 12 120
79 13 598
79 16 909
79 19 56
79 22 779
79 24 335
79 27 435
79 31 795
79 32 622
79 35 910
79 36 147
79 39 964
79 40 134
79 45 185
79 46 878
79 48 677
79 51 255
79 52 265
79 54 653
79 57 217
79 58 893
79 60 706
79 61 804
79 63 385
79 67 748
79 69 496
79 71 804
79 72 654
79 73 588
79 76 668
80 1 1
80 3 738
80 5 803
80 7 752
80 8 205
80 10 137
80 13 601
80 15 89
80 19 50
80 20 258
80 21 382
80 22 671
80 23 496
80 24 275
80 28 295
80 31 254
80 32 986
80 34 559
80 37 277
80 38 130
80 40 205
80 41 609
80 42 390
80 46 599
80 50 311
80 51 453
80 52 966
80 54 875
80 57 901
80 59 273
80 62 996
80 65 152
80 73 739
80 75 767
80 76 977
81 3 62
81 5 975
81 8 70
81 10 474
81 12 638
81 13 340
81 19 589
81 20 399
81 21 425
81 23 269
81 24 352
81 25 316
81 27 768
81 29 294
81 33 148
81 34 291
81 36 444
81 38 705
81 39 530
81 41 887
81 43 919
81 45 231
81 46 333
81 51 473
81 52 725
81 53 925
81 54 614
81 55 625
81 59 856
81 61 396
81 66 339
81 67 461
81 68 714
81 70 56
81 72 77
81 73 897
81 74 242
81 75 74
81 76 329
81 80 100
82 1 319
82 3 652
82 4 558
82 5 53
82 7 803
82 10 538
82 11 716
82 12 184
82 13 935
82 14 456
82 16 414
82 19 934
82 23 847
82 36 422
82 38 690
82 40 175
82 41 806
82 43 152
82 44 688
82 45 331
82 46 696
82 54 934
82 56 500
82 58 851
82 59 514
82 60 466
82 61 900
82 62 26
82 63 785
82 64 803
82 66 994
82 67 638
82 68 907
82 72 688
82 73 754
82 74 148
82 78 186
83 1 980
83 3 762
83 5 711
83 7 544
83 8 902
83 15 395
83 16 842
83 18 834
83 23 856
83 25 787
83 26 993
83 29 748
83 30 743
83 32 75
83 33 774
83 34 508
83 35 45
83 36 102
83 37 875
83 38 243
83 42 519
83 44 439
83 49 353
83 53 614
83 54 752
83 55 322
83 57 676
83 61 570
83 62 348
83 63 598
83 70 73
83 71 11
83 72 278
83 74 292
83 78 712
83 79 260
83 81 346
83 82 903
84 1 291
84 3 486
84 4 438
84 5 889
84 7 960
84 10 600
84 12 189
84 13 14
84 14 415
84 15 132
84 18 764
84 19 301
84 21 18
84 23 775
84 25 167
84 28 915
84 32 956
84 35 552
84 37 624
84 39 797
84 43 408
84 45 978
84 49 706
84 55 982
84 56 512
84 57 131
84 58 381
84 60 968
84 61 983
84 62 213
84 65 674
84 66 607
84 68 285
84 73 254
84 74 627
84 78 684
84 81 16
84 83 807
85 4 565
85 11 831
85 12 495
85 13 31
85 14 373
85 16 279
85 17 152
85 21 535
85 22 464
85 25 987
85 26 477
85 28 761
85 29 479
85 32 149
85 37 243
85 39 176
85 47 283
85 48 430
85 49 662
85 50 647
85 52 545
85 53 820
85 54 847
85 56 2
85 57 631
85 58 807
85 60 8
85 62 522
85 63 280
85 65 854
85 66 620
85 68 755
85 69 252
85 70 613
85 74 552
85 76 300
85 78 935
85 80 699
85 81 52
86 2 816
86 5 257
86 7 318
86 9 733
86 10 931
86 11 704
86 12 324
86 15 289
86 16 454
86 19 981
86 23 607
86 24 314
86 25 22
86 28 25
86 29 152
86 31 480
86 34 986
86 35 660
86 38 423
86 39 299
86 40 80
86 43 916
86 46 279
86 47 695
86 48 9
86 53 525
86 54 781
86 57 838
86 59 474
86 61 619
86 62 464
86 66 784
86 67 113
86 69 954
86 71 738
86 72 151
86 77 13
86 81 842
86 83 383
86 84 36
86 85 133
87 1 618
87 2 553
87 4 134
87 5 452
87 7 929
87 10 772
87 12 332
87 13 506
87 15 302
87 16 822
87 18 250
87 20 159
87 21 81
87 22 677
87 25 913
87 27 431
87 29 506
87 30 623
87 31 946
87 32 460
87 36 624
87 37 127
87 39 230
87 41 348
87 44 41
87 48 785
87 49 141
87 51 958
87 52 625
87 53 850
87 54 291
87 55 748
87 58 246
87 59 476
87 61 92
87 63 117
87 64 646
87 65 970
87 66 559
87 72 957
87 73 510
87 75 780
87 76 203
87 77 931
87 81 340
87 82 895
87 83 852
87 84 865
87 85 495
87 86 501
88 1 458
88 3 619
88 4 386
88 11 870
88 12 145
88 13 337
88 18 372
88 22 293
88 24 742
88 28 849
88 33 858
88 34 82
88 37 566
88 42 570
88 43 360
88 45 399
88 46 814
88 50 511
88 54 236
88 55 756
88 56 599
88 57 560
88 61 130
88 63 487
88 64 80
88 66 69
88 67 99
88 68 605
88 72 835
88 74 381
88 75 336
88 76 828
88 78 128
88 84 765
88 85 950
89 2 295
89 6 12
89 7 86
89 9 982
89 10 78
89 14 989
89 15 567
89 16 220
89 17 301
89 19 464
89 21 691
89 22 994
89 23 83
89 28 791
89 34 362
89 35 861
89 36 724
89 37 90
89 38 699
89 39 510
89 44 343
89 46 308
89 47 890
89 49 545
89 50 240
89 51 510
89 52 905
89 53 358
89 56 257
89 58 526
89 61 345
89 62 662
89 65 329
89 66 729
89 67 46
89 68 139
89 71 442
89 72 183
89 73 592
89 76 424
89 77 272
89 82 715
89 83 651
89 85 669
89 87 495
90 1 980
90 4 877
90 6 79
90 7 208
90 13 659
90 14 674
90 15 445
90 16 232
90 18 552
90 19 839
90 24 365
90 26 984
90 29 772
90 30 272
90 32 280
90 33 468
90 34 901
90 37 827
90 38 876
90 39 512
90 41 655
90 42 165
90 44 49
90 45 522
90 48 175
90 49 802
90 51 388
90 54 799
90 55 200
90 56 832
90 58 220
90 59 321
90 64 590
90 65 322
90 67 113
90 69 694
90 72 336
90 74 68
90 76 133
90 79 273
90 85 911
90 87 65
90 89 430
91 2 538
91 4 774
91 5 791
91 8 895
91 10 699
91 12 401
91 14 91
91 15 362
91 18 368
91 19 385
91 20 753
91 22 662
91 23 631
91 24 382
91 25 354
91 28 506
91 32 996
91 33 457
91 35 178
91 37 77
91 38 778
91 40 575
91 43 937
91 44 23
91 45 908
91 50 26
91 51 515
91 52 382
91 53 662
91 55 698
91 56 417
91 57 968
91 59 564
91 61 402
91 63 211
91 65 438
91 66 513
91 69 720
91 70 173
91 72 91
91 74 203
91 75 12
91 78 924
91 80 91
91 85 289
91 86 211
91 87 837
91 88 688
91 89 732
91 90 974
92 1 655
92 7 758
92 8 631
92 9 416
92 10 484
92 14 434
92 20 822
92 23 468
92 25 830
92 27 286
92 28 783
92 29 866
92 31 179
92 32 289
92 33 491
92 38 435
92 39 574
92 45 133
92 47 260
92 49 431
92 50 106
92 51 989
92 54 206
92 55 961
92 57 432
92 60 390
92 61 555
92 62 41
92 64 323
92 67 120
92 68 577
92 69 119
92 70 950
92 71 983
92 72 949
92 73 564
92 74 24
92 75 481
92 77 200
92 82 834
92 85 282
92 89 783
92 90 292
92 91 577
93 1 648
93 2 333
93 3 360
93 4 985
93 7 777
93 9 284
93 10 198
93 14 439
93 15 697
93 16 17
93 19 666
93 20 968
93 21 710
93 22 793
93 23 534
93 26 777
93 27 82
93 28 194
93 31 691
93 32 451
93 33 438
93 34 579
93 35 346
93 36 768
93 37 686
93 41 672
93 42 620
93 43 488
93 44 327
93 48 424
93 49 907
93 50 715
93 52 149
93 53 77
93 54 859
93 57 226
93 59 641
93 60 227
93 62 144
93 65 421
93 67 549
93 69 755
93 70 771
93 73 695
93 74 9
93 77 725
93 81 471
93 83 461
93 85 222
93 88 701
93 90 482
94 2 808
94 4 239
94 7 157
94 8 133
94 9 442
94 10 381
94 11 373
94 12 725
94 13 861
94 14 119
94 15 466
94 16 900
94 22 262
94 23 879
94 24 506
94 25 766
94 26 20
94 27 791
94 28 42
94 29 412
94 30 939
94 31 434
94 32 943
94 36 617
94 40 119
94 41 279
94 42 402
94 43 218
94 49 347
94 51 80
94 52 702
94 54 701
94 60 580
94 62 512
94 63 732
94 64 162
94 65 530
94 67 858
94 68 143
94 69 387
94 70 998
94 71 540
94 73 57
94 74 637
94 75 992
94 76 934
94 79 345
94 80 761
94 82 182
94 84 247
94 88 409
94 89 791
94 90 53
94 92 703
95 1 366
95 3 124
95 4 799
95 6 911
95 9 524
95 11 156
95 12 984
95 13 425
95 14 904
95 16 128
95 19 931
95 20 741
95 22 190
95 24 629
95 26 713
95 27 161
95 32 102
95 34 572
95 35 742
95 36 919
95 37 659
95 40 756
95 41 690
95 43 457
95 45 844
95 47 860
95 48 209
95 50 345
95 51 885
95 52 12
95 54 467
95 55 262
95 57 917
95 62 269
95 63 690
95 66 695
95 73 160
95 78 892
95 79 639
95 80 651
95 84 484
95 87 373
95 89 134
95 90 240
95 91 947
95 92 82
96 1 131
96 2 591
96 5 738
96 6 396
96 11 237
96 14 639
96 16 555
96 18 203
96 22 42
96 28 72
96 29 88
96 30 720
96 31 505
96 35 669
96 39 370
96 44 24
96 45 385
96 48 382
96 50 427
96 52 800
96 53 266
96 54 908
96 55 816
96 59 810
96 62 301
96 63 540
96 67 152
96 70 181
96 72 683
96 80 791
96 81 763
96 85 289
96 87 349
96 89 141
96 91 57
96 92 314
96 93 615
97 2 222
97 3 23
97 4 584
97 5 863
97 6 395
97 7 89
97 14 707
97 15 21
97 19 178
97 20 716
97 22 397
97 23 159
97 26 136
97 29 671
97 30 998
97 31 52
97 38 391
97 41 985
97 44 529
97 45 195
97 47 652
97 48 672
97 49 866
97 50 995
97 52 25
97 53 357
97 55 709
97 56 140
97 57 789
97 58 666
97 59 459
97 60 902
97 62 187
97 64 417
97 66 511
97 67 634
97 69 660
97 72 5
97 73 12
97 75 148
97 84 711
97 85 920
97 90 313
97 92 339
97 94 749
98 1 711
98 6 266
98 9 75
98 11 377
98 18 643
98 20 406
98 24 304
98 25 276
98 26 352
98 31 21
98 32 69
98 33 937
98 36 327
98 38 61
98 39 765
98 42 297
98 44 766
98 45 216
98 48 677
98 49 301
98 51 704
98 52 779
98 54 427
98 56 386
98 57 824
98 58 512
98 60 510
98 64 403
98 65 810
98 66 796
98 68 353
98 71 884
98 73 75
98 74 559
98 76 182
98 77 142
98 79 186
98 80 176
98 81 176
98 82 663
98 84 841
98 89 773
98 90 721
98 91 186
98 95 708
98 96 216
98 97 294
99 1 77
99 3 662
99 4 769
99 5 138
99 6 272
99 7 524
99 11 274
99 13 923
99 14 862
99 18 266
99 22 909
99 23 300
99 26 545
99 29 919
99 32 284
99 33 282
99 34 623
99 36 131
99 37 215
99 38 459
99 40 262
99 41 166
99 42 555
99 43 238
99 44 401
99 46 415
99 47 805
99 49 475
99 50 249
99 51 665
99 57 978
99 58 769
99 60 630
99 62 496
99 65 625
99 76 479
99 77 808
99 78 469
99 79 624
99 84 711
99 86 805
99 87 840
99 88 600
99 89 824
99 91 170
99 93 981
99 97 206
99 98 816
