100
2 1 443
3 2 383
4 2 627
5 1 602
5 3 870
6 3 295
6 4 29
6 5 67
7 1 846
7 3 263
7 4 265
7 5 718
7 6 541
8 1 155
8 2 216
8 3 871
8 5 486
8 6 176
9 1 872
9 2 322
9 5 813
9 6 551
10 1 312
10 2 214
10 6 438
10 8 494
11 1 935
11 4 77
11 5 595
11 7 602
11 9 732
12 1 647
12 2 562
12 3 111
12 4 658
12 6 252
12 8 146
12 9 413
13 2 969
13 3 258
13 4 53
13 5 551
13 7 845
13 8 537
13 9 264
13 10 407
13 12 312
14 2 725
14 3 576
14 4 553
14 8 147
14 10 779
14 11 594
14 12 737
15 1 235
15 3 258
15 4 705
15 6 444
15 10 201
15 11 136
15 12 736
15 14 727
16 2 90
16 6 171
16 9 596
17 4 25
17 6 116
17 8 253
17 11 509
18 1 329
18 3 230
18 4 280
18 6 163
18 7 463
18 8 870
18 10 687
18 17 682
19 1 613
19 6 111
19 8 528
19 10 211
19 17 475
20 2 58
20 7 935
20 8 758
20 9 197
20 13 797
20 14 879
20 17 39
20 18 28
21 3 710
21 4 555
21 6 813
21 7 69
21 10 746
21 11 680
21 13 337
21 16 832
21 19 529
22 1 883
22 3 121
22 4 18
22 6 122
22 8 499
22 12 673
22 14 676
22 17 534
22 18 667
23 4 459
23 8 335
23 9 601
23 10 497
23 12 747
23 13 49
23 15 455
23 17 750
23 18 531
23 19 937
23 21 421
23 22 897
24 1 751
24 2 891
24 3 65
24 4 405
24 5 899
24 9 159
24 10 761
24 11 340
24 12 764
24 13 819
24 14 715
24 15 964
24 16 433
24 17 61
24 18 129
24 19 598
24 21 125
24 22 350
24 23 206
25 1 954
25 2 232
25 3 126
25 4 473
25 5 61
25 6 429
25 7 846
25 9 821
25 11 342
25 12 219
25 14 960
25 16 216
25 19 297
25 23 216
26 7 669
26 10 789
26 11 109
26 13 765
26 14 659
26 17 959
26 18 850
26 19 969
26 23 673
26 24 183
26 25 316
27 1 815
27 4 558
27 6 618
27 8 770
27 9 411
27 12 414
27 13 145
27 15 674
27 16 485
27 17 834
27 19 469
27 22 230
27 25 882
27 26 806
28 3 914
28 4 884
28 5 783
28 6 451
28 8 795
28 9 803
28 10 302
28 11 689
28 15 954
28 17 226
28 19 613
28 21 176
28 23 744
28 26 622
28 27 681
29 4 598
29 5 707
29 6 153
29 9 721
29 11 119
29 12 843
29 16 362
29 17 86
29 18 691
29 20 431
29 21 400
29 25 357
29 27 88
30 6 504
30 12 571
30 13 442
30 17 149
30 19 433
30 20 731
30 21 533
30 22 320
30 23 443
30 25 544
30 28 366
31 1 949
31 2 68
31 3 129
31 4 737
31 5 368
31 7 163
31 10 399
31 12 73
31 13 363
31 14 3
31 21 591
31 23 887
31 26 69
31 28 949
31 29 600
31 30 290
32 1 823
32 5 410
32 6 371
32 7 924
32 11 964
32 13 644
32 19 327
32 20 912
32 22 434
32 23 993
32 28 835
33 1 760
33 4 197
33 10 495
33 12 885
33 13 442
33 15 917
33 17 669
33 18 689
33 19 70
33 20 593
33 21 862
33 23 614
33 26 27
33 28 901
33 30 3
33 31 635
34 1 8
34 4 55
34 6 682
34 11 570
34 13 284
34 14 55
34 16 220
34 19 604
34 20 334
34 25 214
34 27 212
34 29 929
34 31 200
34 33 895
35 1 947
35 2 268
35 3 38
35 5 171
35 13 940
35 15 585
35 16 488
35 17 769
35 21 911
35 23 101
35 25 68
35 26 140
35 27 511
35 29 171
35 32 530
35 34 317
36 2 652
36 3 889
36 4 447
36 7 461
36 8 600
36 9 50
36 11 402
36 14 6
36 19 272
36 20 797
36 21 643
36 24 760
36 25 247
36 26 389
36 27 218
36 29 664
36 30 931
36 33 265
36 34 979
36 35 190
37 1 283
37 2 980
37 3 171
37 5 414
37 12 732
37 13 59
37 14 275
37 15 933
37 16 669
37 17 394
37 18 652
37 19 106
37 22 914
37 26 315
37 31 223
37 32 843
37 33 929
37 34 223
37 36 315
38 2 533
38 3 24
38 4 301
38 6 256
38 8 477
38 9 293
38 13 25
38 18 701
38 19 162
38 20 690
38 23 423
38 25 586
38 26 815
38 31 590
38 32 533
38 33 760
38 35 157
38 37 664
39 1 875
39 2 967
39 3 927
39 4 355
39 8 240
39 18 591
39 19 193
39 20 349
39 24 536
39 25 505
39 26 281
39 27 597
39 29 242
39 30 367
39 31 200
39 33 171
39 35 667
39 37 384
39 38 80
40 2 300
40 4 510
40 5 589
40 6 382
40 7 373
40 8 305
40 10 682
40 13 282
40 14 492
40 15 166
40 18 857
40 20 973
40 22 726
40 25 779
40 26 210
40 27 719
40 28 297
40 29 988
40 31 488
40 34 949
40 36 891
40 38 928
40 39 770
41 2 407
41 3 307
41 4 749
41 5 558
41 6 91
41 9 653
41 10 784
41 11 534
41 12 36
41 14 935
41 16 649
41 17 490
41 21 122
41 23 722
41 24 620
41 25 903
41 28 842
41 31 519
41 33 429
41 34 893
41 37 545
41 40 257
42 1 66
42 2 261
42 6 244
42 8 751
42 10 546
42 11 819
42 12 580
42 14 115
42 15 180
42 18 667
42 19 96
42 20 771
42 21 144
42 22 511
42 23 442
42 25 186
42 26 748
42 28 727
42 29 770
42 34 234
42 36 636
42 38 884
43 2 559
43 3 600
43 4 274
43 5 174
43 6 692
43 8 567
43 12 17
43 15 363
43 16 566
43 19 372
43 25 83
43 26 955
43 28 455
43 29 480
43 31 830
43 32 118
43 35 358
43 40 710
43 41 622
43 42 181
44 1 479
44 5 898
44 7 697
44 8 174
44 9 324
44 11 354
44 13 857
44 14 46
44 15 69
44 16 375
44 17 56
44 19 736
44 23 467
44 26 896
44 27 495
44 28 905
44 29 36
44 31 618
44 37 750
44 38 295
44 40 358
44 41 531
44 43 708
45 1 777
45 2 618
45 4 965
45 7 924
45 10 749
45 11 572
45 12 621
45 14 660
45 15 24
45 18 875
45 19 999
45 23 993
45 25 808
45 26 853
45 29 561
45 30 417
45 33 994
45 36 516
45 39 547
45 40 967
45 41 380
46 1 165
46 2 715
46 3 239
46 4 219
46 5 913
46 7 649
46 9 914
46 10 808
46 11 235
46 12 575
46 13 317
46 15 803
46 17 408
46 18 585
46 19 386
46 21 298
46 24 989
46 25 35
46 26 920
46 28 364
46 29 452
46 31 237
46 32 664
46 34 746
46 37 986
46 39 612
46 40 236
46 43 850
46 44 183
47 3 291
47 6 160
47 7 709
47 9 423
47 11 416
47 13 141
47 15 437
47 18 383
47 19 454
47 20 999
47 21 774
47 25 982
47 26 610
47 27 982
47 37 887
47 38 784
47 39 240
47 40 174
47 42 530
47 43 154
47 44 170
47 45 471
48 1 516
48 2 398
48 3 195
48 4 59
48 8 975
48 9 45
48 11 105
48 15 936
48 16 681
48 17 135
48 18 272
48 19 958
48 22 702
48 24 304
48 25 825
48 27 112
48 28 674
48 33 975
48 36 668
48 37 192
48 39 725
48 41 664
48 43 456
48 46 798
49 2 650
49 3 864
49 4 949
49 6 126
49 9 39
49 12 7
49 14 710
49 16 611
49 17 867
49 18 464
49 22 814
49 24 736
49 25 998
49 26 348
49 27 23
49 28 382
49 30 469
49 32 603
49 35 77
49 37 429
49 39 521
49 41 48
49 43 439
49 44 934
49 46 544
49 47 239
50 1 223
50 3 156
50 4 986
50 9 671
50 12 648
50 14 416
50 15 855
50 17 947
50 18 759
50 19 751
50 20 792
50 21 89
50 23 47
50 25 939
50 26 466
50 27 140
50 28 877
50 30 931
50 31 487
50 33 688
50 34 622
50 35 233
50 38 33
50 39 420
50 41 786
50 42 770
50 45 419
50 46 318
50 48 72
51 1 29
51 3 62
51 4 979
51 5 142
51 7 983
51 8 180
51 11 975
51 12 850
51 16 594
51 18 46
51 22 188
51 25 416
51 26 450
51 27 243
51 28 812
51 31 485
51 34 552
51 35 956
51 37 897
51 38 322
51 39 872
51 41 93
51 45 5
51 48 212
51 49 554
51 50 745
52 2 596
52 4 356
52 7 92
52 9 490
52 10 389
52 12 747
52 14 705
52 15 52
52 18 839
52 21 491
52 22 538
52 23 713
52 24 898
52 29 36
52 30 454
52 32 619
52 34 982
52 40 504
52 41 467
52 43 216
52 44 146
52 45 713
52 47 95
52 49 366
52 51 953
53 3 528
53 5 203
53 6 730
53 7 521
53 10 915
53 16 207
53 17 427
53 19 62
53 22 927
53 24 148
53 25 322
53 26 697
53 27 958
53 28 500
53 31 946
53 32 895
53 34 857
53 37 182
53 38 337
53 43 848
53 46 936
53 48 731
53 49 12
53 50 852
54 2 73
54 7 14
54 8 162
54 10 873
54 12 461
54 13 744
54 14 679
54 16 120
54 19 277
54 20 91
54 24 3
54 25 77
54 30 597
54 31 637
54 32 656
54 35 365
54 36 235
54 37 651
54 39 398
54 41 425
54 43 239
54 44 662
54 47 909
55 2 994
55 3 782
55 5 348
55 6 94
55 9 838
55 10 531
55 17 735
55 18 201
55 20 694
55 22 926
55 26 424
55 28 793
55 29 390
55 30 266
55 33 135
55 34 61
55 36 384
55 40 767
55 42 179
55 44 576
55 46 532
55 47 648
55 49 808
55 50 813
55 51 611
55 53 302
56 1 612
56 2 496
56 5 610
56 8 179
56 10 821
56 12 652
56 13 623
56 14 675
56 19 574
56 24 294
56 26 374
56 28 703
56 34 552
56 35 724
56 36 399
56 38 906
56 40 41
56 41 211
56 43 861
56 44 256
56 45 601
56 46 94
56 53 160
57 1 730
57 3 494
57 4 662
57 6 336
57 7 742
57 8 48
57 10 511
57 11 605
57 12 497
57 13 565
57 14 877
57 19 801
57 20 680
57 21 632
57 24 736
57 29 96
57 32 700
57 36 451
57 37 284
57 39 554
57 46 607
57 48 550
57 56 871
58 6 855
58 7 610
58 9 710
58 10 757
58 12 725
58 17 778
58 19 460
58 20 563
58 21 715
58 24 624
58 28 828
58 30 649
58 33 385
58 39 966
58 40 481
58 41 161
58 42 286
58 44 346
58 46 460
58 47 243
58 49 693
58 50 909
58 53 324
58 54 924
58 55 305
59 3 28
59 4 363
59 9 962
59 14 585
59 15 583
59 17 759
59 21 715
59 22 497
59 24 33
59 26 238
59 30 244
59 32 376
59 38 117
59 41 199
59 45 729
59 46 258
59 47 188
59 48 550
59 50 734
59 51 141
59 52 509
59 53 329
59 54 50
59 55 6
59 56 814
59 57 781
60 1 811
60 2 907
60 4 956
60 5 855
60 6 20
60 7 723
60 8 183
60 10 483
60 12 815
60 15 204
60 16 527
60 17 641
60 19 380
60 21 24
60 24 307
60 28 434
60 31 929
60 32 391
60 36 606
60 37 839
60 38 439
60 41 804
60 42 591
60 44 558
60 45 344
60 46 212
60 47 895
60 48 458
60 50 309
60 51 589
60 53 837
60 56 967
60 58 551
61 3 604
61 4 101
61 5 504
61 8 10
61 9 593
61 10 20
61 11 819
61 17 962
61 18 943
61 22 509
61 23 953
61 26 120
61 28 296
61 29 940
61 30 321
61 31 482
61 32 71
61 35 659
61 37 9
61 38 656
61 40 178
61 41 249
61 42 1000
61 43 162
61 48 142
61 49 980
61 50 501
61 56 719
62 2 396
62 3 69
62 4 486
62 7 868
62 8 938
62 14 972
62 20 952
62 21 894
62 24 608
62 25 862
62 26 1000
62 28 206
62 30 865
62 31 293
62 34 334
62 37 873
62 39 887
62 40 240
62 42 764
62 45 563
62 46 782
62 48 512
62 49 671
62 50 869
62 51 92
62 55 407
62 57 980
62 59 929
63 2 826
63 3 686
63 4 822
63 5 35
63 6 387
63 9 244
63 10 237
63 12 817
63 16 159
63 17 142
63 19 655
63 20 513
63 21 646
63 23 184
63 25 184
63 26 201
63 28 476
63 29 635
63 31 323
63 32 4
63 33 345
63 34 340
63 35 641
63 37 860
63 39 390
63 43 321
63 44 86
63 46 485
63 47 179
63 48 330
63 49 269
63 51 495
63 54 17
63 58 723
63 60 837
63 61 424
63 62 653
64 1 972
64 4 242
64 6 50
64 8 274
64 10 755
64 12 844
64 13 158
64 14 80
64 16 329
64 17 310
64 19 615
64 21 86
64 23 944
64 28 957
64 31 756
64 35 843
64 37 623
64 40 646
64 41 265
64 44 554
64 45 768
64 47 286
64 48 176
64 49 815
64 52 208
64 56 480
64 57 772
64 59 476
64 61 770
64 62 159
64 63 50
65 2 409
65 5 673
65 6 278
65 8 437
65 9 168
65 11 193
65 13 186
65 17 232
65 18 746
65 19 292
65 20 327
65 22 431
65 28 155
65 29 946
65 30 361
65 31 279
65 32 400
65 36 933
65 38 16
65 39 261
65 44 869
65 45 651
65 46 494
65 49 393
65 53 886
65 54 442
65 56 825
65 58 404
65 60 897
65 62 941
65 63 876
65 64 324
66 1 404
66 3 35
66 4 53
66 5 77
66 8 885
66 9 790
66 12 234
66 13 422
66 15 26
66 16 962
66 17 38
66 18 824
66 19 645
66 20 705
66 22 783
66 23 135
66 24 55
66 25 8
66 26 450
66 28 248
66 29 53
66 31 792
66 32 355
66 34 442
66 35 554
66 36 286
66 38 977
66 40 62
66 41 372
66 42 850
66 43 675
66 46 976
66 48 76
66 50 314
66 51 763
66 52 257
66 55 756
66 57 283
66 58 547
66 59 147
66 64 445
66 65 79
67 4 452
67 5 923
67 6 100
67 7 803
67 8 500
67 10 120
67 11 7
67 12 106
67 13 955
67 15 5
67 16 509
67 17 86
67 18 523
67 20 241
67 21 980
67 22 679
67 23 6
67 24 989
67 25 313
67 26 469
67 27 620
67 28 304
67 34 312
67 36 595
67 37 483
67 39 919
67 41 337
67 42 398
67 43 327
67 45 837
67 46 208
67 47 172
67 48 882
67 53 338
67 54 253
67 57 207
67 59 533
67 61 30
67 62 239
67 66 631
68 1 273
68 4 90
68 5 471
68 9 423
68 10 91
68 11 265
68 12 882
68 13 325
68 15 842
68 16 36
68 17 589
68 18 511
68 19 335
68 20 314
68 22 960
68 23 263
68 24 89
68 28 74
68 30 136
68 34 800
68 36 739
68 38 668
68 39 714
68 40 10
68 41 666
68 43 282
68 45 468
68 46 330
68 47 412
68 48 376
68 49 35
68 53 693
68 54 549
68 55 973
68 56 669
68 57 799
68 59 453
68 60 58
68 62 763
68 66 229
69 6 307
69 7 455
69 8 934
69 10 436
69 11 852
69 12 663
69 13 480
69 14 663
69 15 924
69 16 223
69 17 346
69 18 21
69 19 699
69 20 425
69 21 539
69 25 968
69 27 913
69 30 651
69 34 413
69 36 956
69 41 419
69 46 156
69 48 555
69 51 219
69 52 586
69 53 567
69 54 858
69 55 801
69 57 749
69 58 748
69 59 840
69 60 918
69 61 741
69 64 802
69 66 379
69 67 918
70 1 573
70 2 760
70 3 449
70 5 415
70 7 205
70 8 812
70 10 370
70 11 564
70 12 883
70 13 632
70 15 469
70 16 240
70 23 388
70 24 543
70 25 133
70 27 481
70 28 804
70 29 624
70 37 717
70 38 589
70 39 10
70 40 656
70 41 626
70 42 261
70 44 349
70 48 67
70 49 281
70 51 742
70 52 337
70 53 971
70 54 635
70 62 280
70 64 192
70 67 893
70 68 967
71 1 336
71 3 893
71 4 740
71 7 583
71 8 127
71 10 876
71 11 621
71 12 825
71 13 612
71 16 836
71 17 336
71 18 221
71 28 834
71 31 948
71 32 782
71 34 917
71 35 522
71 36 893
71 39 161
71 40 373
71 41 244
71 42 72
71 44 177
71 46 110
71 48 70
71 49 625
71 50 174
71 51 864
71 52 356
71 53 157
71 54 271
71 55 829
71 57 966
71 58 877
71 60 141
71 62 627
71 63 107
71 64 207
71 67 339
71 69 343
72 4 300
72 5 310
72 6 190
72 7 179
72 10 892
72 13 338
72 14 167
72 16 220
72 17 785
72 23 783
72 25 92
72 26 384
72 30 879
72 32 90
72 34 810
72 37 517
72 39 916
72 40 424
72 43 426
72 47 132
72 48 500
72 50 436
72 52 591
72 54 363
72 57 724
72 59 166
72 60 922
72 63 616
72 66 503
72 67 345
72 68 885
72 70 742
72 71 648
73 1 957
73 2 539
73 4 315
73 6 887
73 7 228
73 12 580
73 14 879
73 16 55
73 17 458
73 18 523
73 21 361
73 24 892
73 28 917
73 31 609
73 32 997
73 33 601
73 34 32
73 37 25
73 40 960
73 41 199
73 43 994
73 44 506
73 45 635
73 48 802
73 50 609
73 51 535
73 52 530
73 53 517
73 54 257
73 57 987
73 60 216
73 61 870
73 63 840
73 64 901
73 68 171
73 71 819
73 72 963
74 1 113
74 2 468
74 3 809
74 6 702
74 7 32
74 9 117
74 10 290
74 13 294
74 14 157
74 15 14
74 16 282
74 19 661
74 21 596
74 23 975
74 26 50
74 28 797
74 29 193
74 33 728
74 34 416
74 37 663
74 43 761
74 44 655
74 45 139
74 46 115
74 47 662
74 48 584
74 50 138
74 52 201
74 54 127
74 57 777
74 58 551
74 60 822
74 67 664
74 68 407
74 70 505
74 71 229
75 1 923
75 2 548
75 3 628
75 4 653
75 9 88
75 10 702
75 12 635
75 14 265
75 15 972
75 16 812
75 17 488
75 18 507
75 19 217
75 23 57
75 25 424
75 28 448
75 29 211
75 32 794
75 36 842
75 37 751
75 43 997
75 45 34
75 51 996
75 52 538
75 55 219
75 57 344
75 58 388
75 63 65
75 64 343
75 67 915
75 68 99
75 69 901
75 71 735
75 74 48
76 1 989
76 2 800
76 4 718
76 5 222
76 6 477
76 8 575
76 11 640
76 13 72
76 15 823
76 17 86
76 24 913
76 25 587
76 26 807
76 27 782
76 28 454
76 29 304
76 31 504
76 32 657
76 33 714
76 34 764
76 39 791
76 40 822
76 41 353
76 42 300
76 45 577
76 51 14
76 52 908
76 53 980
76 54 761
76 59 940
76 60 228
76 62 367
76 63 128
76 64 970
76 65 922
76 66 776
76 67 337
76 68 422
76 69 484
76 71 810
76 72 847
76 73 378
77 1 746
77 3 115
77 7 181
77 8 426
77 10 879
77 11 409
77 12 983
77 13 994
77 15 892
77 16 955
77 17 156
77 21 170
77 22 300
77 23 367
77 25 323
77 30 954
77 36 146
77 37 240
77 38 948
77 39 993
77 42 525
77 44 491
77 47 466
77 49 808
77 50 61
77 52 571
77 54 36
77 57 495
77 59 228
77 60 6
77 62 416
77 63 531
77 66 269
77 67 273
77 69 534
77 70 251
77 73 516
77 74 32
78 1 272
78 2 567
78 4 467
78 6 400
78 9 212
78 11 985
78 14 935
78 16 918
78 17 355
78 21 452
78 23 436
78 24 710
78 26 799
78 27 867
78 28 123
78 30 44
78 32 400
78 34 113
78 35 727
78 39 111
78 41 513
78 42 929
78 43 487
78 46 161
78 47 320
78 51 163
78 53 721
78 56 379
78 58 715
78 60 349
78 61 906
78 63 278
78 64 210
78 70 866
78 72 930
78 73 515
78 74 316
78 77 138
79 1 232
79 3 107
79 5 765
79 6 398
79 7 10
79 10 370
79 11 907
79 12 659
79 15 898
79 16 633
79 17 795
79 19 538
79 20 820
79 21 835
79 23 20
79 24 296
79 29 991
79 31 24
79 33 592
79 34 45
79 40 663
79 41 500
79 43 22
79 45 138
79 47 64
79 48 650
79 49 974
79 51 460
79 54 411
79 55 7
79 59 329
79 60 645
79 63 800
79 64 43
79 65 306
79 66 888
79 67 297
79 68 291
79 69 489
79 70 195
79 71 944
79 72 303
79 75 153
79 76 493
79 77 35
79 78 248
80 3 992
80 6 210
80 10 528
80 11 39
80 13 435
80 18 742
80 19 191
80 22 595
80 24 442
80 30 514
80 31 529
80 33 671
80 35 299
80 36 78
80 37 869
80 39 328
80 40 640
80 45 929
80 46 717
80 48 561
80 53 876
80 54 498
80 55 146
80 56 617
80 57 123
80 58 213
80 63 658
80 64 855
80 67 595
80 70 996
80 71 841
80 72 857
80 74 766
80 76 713
80 77 933
80 78 963
81 2 837
81 6 343
81 8 685
81 10 633
81 14 793
81 15 55
81 18 947
81 24 143
81 28 758
81 29 313
81 31 355
81 32 872
81 34 36
81 35 992
81 36 555
81 39 892
81 42 597
81 43 882
81 44 521
81 47 84
81 49 596
81 51 166
81 53 13
81 56 508
81 60 879
81 63 237
81 64 75
81 65 252
81 75 667
81 77 988
81 78 938
81 79 478
81 80 593
82 1 373
82 3 299
82 4 205
82 6 54
82 9 57
82 11 701
82 13 571
82 19 482
82 21 639
82 23 950
82 24 253
82 27 349
82 28 239
82 31 319
82 33 608
82 34 530
82 37 499
82 42 926
82 45 731
82 48 810
82 50 204
82 51 242
82 53 56
82 54 787
82 58 94
82 59 238
82 63 275
82 64 933
82 69 416
82 70 461
82 71 377
82 72 655
82 73 63
82 74 687
82 75 305
82 79 598
82 80 860
82 81 684
83 1 974
83 3 346
83 6 413
83 7 589
83 13 249
83 15 975
83 17 604
83 22 602
83 23 44
83 28 986
83 31 221
83 35 347
83 36 124
83 37 147
83 44 420
83 46 435
83 49 877
83 50 157
83 51 994
83 55 23
83 56 263
83 60 350
83 63 980
83 65 711
83 66 637
83 69 136
83 71 881
83 72 413
83 73 608
83 74 54
83 76 619
83 79 572
83 80 675
84 3 817
84 4 356
84 5 984
84 7 330
84 9 803
84 13 158
84 15 513
84 17 401
84 19 978
84 20 875
84 21 998
84 23 377
84 26 270
84 28 201
84 30 302
84 31 96
84 33 765
84 36 909
84 39 894
84 40 204
84 41 673
84 45 490
84 47 506
84 48 305
84 50 542
84 52 443
84 55 626
84 57 45
84 58 94
84 59 245
84 62 716
84 63 874
84 64 662
84 65 76
84 68 779
84 73 263
84 76 830
84 77 948
84 78 687
84 80 393
84 81 179
84 83 177
85 3 444
85 4 500
85 5 849
85 10 733
85 11 481
85 12 559
85 16 212
85 18 453
85 20 288
85 22 942
85 24 637
85 26 266
85 27 258
85 34 105
85 36 784
85 39 75
85 42 2
85 44 212
85 49 82
85 52 361
85 54 365
85 55 182
85 56 386
85 57 358
85 60 791
85 61 530
85 63 318
85 64 453
85 65 599
85 66 232
85 69 554
85 70 347
85 71 831
85 73 897
85 74 134
85 79 907
85 81 786
85 82 987
85 84 413
86 1 823
86 3 75
86 5 585
86 6 328
86 8 56
86 10 290
86 12 198
86 13 740
86 14 994
86 15 535
86 19 962
86 20 131
86 21 880
86 22 427
86 24 256
86 25 958
86 26 953
86 30 373
86 31 368
86 32 972
86 34 817
86 35 140
86 36 772
86 37 610
86 42 675
86 43 769
86 46 581
86 47 440
86 55 306
86 56 633
86 60 745
86 61 641
86 62 71
86 63 87
86 64 603
86 65 845
86 66 414
86 67 60
86 68 991
86 69 417
86 74 125
86 75 521
86 80 554
86 82 248
87 4 776
87 5 332
87 6 643
87 8 430
87 10 689
87 13 955
87 14 686
87 15 718
87 17 336
87 18 417
87 22 944
87 24 40
87 25 427
87 27 283
87 29 957
87 30 446
87 31 385
87 32 412
87 33 212
87 37 933
87 38 120
87 40 858
87 41 325
87 43 717
87 44 721
87 46 401
87 48 231
87 49 390
87 51 741
87 52 889
87 53 196
87 57 675
87 59 115
87 61 352
87 62 42
87 64 103
87 67 686
87 70 736
87 73 95
87 74 260
87 75 527
87 76 64
87 78 9
87 79 57
87 80 29
87 82 691
87 83 556
87 84 350
87 85 972
87 86 34
88 1 536
88 6 324
88 14 625
88 18 608
88 21 355
88 22 812
88 23 502
88 24 799
88 25 432
88 28 657
88 31 279
88 32 222
88 36 740
88 38 102
88 39 274
88 40 741
88 45 104
88 46 141
88 47 617
88 49 539
88 50 297
88 54 846
88 55 320
88 56 108
88 61 986
88 62 536
88 63 432
88 64 437
88 66 981
88 74 164
88 76 757
88 77 728
88 84 648
88 86 365
89 3 400
89 5 439
89 8 117
89 9 568
89 12 555
89 14 769
89 17 939
89 19 611
89 21 203
89 25 270
89 26 685
89 28 746
89 29 577
89 30 122
89 35 952
89 36 615
89 38 102
89 39 848
89 40 329
89 41 859
89 43 382
89 44 937
89 45 183
89 47 63
89 48 799
89 52 387
89 53 652
89 54 714
89 57 382
89 59 668
89 60 619
89 61 337
89 64 524
89 66 744
89 68 893
89 69 731
89 74 704
89 79 188
89 80 669
89 81 220
89 82 121
89 83 525
89 85 5
89 87 766
89 88 636
90 1 94
90 2 10
90 4 687
90 6 476
90 7 944
90 9 947
90 14 798
90 15 881
90 16 952
90 17 493
90 19 45
90 20 454
90 21 679
90 22 293
90 23 279
90 24 453
90 30 384
90 31 229
90 33 890
90 34 65
90 36 652
90 38 235
90 40 372
90 41 634
90 42 561
90 43 251
90 44 312
90 46 654
90 47 609
90 50 652
90 52 792
90 53 512
90 57 924
90 58 316
90 59 475
90 60 560
90 61 60
90 66 552
90 67 463
90 68 974
90 69 925
90 74 642
90 76 655
90 80 283
90 81 90
90 82 450
90 83 636
90 86 745
90 87 86
91 2 646
91 6 37
91 7 816
91 8 571
91 9 729
91 10 963
91 13 153
91 14 561
91 15 562
91 17 495
91 19 430
91 23 731
91 24 50
91 26 933
91 27 72
91 28 416
91 29 556
91 34 527
91 37 830
91 40 911
91 43 624
91 45 630
91 49 904
91 50 77
91 51 716
91 52 637
91 53 929
91 54 550
91 55 462
91 58 518
91 59 149
91 63 522
91 64 881
91 65 94
91 66 102
91 67 75
91 74 520
91 75 180
91 78 865
91 80 864
91 82 244
91 83 365
92 1 285
92 6 585
92 9 922
92 11 329
92 14 699
92 16 904
92 19 285
92 20 404
92 23 635
92 24 200
92 26 152
92 28 57
92 29 836
92 30 753
92 33 465
92 34 487
92 37 900
92 39 624
92 40 346
92 47 230
92 49 372
92 50 510
92 52 580
92 53 584
92 54 69
92 55 802
92 58 197
92 59 817
92 60 936
92 62 509
92 65 75
92 66 525
92 69 152
92 71 629
92 73 606
92 74 777
92 75 22
92 76 861
92 77 743
92 80 291
92 83 880
92 84 32
92 86 533
92 87 445
92 88 754
93 1 108
93 4 499
93 5 352
93 7 268
93 11 397
93 13 410
93 15 267
93 21 554
93 22 845
93 23 150
93 26 735
93 27 219
93 28 785
93 30 107
93 32 402
93 33 736
93 35 156
93 37 627
93 40 831
93 42 660
93 43 925
93 44 124
93 45 934
93 48 203
93 50 121
93 54 637
93 57 179
93 62 802
93 63 455
93 66 525
93 70 938
93 71 211
93 72 415
93 73 256
93 74 740
93 78 34
93 79 846
93 80 893
93 81 598
93 84 280
93 85 345
93 86 740
93 89 575
93 92 392
94 3 205
94 4 525
94 6 209
94 7 326
94 11 582
94 12 928
94 19 142
94 20 215
94 23 209
94 25 200
94 26 798
94 27 314
94 28 707
94 30 128
94 31 509
94 32 363
94 33 795
94 36 866
94 38 456
94 41 964
94 45 269
94 46 19
94 48 192
94 49 489
94 53 301
94 55 656
94 57 196
94 59 885
94 62 733
94 66 290
94 68 851
94 69 709
94 74 668
94 75 551
94 78 688
94 80 790
94 82 174
94 84 781
94 85 478
94 86 531
94 90 261
94 92 258
95 1 728
95 2 758
95 3 489
95 5 733
95 9 976
95 11 63
95 13 643
95 14 614
95 17 562
95 22 213
95 23 719
95 25 724
95 26 622
95 27 405
95 28 302
95 30 900
95 31 486
95 34 34
95 35 291
95 36 629
95 38 527
95 41 623
95 42 13
95 45 98
95 46 695
95 49 786
95 54 74
95 55 508
95 56 260
95 58 71
95 59 102
95 61 425
95 62 350
95 65 923
95 68 104
95 69 406
95 71 232
95 73 116
95 74 887
95 78 708
95 81 1000
95 86 559
95 89 399
95 90 543
95 91 69
95 92 809
96 1 230
96 3 60
96 9 628
96 10 992
96 11 563
96 12 491
96 14 180
96 17 969
96 18 807
96 22 917
96 23 777
96 25 676
96 26 17
96 27 640
96 28 293
96 29 242
96 32 19
96 33 158
96 34 590
96 35 367
96 39 967
96 40 213
96 42 966
96 43 354
96 44 426
96 46 905
96 47 650
96 48 377
96 49 79
96 51 869
96 52 388
96 55 261
96 56 544
96 57 696
96 59 284
96 60 245
96 62 943
96 63 97
96 70 42
96 72 24
96 74 953
96 75 850
96 79 360
96 80 198
96 81 964
96 82 982
96 85 800
96 86 334
96 87 63
96 91 791
96 92 810
96 93 7
96 94 657
97 3 564
97 5 178
97 8 454
97 11 971
97 12 465
97 13 982
97 15 515
97 16 475
97 17 198
97 18 855
97 20 423
97 21 618
97 22 863
97 27 945
97 28 867
97 30 639
97 31 336
97 32 427
97 35 387
97 36 841
97 37 85
97 40 737
97 41 668
97 42 178
97 47 424
97 49 211
97 51 950
97 52 603
97 53 734
97 55 163
97 59 470
97 62 893
97 63 205
97 64 139
97 66 573
97 68 147
97 70 437
97 71 961
97 72 314
97 77 39
97 78 955
97 80 898
97 81 792
97 82 590
97 84 313
97 86 683
97 87 609
97 91 517
98 11 303
98 14 734
98 16 574
98 19 873
98 20 303
98 21 639
98 22 652
98 23 418
98 25 451
98 26 188
98 28 247
98 29 679
98 30 445
98 31 578
98 33 465
98 34 20
98 36 377
98 39 485
98 44 145
98 53 559
98 55 303
98 56 972
98 57 86
98 62 450
98 63 1
98 65 698
98 67 855
98 68 971
98 69 35
98 71 826
98 74 399
98 79 655
98 81 128
98 88 163
98 89 56
98 93 539
98 96 547
99 1 393
99 2 26
99 5 27
99 8 260
99 11 303
99 12 126
99 13 219
99 14 952
99 15 961
99 18 995
99 21 330
99 24 288
99 25 581
99 28 9
99 29 453
99 33 862
99 36 529
99 38 841
99 39 969
99 41 938
99 42 707
99 44 433
99 46 713
99 48 343
99 49 309
99 50 505
99 51 538
99 52 411
99 53 503
99 55 467
99 57 454
99 58 713
99 59 672
99 60 317
99 62 512
99 63 434
99 64 60
99 65 118
99 68 496
99 69 303
99 71 335
99 72 441
99 73 563
99 74 235
99 76 21
99 77 595
99 81 171
99 82 530
99 84 808
99 85 989
99 90 896
99 92 591
99 94 618
99 95 906
99 97 440
