100
2 1 113
3 2 453
4 1 916
5 2 899
5 3 758
6 2 207
6 4 505
6 5 221
7 2 343
7 4 499
7 6 292
8 1 803
8 2 967
8 3 948
8 4 915
8 5 367
8 6 102
9 1 474
9 4 944
9 7 96
10 1 277
10 5 657
10 6 135
10 7 280
10 8 30
10 9 638
11 3 876
11 4 238
11 7 696
12 1 754
12 2 862
12 4 470
12 8 115
12 10 682
12 11 649
13 2 317
13 3 602
13 5 286
13 9 860
14 2 249
14 3 484
14 4 63
14 5 145
14 6 868
14 8 524
14 9 430
15 2 169
15 4 15
15 5 491
15 6 887
15 7 138
15 8 52
15 9 369
15 10 554
15 11 50
16 1 970
16 2 37
16 4 292
16 6 730
16 7 471
16 10 704
16 11 457
17 2 53
17 4 682
17 5 641
17 7 235
17 9 578
17 10 393
17 14 875
18 4 371
18 6 179
18 7 243
18 8 863
18 9 989
18 12 106
18 15 981
18 17 423
19 1 494
19 2 563
19 3 622
19 6 369
19 9 921
19 10 333
19 13 61
20 2 100
20 3 496
20 5 641
20 6 979
20 7 444
20 9 239
20 11 850
20 13 472
20 14 700
20 15 505
20 16 47
21 2 369
21 3 198
21 5 121
21 6 245
21 7 218
21 12 982
21 13 274
21 14 627
21 16 974
21 20 904
22 1 140
22 2 422
22 3 972
22 4 166
22 6 117
22 7 158
22 8 558
22 9 166
22 11 561
22 12 9
22 15 922
22 17 984
22 18 135
22 19 799
23 2 990
23 3 282
23 6 851
23 7 27
23 9 81
23 11 333
23 14 725
23 16 903
23 17 444
23 18 628
23 22 850
24 1 83
24 3 894
24 5 803
24 6 989
24 8 386
24 14 371
24 15 830
24 16 6
24 17 328
24 19 809
24 21 473
25 1 802
25 2 646
25 7 141
25 8 714
25 19 37
25 21 642
25 22 420
26 2 708
26 3 741
26 6 422
26 7 396
26 8 302
26 9 55
26 10 939
26 11 297
26 13 927
26 14 214
26 15 912
26 19 789
26 21 331
26 22 7
26 23 291
27 3 324
27 4 214
27 5 458
27 7 685
27 10 891
27 11 838
27 14 331
27 15 912
27 19 359
27 24 516
27 25 608
27 26 657
28 2 967
28 7 855
28 10 516
28 11 253
28 12 583
28 13 145
28 14 29
28 19 177
28 22 255
28 24 4
28 25 146
29 1 567
29 3 273
29 4 486
29 5 340
29 7 369
29 8 389
29 12 640
29 14 804
29 17 233
29 18 75
29 19 123
29 20 446
29 26 621
30 1 821
30 2 228
30 3 224
30 8 404
30 9 869
30 11 367
30 15 772
30 16 706
30 17 727
30 19 401
30 23 371
30 24 263
30 25 570
31 4 44
31 8 159
31 9 55
31 10 14
31 11 858
31 13 160
31 14 674
31 18 964
31 20 689
31 21 800
31 30 52
32 1 656
32 3 645
32 4 987
32 7 267
32 9 865
32 10 439
32 11 535
32 12 540
32 13 376
32 14 583
32 16 444
32 17 422
32 20 803
32 21 69
32 22 665
32 23 714
32 24 821
32 26 214
32 30 881
33 1 631
33 2 288
33 4 667
33 7 523
33 8 215
33 10 226
33 11 180
33 13 516
33 17 984
33 18 809
33 21 972
33 22 715
33 23 676
33 25 716
33 26 773
33 27 999
33 28 887
33 29 361
33 32 431
34 1 10
34 4 447
34 9 714
34 11 856
34 12 181
34 15 635
34 16 599
34 17 413
34 18 218
34 19 117
34 21 357
34 23 880
34 24 253
34 26 277
34 27 705
34 28 537
34 29 872
34 31 426
34 32 221
35 2 303
35 4 247
35 7 937
35 12 440
35 13 400
35 15 569
35 18 772
35 20 955
35 24 566
35 25 469
35 26 286
35 27 905
35 30 492
35 31 145
35 33 946
36 5 957
36 8 745
36 9 143
36 10 753
36 11 898
36 13 128
36 15 770
36 17 967
36 19 883
36 20 447
36 22 802
36 26 638
36 27 996
36 28 2
36 29 564
36 30 975
36 32 683
37 2 769
37 6 180
37 11 452
37 15 258
37 17 830
37 18 324
37 19 460
37 22 105
37 25 259
37 28 688
37 29 561
37 32 149
37 33 422
37 34 414
37 35 912
38 4 864
38 5 65
38 6 910
38 8 98
38 9 647
38 10 819
38 11 297
38 12 522
38 16 211
38 18 416
38 20 480
38 21 251
38 22 118
38 27 987
38 29 910
38 31 325
38 34 659
38 36 5
39 1 886
39 3 410
39 6 859
39 7 839
39 11 207
39 13 137
39 14 705
39 19 742
39 21 457
39 23 113
39 25 750
39 26 567
39 28 826
39 31 240
39 33 699
39 35 613
40 1 583
40 2 207
40 3 120
40 4 979
40 5 147
40 6 721
40 7 243
40 9 270
40 10 696
40 11 778
40 12 83
40 14 207
40 17 443
40 19 413
40 21 453
40 22 726
40 23 149
40 26 10
40 29 302
40 33 74
40 36 791
40 38 575
40 39 915
41 2 131
41 3 622
41 5 138
41 6 489
41 7 811
41 9 464
41 13 523
41 15 925
41 16 712
41 19 797
41 23 645
41 25 655
41 26 624
41 28 959
41 30 427
41 34 868
41 35 578
41 36 305
41 38 590
42 2 453
42 4 338
42 11 4
42 14 582
42 15 627
42 17 44
42 22 402
42 24 809
42 25 692
42 28 153
42 29 450
42 30 534
42 35 56
42 36 25
42 38 265
42 39 25
42 40 885
42 41 880
43 1 887
43 2 322
43 3 219
43 5 31
43 6 992
43 7 208
43 8 357
43 9 662
43 10 963
43 13 165
43 17 975
43 18 398
43 19 724
43 20 542
43 21 679
43 24 426
43 25 450
43 29 622
43 32 324
43 34 161
43 35 333
43 37 117
43 39 861
43 41 90
43 42 575
44 2 733
44 3 228
44 5 253
44 13 715
44 18 528
44 19 374
44 20 168
44 23 513
44 24 349
44 29 84
44 30 155
44 31 324
44 32 374
44 33 213
44 34 286
44 35 195
44 36 723
44 38 421
44 39 278
44 41 231
44 43 385
45 1 836
45 2 395
45 3 32
45 4 694
45 9 290
45 10 222
45 11 511
45 12 358
45 13 942
45 14 295
45 15 908
45 16 146
45 17 477
45 18 502
45 22 92
45 24 542
45 26 946
45 33 561
45 34 795
45 35 255
45 37 814
45 39 245
45 40 415
45 41 948
45 42 285
46 4 480
46 7 570
46 8 646
46 10 348
46 11 355
46 12 668
46 16 861
46 17 155
46 18 949
46 21 621
46 22 138
46 23 252
46 25 724
46 29 73
46 32 584
46 33 204
46 35 947
46 37 434
46 39 106
46 40 960
46 41 174
46 44 721
47 3 874
47 4 751
47 5 487
47 6 195
47 7 581
47 9 251
47 15 276
47 16 445
47 19 888
47 20 964
47 21 634
47 22 981
47 23 814
47 25 297
47 26 972
47 28 192
47 29 641
47 39 979
47 41 642
47 45 378
48 1 370
48 4 59
48 5 559
48 8 685
48 9 119
48 10 827
48 11 195
48 13 435
48 20 459
48 22 409
48 24 255
48 27 480
48 28 201
48 31 755
48 33 836
48 34 111
48 40 879
48 45 47
48 46 4
49 2 667
49 3 152
49 5 506
49 6 862
49 7 321
49 10 985
49 11 224
49 12 53
49 13 807
49 16 157
49 17 622
49 18 433
49 19 16
49 20 996
49 23 413
49 26 240
49 27 998
49 28 349
49 29 121
49 31 761
49 32 597
49 33 286
49 34 510
49 35 393
49 36 383
49 42 468
49 47 733
49 48 230
50 1 15
50 12 625
50 14 143
50 15 295
50 17 2
50 18 749
50 21 88
50 23 912
50 32 133
50 33 342
50 39 934
50 40 498
50 41 650
50 44 334
50 45 47
51 1 727
51 2 758
51 3 852
51 4 95
51 7 130
51 10 49
51 11 933
51 13 141
51 18 876
51 20 152
51 22 894
51 26 503
51 27 669
51 28 696
51 30 660
51 31 851
51 32 820
51 33 179
51 34 908
51 36 90
51 37 650
51 39 715
51 40 897
51 41 793
51 42 543
51 43 881
51 44 24
51 45 50
51 46 185
51 49 403
52 1 932
52 2 624
52 5 906
52 7 494
52 11 385
52 12 863
52 14 591
52 16 18
52 17 626
52 18 387
52 19 436
52 20 588
52 21 314
52 23 314
52 24 913
52 27 556
52 28 117
52 30 617
52 31 416
52 33 608
52 35 177
52 37 292
52 38 194
52 41 482
52 43 299
52 44 385
52 45 45
52 46 581
52 49 679
52 51 738
53 2 852
53 4 455
53 5 476
53 7 804
53 9 937
53 11 426
53 15 519
53 16 372
53 18 338
53 21 297
53 22 504
53 25 83
53 26 852
53 27 252
53 29 86
53 33 897
53 34 869
53 38 257
53 39 892
53 42 64
53 45 246
53 47 47
53 48 19
53 49 575
53 51 737
53 52 486
54 1 719
54 3 413
54 9 871
54 11 364
54 12 788
54 13 571
54 16 11
54 17 745
54 18 562
54 19 654
54 22 890
54 23 746
54 24 942
54 28 555
54 30 36
54 31 251
54 32 630
54 33 720
54 35 853
54 37 900
54 38 7
54 40 751
54 44 648
54 51 331
54 52 542
54 53 929
55 4 968
55 5 187
55 11 261
55 18 250
55 19 418
55 20 799
55 22 868
55 23 585
55 24 677
55 27 608
55 28 31
55 29 49
55 30 633
55 34 60
55 35 147
55 36 907
55 37 578
55 41 681
55 42 63
55 43 110
55 44 780
55 45 586
55 48 895
55 49 684
55 50 336
55 51 779
56 3 495
56 4 676
56 5 360
56 7 77
56 8 28
56 9 860
56 10 123
56 11 992
56 14 304
56 16 694
56 18 589
56 20 62
56 25 458
56 26 809
56 31 667
56 33 963
56 34 898
56 35 782
56 36 493
56 39 229
56 43 833
56 44 299
56 45 199
56 47 183
56 48 122
56 51 438
56 52 715
56 53 471
57 1 201
57 3 152
57 6 310
57 11 115
57 12 677
57 13 695
57 14 657
57 15 377
57 16 363
57 18 220
57 22 909
57 27 295
57 29 112
57 31 571
57 33 106
57 34 861
57 35 606
57 36 609
57 37 642
57 41 932
57 42 825
57 44 284
57 46 48
57 49 340
57 51 885
57 52 934
57 54 40
57 56 113
58 1 57
58 2 616
58 5 726
58 8 539
58 9 32
58 10 534
58 12 457
58 14 225
58 15 391
58 17 498
58 19 61
58 20 997
58 21 552
58 24 384
58 26 330
58 28 429
58 29 746
58 30 192
58 31 501
58 39 954
58 41 236
58 42 13
58 45 679
58 48 472
58 52 694
58 55 78
58 56 350
59 2 81
59 4 270
59 6 67
59 8 743
59 10 286
59 12 917
59 14 575
59 16 663
59 17 266
59 20 407
59 21 45
59 25 384
59 27 132
59 28 885
59 30 801
59 39 462
59 40 522
59 44 388
59 48 593
59 49 472
59 51 978
59 53 37
59 54 158
59 55 259
59 56 40
59 57 259
59 58 112
60 1 475
60 2 87
60 3 190
60 8 728
60 9 1000
60 10 145
60 11 36
60 13 917
60 14 221
60 16 192
60 17 40
60 19 705
60 21 562
60 23 309
60 24 73
60 26 34
60 28 281
60 29 232
60 30 664
60 34 151
60 35 283
60 37 900
60 38 221
60 39 209
60 40 595
60 41 266
60 42 840
60 46 842
60 48 466
60 49 554
60 50 448
60 53 249
60 54 492
60 55 739
60 56 398
60 57 355
60 58 769
61 2 263
61 4 581
61 5 772
61 7 543
61 8 831
61 9 254
61 10 454
61 11 144
61 14 639
61 15 403
61 18 369
61 19 316
61 20 462
61 22 600
61 23 900
61 25 634
61 28 27
61 30 288
61 32 138
61 34 19
61 35 621
61 37 816
61 39 5
61 41 654
61 42 782
61 43 617
61 50 74
61 51 75
61 53 826
61 54 57
61 55 127
61 56 270
61 57 757
62 3 357
62 6 926
62 9 844
62 10 831
62 11 222
62 12 273
62 14 597
62 16 669
62 17 109
62 18 610
62 19 693
62 22 892
62 24 528
62 26 559
62 27 970
62 28 436
62 30 158
62 31 446
62 32 982
62 33 445
62 34 908
62 45 350
62 48 890
62 49 258
62 50 82
62 56 840
62 58 657
62 60 112
62 61 64
63 2 117
63 4 996
63 9 168
63 10 712
63 19 442
63 20 632
63 21 613
63 25 815
63 28 680
63 30 79
63 33 785
63 35 800
63 36 910
63 37 369
63 39 687
63 40 763
63 43 331
63 44 131
63 46 540
63 47 669
63 52 230
63 57 503
63 58 361
63 59 607
63 60 625
63 62 460
64 2 89
64 4 338
64 5 781
64 6 507
64 7 841
64 9 798
64 10 526
64 13 552
64 14 120
64 15 92
64 16 479
64 17 457
64 18 329
64 19 767
64 20 186
64 26 383
64 27 348
64 28 172
64 30 849
64 32 714
64 34 246
64 36 499
64 37 714
64 38 523
64 39 781
64 40 697
64 41 671
64 44 54
64 45 583
64 46 739
64 48 374
64 54 465
64 57 980
64 59 425
64 60 615
64 62 744
64 63 478
65 1 576
65 2 189
65 3 816
65 5 773
65 7 818
65 8 871
65 9 624
65 10 263
65 12 890
65 13 958
65 14 190
65 21 685
65 23 794
65 24 324
65 25 282
65 26 808
65 28 945
65 29 133
65 32 398
65 35 657
65 38 182
65 40 207
65 49 690
65 52 370
65 54 844
65 56 951
65 57 283
65 58 723
65 59 548
65 60 984
66 1 937
66 2 124
66 7 948
66 10 556
66 12 76
66 16 417
66 18 128
66 20 225
66 22 429
66 24 695
66 25 898
66 26 557
66 29 343
66 30 935
66 31 807
66 34 257
66 35 298
66 36 58
66 38 295
66 41 387
66 43 386
66 45 512
66 46 661
66 47 246
66 48 472
66 50 374
66 51 268
66 53 499
66 57 647
66 58 888
66 59 989
66 61 523
66 62 975
66 63 520
66 64 750
66 65 151
67 7 716
67 8 445
67 10 247
67 14 198
67 16 453
67 17 44
67 18 955
67 20 348
67 22 270
67 23 295
67 25 774
67 26 691
67 27 41
67 29 298
67 30 89
67 31 831
67 32 117
67 33 820
67 34 768
67 36 720
67 40 582
67 44 680
67 45 88
67 46 843
67 49 195
67 51 104
67 55 637
67 57 890
67 58 681
67 59 317
67 61 478
67 62 55
67 63 198
67 65 322
67 66 640
68 2 308
68 3 921
68 5 816
68 7 131
68 8 838
68 9 64
68 10 920
68 12 549
68 13 177
68 14 5
68 16 154
68 23 515
68 25 820
68 26 747
68 28 654
68 31 130
68 32 312
68 35 360
68 36 787
68 38 163
68 41 836
68 42 787
68 43 516
68 46 707
68 50 228
68 55 191
68 57 401
68 58 777
68 61 522
68 62 490
68 65 59
68 66 196
69 1 652
69 3 112
69 4 488
69 6 880
69 8 871
69 10 110
69 13 965
69 14 308
69 17 90
69 18 26
69 21 97
69 22 269
69 23 933
69 25 773
69 28 897
69 29 353
69 31 781
69 32 699
69 35 251
69 38 345
69 43 951
69 44 804
69 46 435
69 49 569
69 50 745
69 52 994
69 53 390
69 54 443
69 57 187
69 60 716
69 61 39
69 63 44
69 64 692
69 65 982
69 66 420
69 68 536
70 1 968
70 2 299
70 3 991
70 5 290
70 7 407
70 9 383
70 13 833
70 14 214
70 17 763
70 21 582
70 22 852
70 26 732
70 27 78
70 28 546
70 30 688
70 34 135
70 37 906
70 38 808
70 40 242
70 41 939
70 45 752
70 48 117
70 49 547
70 52 228
70 54 250
70 56 814
70 57 455
70 61 292
70 62 460
70 64 657
70 66 929
70 67 669
70 68 228
70 69 79
71 1 755
71 5 135
71 8 92
71 12 803
71 13 618
71 15 101
71 16 977
71 17 866
71 18 679
71 19 272
71 21 64
71 22 420
71 23 918
71 25 789
71 26 879
71 28 637
71 30 732
71 33 756
71 38 488
71 40 677
71 43 628
71 48 893
71 50 123
71 51 744
71 52 744
71 53 378
71 59 187
71 63 684
71 64 503
71 66 738
71 68 872
71 69 334
72 1 256
72 2 431
72 4 639
72 5 619
72 7 460
72 11 919
72 13 790
72 16 932
72 20 212
72 21 613
72 22 701
72 23 603
72 24 187
72 26 816
72 27 1000
72 29 165
72 31 744
72 32 160
72 33 841
72 34 448
72 35 185
72 36 68
72 37 129
72 38 227
72 40 284
72 42 80
72 44 779
72 45 893
72 49 177
72 51 607
72 54 614
72 56 417
72 57 680
72 60 599
72 61 9
72 62 163
72 63 609
72 65 936
72 66 80
72 69 808
72 71 199
73 1 834
73 5 899
73 8 863
73 9 986
73 10 110
73 14 449
73 18 450
73 19 475
73 21 512
73 22 594
73 25 863
73 28 345
73 30 291
73 31 106
73 34 644
73 35 258
73 38 853
73 39 803
73 40 212
73 41 717
73 42 213
73 43 574
73 44 520
73 50 932
73 52 720
73 54 277
73 55 557
73 56 638
73 57 108
73 58 475
73 60 165
73 62 361
73 63 613
73 64 148
73 66 111
73 69 622
73 70 754
73 71 431
73 72 629
74 2 979
74 3 185
74 5 617
74 6 764
74 7 16
74 10 828
74 11 221
74 13 555
74 15 923
74 18 972
74 22 461
74 25 337
74 29 381
74 31 444
74 35 871
74 36 49
74 37 376
74 38 215
74 40 219
74 42 829
74 43 345
74 44 761
74 46 301
74 49 823
74 53 858
74 54 617
74 55 836
74 56 697
74 57 96
74 58 591
74 59 848
74 60 324
74 62 717
74 64 683
74 65 190
74 66 47
74 67 937
74 68 529
74 72 251
74 73 569
75 1 586
75 3 474
75 5 639
75 6 537
75 8 388
75 9 768
75 10 790
75 13 571
75 14 566
75 17 924
75 18 468
75 19 96
75 22 432
75 25 356
75 27 675
75 28 889
75 31 128
75 32 345
75 33 678
75 34 401
75 35 140
75 37 335
75 40 790
75 44 475
75 45 648
75 47 430
75 49 370
75 50 429
75 54 284
75 55 503
75 56 546
75 57 314
75 58 294
75 59 161
75 62 738
75 65 537
75 66 40
75 67 88
75 68 594
75 69 39
75 70 469
75 72 241
75 74 247
76 2 820
76 6 533
76 8 938
76 13 164
76 15 367
76 17 178
76 22 729
76 23 967
76 26 606
76 27 829
76 28 118
76 30 151
76 32 554
76 34 367
76 37 672
76 39 429
76 41 842
76 42 67
76 43 129
76 45 643
76 46 8
76 47 71
76 51 858
76 53 683
76 54 413
76 55 271
76 57 820
76 61 430
76 62 153
76 69 785
76 74 615
77 1 233
77 4 57
77 5 983
77 6 679
77 8 738
77 10 798
77 11 508
77 12 209
77 18 446
77 19 730
77 22 861
77 23 143
77 24 142
77 29 675
77 31 569
77 33 76
77 35 436
77 38 692
77 40 603
77 42 5
77 44 13
77 54 935
77 56 372
77 58 845
77 60 417
77 61 983
77 66 932
77 67 310
77 68 390
77 70 629
77 71 701
77 72 786
77 76 259
78 1 247
78 2 609
78 6 711
78 11 439
78 13 851
78 15 441
78 17 477
78 18 569
78 21 979
78 22 646
78 25 80
78 27 455
78 29 453
78 30 714
78 33 307
78 34 69
78 35 791
78 37 23
78 38 131
78 42 484
78 43 789
78 44 756
78 47 802
78 48 313
78 49 788
78 51 430
78 59 595
78 61 888
78 64 441
78 65 778
78 67 109
78 69 500
78 71 334
78 72 718
78 74 104
79 1 557
79 3 196
79 4 779
79 5 494
79 8 382
79 9 328
79 10 667
79 11 319
79 13 661
79 16 498
79 17 804
79 18 553
79 20 777
79 21 448
79 22 644
79 27 931
79 28 417
79 29 314
79 31 608
79 32 154
79 33 203
79 36 376
79 38 463
79 39 633
79 40 121
79 42 494
79 45 366
79 47 11
79 48 21
79 49 457
79 50 749
79 51 929
79 52 738
79 53 485
79 54 168
79 55 779
79 57 425
79 58 890
79 59 561
79 60 45
79 63 296
79 66 361
79 70 4
79 71 80
79 77 882
80 1 997
80 3 994
80 6 926
80 8 403
80 10 413
80 11 536
80 12 718
80 13 763
80 14 880
80 15 937
80 17 86
80 18 820
80 21 143
80 22 577
80 23 134
80 25 59
80 26 864
80 27 745
80 30 57
80 32 7
80 33 198
80 34 394
80 37 377
80 38 71
80 39 923
80 41 378
80 42 875
80 43 946
80 45 964
80 46 19
80 47 388
80 48 552
80 49 275
80 50 618
80 54 233
80 58 14
80 62 870
80 63 780
80 64 674
80 65 103
80 66 349
80 67 291
80 69 82
80 70 484
80 71 144
80 72 555
80 73 311
80 76 923
80 78 245
80 79 966
81 5 684
81 7 632
81 10 795
81 11 762
81 13 448
81 16 28
81 17 312
81 19 359
81 21 452
81 24 138
81 25 180
81 27 493
81 28 1000
81 31 888
81 32 470
81 34 500
81 35 447
81 36 326
81 37 305
81 38 348
81 39 6
81 41 647
81 43 958
81 48 853
81 50 764
81 51 259
81 52 362
81 53 172
81 55 616
81 56 244
81 58 594
81 59 634
81 62 683
81 65 935
81 69 173
81 70 64
81 71 946
81 72 839
81 73 469
81 74 699
81 80 627
82 1 921
82 2 835
82 3 966
82 6 777
82 8 776
82 10 918
82 16 785
82 18 933
82 19 827
82 24 156
82 26 97
82 28 690
82 31 325
82 33 542
82 37 993
82 38 476
82 44 404
82 45 294
82 47 96
82 51 611
82 52 706
82 54 690
82 55 280
82 57 438
82 58 102
82 59 772
82 62 261
82 63 22
82 65 586
82 67 14
82 70 831
82 71 261
82 75 92
82 77 195
82 79 73
82 80 179
82 81 718
83 1 811
83 3 124
83 6 134
83 12 123
83 16 119
83 19 311
83 20 739
83 21 125
83 22 44
83 23 194
83 28 990
83 29 786
83 30 394
83 31 30
83 37 921
83 38 46
83 39 357
83 40 873
83 44 378
83 45 846
83 46 620
83 47 344
83 48 49
83 49 149
83 52 963
83 53 704
83 55 6
83 57 436
83 58 407
83 59 339
83 60 35
83 61 730
83 63 721
83 65 244
83 67 428
83 69 431
83 71 643
83 72 884
83 76 811
83 78 842
83 82 699
84 1 874
84 5 706
84 9 714
84 10 468
84 14 74
84 15 57
84 16 126
84 17 503
84 19 786
84 21 424
84 22 337
84 23 682
84 27 25
84 28 401
84 31 18
84 32 169
84 33 370
84 34 125
84 38 22
84 40 472
84 42 91
84 43 687
84 44 120
84 45 754
84 47 29
84 48 129
84 49 671
84 50 296
84 52 204
84 53 38
84 54 12
84 55 782
84 58 210
84 59 423
84 60 792
84 62 526
84 63 776
84 65 35
84 67 550
84 70 769
84 76 259
84 77 729
84 79 193
84 80 545
84 81 680
84 83 316
85 2 370
85 3 766
85 4 198
85 5 110
85 6 335
85 7 192
85 8 269
85 9 367
85 18 703
85 23 932
85 30 127
85 33 902
85 35 847
85 39 463
85 43 955
85 44 824
85 45 474
85 47 544
85 48 808
85 49 703
85 50 303
85 51 302
85 53 731
85 54 35
85 57 843
85 58 620
85 62 955
85 63 212
85 65 796
85 67 915
85 70 882
85 71 303
85 72 479
85 75 911
85 76 618
85 77 786
85 78 163
85 79 614
85 80 338
85 81 128
85 83 630
86 1 145
86 13 924
86 15 648
86 18 420
86 23 325
86 24 725
86 25 805
86 30 706
86 31 754
86 32 809
86 33 214
86 36 850
86 37 835
86 38 629
86 39 162
86 40 416
86 44 832
86 45 700
86 46 462
86 48 42
86 52 962
86 53 582
86 54 210
86 56 122
86 59 25
86 63 816
86 64 478
86 66 883
86 68 970
86 69 713
86 70 91
86 72 719
86 73 674
86 74 483
86 77 614
86 79 578
86 80 815
86 81 704
86 82 543
86 83 56
86 84 588
87 2 564
87 3 23
87 5 926
87 6 792
87 11 780
87 16 151
87 17 300
87 18 11
87 19 549
87 21 817
87 23 153
87 25 240
87 27 471
87 30 687
87 31 256
87 32 626
87 33 216
87 34 403
87 36 200
87 39 846
87 40 543
87 41 4
87 43 581
87 45 317
87 48 817
87 52 742
87 53 566
87 54 598
87 58 716
87 60 503
87 61 412
87 62 834
87 66 365
87 68 659
87 72 253
87 74 610
87 75 237
87 76 74
87 77 838
87 81 724
87 82 532
87 83 310
87 85 700
88 2 55
88 6 8
88 7 666
88 9 367
88 12 998
88 13 280
88 16 352
88 17 935
88 18 312
88 19 494
88 21 181
88 23 687
88 24 909
88 25 569
88 29 920
88 30 740
88 32 289
88 33 85
88 36 438
88 37 252
88 41 652
88 42 778
88 43 832
88 44 527
88 45 717
88 47 58
88 48 408
88 49 494
88 50 630
88 51 962
88 54 736
88 56 3
88 59 759
88 60 943
88 62 254
88 63 256
88 64 342
88 65 221
88 67 774
88 69 562
88 75 283
88 77 583
88 78 32
88 79 931
88 80 865
88 84 130
88 85 174
89 1 912
89 2 210
89 6 461
89 7 19
89 8 735
89 9 894
89 11 541
89 12 615
89 13 241
89 14 722
89 15 244
89 16 471
89 18 133
89 19 626
89 21 598
89 22 243
89 23 862
89 25 298
89 26 480
89 27 114
89 29 505
89 30 796
89 33 87
89 34 672
89 37 914
89 38 702
89 43 145
89 49 645
89 50 288
89 52 898
89 53 672
89 55 980
89 60 568
89 62 497
89 64 94
89 66 695
89 69 606
89 70 388
89 74 802
89 75 404
89 80 429
89 82 409
89 83 28
89 84 902
89 85 791
89 86 4
90 1 473
90 4 398
90 7 600
90 8 402
90 9 777
90 10 567
90 11 910
90 12 100
90 13 830
90 15 858
90 16 128
90 17 553
90 18 354
90 20 136
90 22 411
90 26 824
90 28 488
90 30 175
90 33 636
90 35 583
90 36 97
90 38 120
90 40 329
90 41 322
90 44 20
90 47 12
90 48 858
90 53 576
90 56 261
90 60 433
90 63 976
90 64 298
90 65 173
90 66 984
90 68 274
90 74 881
90 76 25
90 82 640
90 83 228
90 84 231
90 85 586
90 86 395
90 87 603
90 89 689
91 1 339
91 2 10
91 5 260
91 8 380
91 9 890
91 10 385
91 11 899
91 12 908
91 13 424
91 14 509
91 15 215
91 17 321
91 18 535
91 20 321
91 29 407
91 30 758
91 32 388
91 33 933
91 35 571
91 37 372
91 38 464
91 39 81
91 41 20
91 42 461
91 43 147
91 44 740
91 45 784
91 46 310
91 49 594
91 50 134
91 55 975
91 58 562
91 59 270
91 60 848
91 61 761
91 62 962
91 64 762
91 68 624
91 69 130
91 70 289
91 74 256
91 75 998
91 77 992
91 78 853
91 79 390
91 81 360
91 82 388
91 83 81
91 86 849
91 87 843
91 88 50
91 90 602
92 1 351
92 2 594
92 3 699
92 4 720
92 8 608
92 10 815
92 12 165
92 13 242
92 16 713
92 17 972
92 18 742
92 20 432
92 21 439
92 22 786
92 23 73
92 24 264
92 25 862
92 30 796
92 37 330
92 40 249
92 41 821
92 43 790
92 44 519
92 45 112
92 46 984
92 47 607
92 48 865
92 50 707
92 51 996
92 52 299
92 53 313
92 55 432
92 60 389
92 62 338
92 63 836
92 66 571
92 67 834
92 68 898
92 70 594
92 71 333
92 72 925
92 75 459
92 76 778
92 79 203
92 80 814
92 82 886
92 85 592
92 86 246
92 87 85
92 91 305
93 2 495
93 3 127
93 9 404
93 10 878
93 11 67
93 12 633
93 13 140
93 16 358
93 18 732
93 19 694
93 20 506
93 27 529
93 29 230
93 30 4
93 31 222
93 33 269
93 42 46
93 45 368
93 47 500
93 49 981
93 50 971
93 52 233
93 53 449
93 54 365
93 55 160
93 62 775
93 68 735
93 69 372
93 73 363
93 74 151
93 77 92
93 80 72
93 82 571
93 83 440
93 84 57
93 85 155
93 87 535
93 88 651
93 90 87
93 91 243
93 92 101
94 2 490
94 5 270
94 7 429
94 9 375
94 10 696
94 12 448
94 14 919
94 15 359
94 19 814
94 20 443
94 21 692
94 22 246
94 26 301
94 27 225
94 29 352
94 30 104
94 32 824
94 33 79
94 35 171
94 36 93
94 37 306
94 38 835
94 40 887
94 41 445
94 43 574
94 44 421
94 47 792
94 51 443
94 54 451
94 56 380
94 59 57
94 60 397
94 61 531
94 63 976
94 65 611
94 66 905
94 68 109
94 78 628
94 83 710
94 87 652
94 88 934
94 89 816
94 90 501
94 92 448
95 1 729
95 2 587
95 4 134
95 6 63
95 8 299
95 10 12
95 11 932
95 14 597
95 15 978
95 17 584
95 18 879
95 25 622
95 26 385
95 30 521
95 31 731
95 32 930
95 33 437
95 34 112
95 36 275
95 40 92
95 44 518
95 45 196
95 46 38
95 47 103
95 48 738
95 51 859
95 52 423
95 53 82
95 55 943
95 56 361
95 58 891
95 59 428
95 64 261
95 66 285
95 68 51
95 72 298
95 73 338
95 75 725
95 77 69
95 79 903
95 80 314
95 81 869
95 83 129
95 85 701
95 86 160
95 89 575
95 90 601
95 94 494
96 1 205
96 4 600
96 5 206
96 8 557
96 9 363
96 10 779
96 11 462
96 13 877
96 15 719
96 16 848
96 18 407
96 21 355
96 23 88
96 24 156
96 26 734
96 27 256
96 28 581
96 29 665
96 30 656
96 31 351
96 32 265
96 33 479
96 34 871
96 38 392
96 39 361
96 41 510
96 44 597
96 46 132
96 48 506
96 52 923
96 53 135
96 54 652
96 57 405
96 59 49
96 60 701
96 61 299
96 62 43
96 63 1000
96 64 986
96 65 266
96 66 440
96 67 574
96 68 456
96 69 163
96 70 606
96 71 650
96 76 562
96 78 451
96 81 354
96 83 959
96 84 850
96 86 257
96 89 832
96 90 711
96 91 73
96 94 275
97 1 319
97 6 114
97 10 866
97 12 662
97 13 29
97 17 780
97 19 423
97 22 749
97 26 750
97 27 964
97 31 891
97 34 830
97 36 747
97 37 116
97 39 767
97 42 232
97 43 204
97 45 818
97 46 925
97 48 129
97 49 375
97 50 540
97 51 129
97 52 886
97 56 753
97 59 888
97 63 730
97 64 764
97 65 578
97 66 343
97 68 577
97 71 1
97 72 647
97 73 828
97 75 831
97 76 784
97 77 93
97 78 756
97 82 292
97 83 520
97 85 624
97 86 509
97 88 549
97 92 666
97 95 101
97 96 226
98 1 27
98 3 465
98 5 845
98 7 375
98 9 560
98 10 13
98 11 720
98 12 445
98 15 691
98 17 830
98 18 260
98 20 723
98 22 922
98 23 981
98 24 743
98 26 396
98 28 569
98 29 175
98 30 554
98 33 31
98 36 192
98 38 849
98 39 617
98 43 391
98 44 594
98 47 694
98 51 313
98 53 138
98 54 117
98 55 476
98 57 763
98 59 689
98 61 333
98 62 982
98 63 557
98 65 896
98 66 546
98 67 655
98 68 428
98 69 873
98 70 490
98 71 648
98 72 205
98 73 705
98 74 506
98 75 983
98 76 503
98 79 871
98 81 391
98 82 648
98 86 878
98 88 182
98 89 463
98 91 962
98 93 728
98 94 414
99 1 489
99 3 591
99 5 861
99 6 201
99 7 423
99 9 860
99 10 650
99 11 233
99 14 82
99 16 75
99 18 786
99 19 162
99 23 159
99 25 524
99 26 423
99 27 125
99 30 360
99 31 332
99 32 330
99 37 61
99 40 845
99 41 748
99 42 768
99 43 85
99 44 521
99 45 747
99 47 999
99 50 357
99 53 234
99 54 556
99 55 439
99 56 960
99 57 638
99 58 523
99 59 21
99 60 840
99 61 881
99 64 305
99 66 253
99 67 325
99 70 671
99 74 49
99 77 953
99 78 62
99 79 721
99 80 508
99 85 292
99 86 979
99 87 710
99 88 984
99 89 928
99 90 391
99 92 907
99 94 612
99 95 900
99 96 254
