100
3 2 99
4 1 58
4 2 941
4 3 72
5 1 388
5 4 531
6 2 388
6 4 535
6 5 330
7 2 170
7 5 801
7 6 790
8 1 181
8 2 463
8 3 73
8 5 444
9 4 219
9 5 421
9 6 253
10 2 375
10 6 977
10 8 352
10 9 566
11 1 960
11 3 346
11 6 386
11 8 508
11 9 513
12 2 686
12 7 807
12 10 762
13 1 429
13 2 554
13 3 762
13 4 730
13 5 480
13 6 547
13 8 695
13 11 225
13 12 369
14 1 953
14 3 689
14 6 853
14 7 750
14 9 611
14 10 24
14 11 133
14 12 150
14 13 734
15 1 5
15 2 479
15 3 101
15 5 100
15 7 26
15 10 962
15 11 273
15 13 127
16 1 754
16 2 556
16 5 22
16 6 917
16 9 468
16 10 913
16 11 427
16 13 201
16 14 706
16 15 76
17 2 633
17 3 36
17 4 800
17 5 26
17 7 90
17 8 18
17 10 894
17 11 611
17 16 74
18 2 937
18 3 333
18 4 971
18 5 31
18 8 43
18 9 709
18 10 468
18 11 291
18 14 507
18 16 51
18 17 719
19 1 815
19 2 208
19 3 839
19 6 62
19 7 311
19 9 120
19 10 377
19 11 239
19 13 467
19 17 597
19 18 655
20 3 121
20 6 520
20 7 519
20 9 314
20 10 21
20 12 742
20 15 857
20 18 185
20 19 362
21 1 195
21 3 91
21 4 766
21 6 504
21 11 179
21 12 443
21 14 686
21 17 687
21 18 158
21 19 460
21 20 415
22 1 632
22 4 108
22 5 342
22 8 315
22 13 207
22 19 7
23 1 516
23 4 348
23 5 167
23 7 984
23 9 284
23 12 900
23 13 752
23 14 997
23 16 877
23 17 358
23 19 61
23 21 573
24 3 649
24 4 877
24 5 808
24 7 324
24 11 122
24 14 497
24 16 565
24 18 183
24 20 238
24 21 59
24 22 115
25 1 903
25 4 778
25 7 939
25 8 662
25 9 82
25 11 356
25 15 92
25 21 820
25 23 570
25 24 32
26 1 328
26 3 536
26 6 728
26 7 243
26 9 102
26 10 252
26 11 524
26 13 789
26 14 351
26 17 903
26 18 259
26 19 411
26 20 601
26 22 849
26 25 706
27 1 818
27 3 870
27 5 499
27 7 52
27 9 418
27 10 937
27 12 989
27 16 993
27 17 666
27 21 32
27 22 218
27 23 617
28 2 94
28 4 256
28 7 892
28 8 191
28 9 308
28 11 994
28 12 911
28 16 975
28 19 829
28 21 77
28 26 78
29 2 583
29 3 476
29 4 330
29 7 947
29 9 851
29 10 26
29 13 492
29 15 432
29 16 452
29 17 617
29 19 3
29 20 393
29 22 445
29 23 396
29 25 160
29 26 349
30 2 390
30 3 959
30 11 982
30 12 544
30 13 68
30 14 458
30 15 811
30 18 902
30 19 568
30 20 137
30 23 939
30 26 339
30 27 833
30 29 670
31 4 892
31 5 212
31 8 311
31 9 798
31 10 376
31 12 432
31 13 322
31 14 887
31 15 52
31 17 646
31 18 776
31 20 383
31 22 258
31 23 515
31 26 829
31 27 631
31 28 570
31 29 90
31 30 313
32 3 262
32 4 863
32 6 460
32 7 346
32 8 988
32 10 96
32 13 364
32 14 243
32 16 927
32 20 645
32 21 454
32 25 577
32 26 415
32 27 867
32 28 478
32 29 538
32 31 919
33 2 70
33 3 141
33 7 781
33 8 400
33 14 647
33 17 256
33 19 468
33 21 334
33 23 274
33 24 201
33 26 837
33 27 162
33 30 583
34 1 808
34 2 368
34 3 607
34 4 644
34 7 360
34 8 644
34 9 259
34 10 750
34 12 67
34 15 14
34 16 373
34 17 659
34 18 196
34 20 487
34 21 922
34 22 584
34 23 806
34 24 660
34 25 759
34 29 628
34 33 867
35 3 293
35 6 271
35 11 347
35 13 453
35 16 595
35 17 754
35 18 877
35 20 18
35 21 795
35 22 146
35 25 209
35 26 897
35 33 704
35 34 296
36 1 321
36 3 417
36 5 832
36 11 798
36 12 131
36 13 531
36 14 420
36 19 137
36 21 191
36 22 977
36 23 723
36 24 686
36 25 268
36 26 969
36 28 152
36 29 745
36 32 839
36 33 866
37 3 587
37 4 894
37 5 266
37 6 899
37 7 43
37 9 114
37 10 592
37 11 418
37 14 90
37 16 193
37 18 325
37 20 458
37 21 430
37 23 597
37 26 384
37 28 870
37 29 227
37 31 557
37 34 127
37 35 695
38 2 366
38 4 749
38 5 385
38 6 921
38 8 767
38 9 33
38 10 567
38 14 621
38 15 472
38 16 571
38 18 241
38 20 206
38 22 887
38 24 195
38 28 400
38 31 150
38 33 869
38 34 520
38 35 590
38 36 605
38 37 615
39 1 889
39 8 33
39 9 504
39 10 968
39 14 7
39 15 422
39 16 169
39 17 115
39 19 784
39 21 523
39 22 384
39 28 17
39 29 418
39 31 200
39 32 166
39 33 681
39 35 733
40 2 244
40 4 333
40 7 873
40 8 162
40 13 947
40 14 626
40 15 230
40 16 821
40 17 890
40 18 903
40 19 289
40 22 114
40 24 530
40 26 653
40 27 651
40 29 511
40 30 70
40 33 783
40 39 160
41 4 405
41 6 199
41 7 923
41 11 524
41 13 926
41 14 496
41 15 651
41 16 210
41 17 848
41 18 558
41 19 411
41 20 916
41 23 138
41 24 8
41 26 228
41 33 670
41 34 769
41 35 292
41 38 412
41 40 337
42 1 133
42 2 932
42 3 953
42 4 661
42 6 885
42 10 267
42 11 127
42 12 731
42 13 951
42 14 531
42 15 5
42 16 477
42 20 892
42 21 815
42 22 404
42 23 468
42 26 899
42 27 461
42 28 12
42 35 905
42 37 959
42 38 64
42 39 210
43 1 871
43 2 636
43 3 602
43 4 933
43 5 920
43 7 563
43 8 263
43 9 502
43 10 388
43 13 477
43 16 424
43 17 58
43 19 211
43 20 908
43 24 967
43 25 456
43 26 530
43 27 98
43 29 159
43 31 927
43 32 785
43 35 98
43 36 391
43 37 874
43 38 373
43 39 311
43 40 210
43 41 671
43 42 566
44 1 215
44 2 762
44 3 921
44 5 623
44 6 317
44 7 263
44 8 374
44 10 928
44 11 907
44 13 769
44 14 111
44 15 937
44 16 400
44 18 234
44 19 904
44 21 658
44 23 329
44 24 980
44 26 435
44 27 95
44 28 974
44 29 312
44 31 930
44 32 130
44 33 290
44 35 292
44 38 701
44 39 989
44 40 877
44 42 602
44 43 203
45 3 71
45 5 204
45 6 712
45 8 491
45 11 261
45 15 727
45 18 455
45 20 185
45 22 786
45 30 581
45 32 712
45 33 510
45 34 363
45 35 994
45 43 83
45 44 334
46 1 151
46 2 313
46 4 616
46 5 253
46 9 14
46 12 959
46 13 461
46 17 900
46 18 361
46 22 932
46 23 289
46 25 572
46 26 92
46 27 533
46 28 255
46 29 688
46 30 624
46 31 193
46 35 801
46 36 523
46 37 405
46 38 387
46 40 604
46 43 578
46 45 931
47 1 622
47 4 286
47 6 984
47 7 729
47 8 33
47 10 122
47 11 883
47 16 223
47 17 241
47 18 43
47 20 778
47 21 90
47 22 393
47 25 631
47 26 93
47 30 972
47 31 382
47 32 895
47 33 313
47 41 489
47 42 414
47 44 932
47 45 14
48 4 222
48 10 637
48 14 940
48 16 470
48 18 252
48 19 928
48 20 708
48 23 45
48 24 743
48 25 760
48 27 530
48 28 323
48 30 521
48 31 284
48 33 771
48 34 604
48 35 790
48 38 266
48 41 143
48 43 185
48 44 523
48 46 791
49 1 874
49 2 221
49 3 817
49 5 41
49 7 924
49 8 133
49 11 147
49 18 661
49 21 981
49 23 12
49 24 808
49 27 623
49 29 427
49 34 827
49 36 376
49 39 896
49 40 412
49 42 914
49 43 584
49 45 582
49 47 83
49 48 108
50 1 299
50 4 906
50 7 986
50 9 721
50 12 859
50 13 825
50 17 7
50 19 843
50 22 569
50 24 348
50 25 454
50 28 865
50 30 237
50 31 674
50 33 929
50 34 775
50 35 752
50 38 363
50 41 180
50 42 719
50 44 768
50 45 83
50 49 1000
51 1 175
51 4 535
51 6 392
51 9 240
51 12 743
51 13 120
51 14 405
51 15 15
51 18 216
51 23 360
51 24 345
51 26 129
51 27 704
51 30 756
51 31 681
51 35 467
51 43 931
51 44 275
51 45 62
51 48 348
51 50 947
52 2 918
52 5 666
52 6 921
52 10 933
52 11 430
52 12 780
52 13 592
52 14 393
52 15 814
52 19 7
52 20 889
52 25 519
52 26 548
52 30 196
52 33 347
52 34 275
52 35 41
52 36 737
52 37 41
52 38 18
52 39 756
52 40 236
52 41 791
52 42 981
52 47 539
52 51 721
53 5 424
53 7 960
53 8 944
53 11 97
53 15 972
53 17 949
53 18 646
53 21 808
53 23 284
53 26 790
53 27 559
53 29 356
53 30 945
53 31 169
53 32 604
53 36 867
53 37 540
53 40 619
53 41 69
53 44 801
53 46 765
53 47 92
53 50 897
54 2 27
54 4 372
54 6 331
54 7 947
54 8 846
54 12 517
54 13 946
54 15 445
54 19 874
54 20 492
54 21 117
54 23 557
54 25 710
54 30 323
54 31 543
54 32 449
54 33 784
54 34 736
54 43 482
54 47 251
54 50 261
54 52 189
54 53 600
55 2 454
55 5 639
55 7 454
55 8 319
55 9 992
55 13 535
55 18 433
55 20 943
55 21 69
55 24 90
55 26 412
55 29 836
55 30 945
55 34 308
55 41 423
55 46 872
55 47 706
55 48 565
55 52 437
55 54 125
56 4 845
56 5 581
56 6 554
56 7 112
56 8 106
56 10 16
56 11 513
56 12 51
56 14 782
56 15 199
56 17 844
56 18 796
56 20 689
56 23 954
56 24 143
56 25 356
56 27 743
56 28 640
56 31 215
56 32 643
56 36 635
56 42 471
56 47 241
56 49 337
56 51 305
56 52 290
56 55 338
57 2 233
57 3 212
57 4 262
57 6 494
57 8 680
57 9 587
57 10 1000
57 14 365
57 15 985
57 16 185
57 18 3
57 22 932
57 23 966
57 24 589
57 29 802
57 31 858
57 32 982
57 33 339
57 35 897
57 38 117
57 41 63
57 50 768
57 56 246
58 2 987
58 3 546
58 4 816
58 6 962
58 7 33
58 8 899
58 11 581
58 12 412
58 13 374
58 14 756
58 19 990
58 20 816
58 21 699
58 22 474
58 23 207
58 24 361
58 26 294
58 28 86
58 29 502
58 31 660
58 36 642
58 37 667
58 38 256
58 41 640
58 43 694
58 44 410
58 45 61
58 46 672
58 47 966
58 48 877
58 51 571
58 52 921
58 53 218
58 55 635
58 56 267
58 57 177
59 2 109
59 4 415
59 5 782
59 6 581
59 7 116
59 8 797
59 9 174
59 10 287
59 12 34
59 14 410
59 15 778
59 16 420
59 20 617
59 23 193
59 26 114
59 28 801
59 29 705
59 30 290
59 31 926
59 33 669
59 34 409
59 36 301
59 40 515
59 41 354
59 43 39
59 44 537
59 46 149
59 49 985
59 53 225
59 54 33
59 55 45
59 58 793
60 2 81
60 6 907
60 8 391
60 9 641
60 10 233
60 12 665
60 14 830
60 15 500
60 17 176
60 18 78
60 22 157
60 23 595
60 28 752
60 29 625
60 31 129
60 32 46
60 33 670
60 34 441
60 40 838
60 41 123
60 43 916
60 47 385
60 48 256
60 50 21
60 52 436
60 55 599
60 56 824
60 58 489
60 59 792
61 1 775
61 3 357
61 4 563
61 6 472
61 7 205
61 8 8
61 13 257
61 15 658
61 17 111
61 18 411
61 19 687
61 21 377
61 23 144
61 25 742
61 27 820
61 30 129
61 33 716
61 34 123
61 36 919
61 37 266
61 38 685
61 40 470
61 43 8
61 45 740
61 46 780
61 49 260
61 50 491
61 51 104
61 53 192
61 56 715
61 58 114
62 1 533
62 2 629
62 4 384
62 6 463
62 7 558
62 12 298
62 14 531
62 16 299
62 17 226
62 19 341
62 20 980
62 21 864
62 22 283
62 27 891
62 29 878
62 32 390
62 36 176
62 39 279
62 41 569
62 43 200
62 46 411
62 47 674
62 48 668
62 50 96
62 53 126
62 54 51
62 56 771
62 60 439
63 2 704
63 8 165
63 11 292
63 12 79
63 14 245
63 15 30
63 17 440
63 18 390
63 20 935
63 21 871
63 26 490
63 27 612
63 28 700
63 29 685
63 30 938
63 31 616
63 34 797
63 36 79
63 42 88
63 43 343
63 44 331
63 47 54
63 48 141
63 49 348
63 50 440
63 51 879
63 53 309
63 55 824
63 56 838
63 57 132
63 59 758
63 60 455
63 61 105
63 62 971
64 2 700
64 3 355
64 4 869
64 7 245
64 8 855
64 9 798
64 14 525
64 17 897
64 18 300
64 24 574
64 25 819
64 26 14
64 28 611
64 29 682
64 30 647
64 37 678
64 38 792
64 40 542
64 41 489
64 43 172
64 44 379
64 47 530
64 48 800
64 51 631
64 52 168
64 54 715
64 55 853
64 57 163
64 58 611
64 59 697
64 63 183
65 2 255
65 5 694
65 8 926
65 10 241
65 12 797
65 13 441
65 14 841
65 15 597
65 17 222
65 19 55
65 20 827
65 21 132
65 22 37
65 23 856
65 24 628
65 25 630
65 28 482
65 29 929
65 30 347
65 31 496
65 33 248
65 35 122
65 37 981
65 38 304
65 39 319
65 41 791
65 45 819
65 49 110
65 51 745
65 52 1000
65 54 963
65 57 428
65 63 65
65 64 802
66 1 627
66 3 573
66 5 51
66 8 4
66 10 687
66 12 187
66 13 681
66 16 141
66 18 799
66 20 980
66 22 973
66 23 478
66 24 850
66 28 290
66 31 537
66 32 495
66 35 813
66 36 136
66 37 728
66 40 51
66 41 736
66 44 831
66 46 884
66 47 653
66 49 233
66 51 13
66 52 829
66 58 899
66 61 732
66 65 127
67 1 67
67 6 442
67 8 852
67 9 61
67 14 864
67 15 879
67 21 410
67 23 440
67 24 497
67 25 746
67 26 266
67 28 411
67 31 375
67 33 651
67 34 20
67 36 665
67 37 422
67 38 232
67 40 135
67 42 957
67 43 498
67 46 269
67 51 397
67 54 409
67 55 928
67 57 399
67 58 866
67 65 540
67 66 563
68 1 190
68 2 483
68 3 851
68 4 665
68 7 586
68 8 315
68 10 534
68 11 553
68 12 547
68 14 891
68 15 138
68 16 133
68 17 640
68 19 756
68 21 97
68 23 299
68 24 83
68 26 108
68 28 874
68 30 795
68 31 842
68 32 595
68 33 131
68 37 579
68 38 483
68 39 52
68 43 194
68 44 79
68 46 288
68 48 497
68 49 877
68 51 436
68 53 687
68 55 999
68 56 389
68 57 106
68 58 161
68 60 83
68 61 171
68 63 938
68 64 122
68 65 367
69 2 696
69 5 542
69 10 802
69 11 260
69 12 105
69 13 439
69 14 840
69 16 296
69 19 28
69 20 763
69 23 948
69 28 986
69 33 190
69 35 547
69 38 785
69 39 182
69 41 730
69 42 444
69 43 815
69 44 140
69 47 573
69 48 455
69 49 575
69 51 708
69 54 152
69 55 254
69 56 384
69 63 759
70 3 33
70 6 403
70 10 166
70 12 989
70 13 945
70 14 747
70 15 681
70 16 922
70 19 926
70 20 933
70 22 469
70 23 793
70 26 28
70 28 814
70 29 529
70 30 492
70 31 519
70 32 583
70 33 662
70 34 699
70 36 911
70 37 638
70 40 368
70 41 813
70 43 920
70 44 172
70 46 847
70 48 528
70 49 441
70 50 185
70 52 12
70 57 465
70 58 780
70 60 807
70 61 967
70 62 945
70 63 875
70 64 308
70 65 997
70 67 500
70 68 260
71 6 917
71 7 952
71 8 508
71 11 817
71 12 841
71 13 665
71 14 688
71 18 785
71 20 507
71 21 185
71 26 422
71 27 794
71 30 383
71 31 980
71 32 469
71 34 179
71 39 841
71 42 902
71 44 102
71 45 220
71 52 607
71 53 665
71 55 737
71 58 771
71 59 770
71 60 326
71 62 620
71 63 66
71 64 559
72 2 312
72 5 266
72 6 686
72 7 143
72 9 986
72 10 832
72 11 670
72 12 500
72 13 306
72 14 984
72 16 428
72 18 808
72 19 262
72 20 866
72 24 325
72 25 676
72 27 171
72 29 188
72 31 667
72 33 198
72 34 29
72 35 951
72 37 466
72 38 694
72 39 838
72 44 310
72 45 958
72 47 896
72 49 309
72 52 709
72 53 816
72 54 622
72 55 193
72 57 310
72 61 98
72 62 879
72 63 793
72 69 679
72 70 60
73 1 954
73 2 101
73 3 37
73 5 900
73 7 251
73 8 965
73 12 677
73 13 99
73 16 597
73 18 120
73 19 786
73 20 259
73 21 677
73 23 6
73 24 908
73 25 400
73 26 519
73 27 193
73 30 461
73 31 285
73 32 943
73 33 934
73 34 698
73 35 861
73 36 88
73 38 772
73 42 845
73 44 969
73 45 69
73 46 932
73 48 988
73 51 264
73 53 975
73 57 877
73 64 294
73 65 350
73 68 485
73 69 15
73 71 756
74 1 115
74 2 913
74 6 590
74 7 990
74 8 912
74 10 764
74 11 891
74 16 266
74 17 811
74 18 171
74 19 154
74 23 220
74 24 49
74 27 292
74 31 331
74 33 955
74 34 977
74 35 699
74 36 126
74 37 266
74 42 312
74 43 118
74 44 650
74 45 178
74 46 429
74 47 530
74 48 138
74 49 969
74 50 389
74 53 28
74 56 848
74 57 235
74 58 279
74 60 23
74 61 375
74 63 686
74 64 573
74 66 723
74 67 601
74 70 596
74 72 469
74 73 573
75 3 67
75 4 827
75 5 972
75 8 741
75 11 263
75 13 28
75 16 688
75 17 259
75 19 904
75 20 400
75 21 366
75 22 157
75 23 536
75 24 604
75 26 917
75 27 883
75 29 654
75 32 9
75 33 233
75 35 300
75 37 413
75 41 104
75 42 794
75 45 85
75 47 873
75 50 631
75 51 947
75 52 881
75 55 436
75 56 937
75 58 740
75 59 269
75 62 890
75 64 229
75 66 186
75 69 134
75 70 815
75 73 396
75 74 332
76 1 384
76 2 238
76 3 865
76 7 178
76 8 257
76 12 16
76 16 311
76 17 958
76 25 945
76 26 771
76 29 147
76 31 385
76 32 267
76 33 603
76 36 548
76 37 566
76 38 639
76 41 108
76 42 771
76 44 164
76 46 501
76 48 87
76 49 201
76 51 847
76 54 329
76 55 826
76 58 8
76 59 679
76 60 103
76 62 137
76 63 38
76 66 14
76 72 138
76 73 624
76 74 907
77 2 39
77 8 818
77 9 613
77 11 598
77 13 701
77 14 596
77 15 455
77 16 300
77 18 881
77 19 746
77 21 574
77 24 954
77 27 626
77 29 952
77 30 299
77 31 651
77 38 479
77 39 471
77 44 703
77 46 218
77 49 169
77 55 255
77 56 692
77 57 624
77 61 733
77 62 166
77 64 494
77 65 442
77 71 297
77 73 188
77 74 274
77 75 324
78 5 372
78 7 892
78 8 741
78 9 516
78 11 326
78 15 547
78 16 32
78 18 17
78 21 340
78 22 606
78 26 538
78 27 997
78 28 61
78 29 997
78 30 671
78 33 85
78 37 673
78 39 52
78 42 866
78 45 86
78 47 926
78 48 59
78 49 169
78 55 552
78 56 642
78 59 209
78 62 362
78 63 860
78 64 182
78 65 556
78 67 760
78 68 468
78 75 834
78 76 780
79 2 122
79 3 146
79 4 60
79 5 699
79 6 636
79 8 185
79 9 933
79 10 80
79 13 803
79 18 193
79 19 1000
79 23 727
79 25 716
79 26 726
79 27 479
79 28 107
79 31 268
79 33 925
79 35 110
79 36 950
79 37 636
79 38 586
79 41 665
79 45 639
79 47 859
79 48 540
79 50 732
79 51 885
79 52 990
79 53 778
79 54 522
79 58 482
79 59 714
79 60 200
79 62 861
79 63 778
79 66 677
79 68 537
79 69 352
79 70 35
79 71 153
79 72 504
79 74 581
79 77 269
79 78 954
80 7 889
80 11 415
80 12 638
80 13 351
80 15 326
80 16 110
80 21 540
80 22 855
80 24 668
80 25 446
80 26 172
80 29 434
80 33 266
80 34 285
80 38 456
80 39 818
80 40 655
80 41 553
80 43 368
80 45 936
80 47 174
80 50 569
80 51 736
80 53 97
80 54 832
80 55 499
80 56 331
80 57 303
80 59 752
80 60 381
80 64 206
80 66 477
80 67 823
80 69 141
80 70 56
80 71 372
80 73 865
80 74 239
80 76 944
80 78 884
81 6 308
81 10 29
81 11 925
81 13 495
81 14 30
81 15 426
81 16 182
81 17 902
81 21 96
81 22 126
81 23 580
81 31 152
81 32 402
81 34 289
81 36 703
81 37 28
81 40 885
81 41 485
81 44 3
81 46 475
81 47 879
81 50 579
81 59 222
81 65 779
81 68 883
81 71 643
81 74 292
81 76 777
81 79 382
82 1 31
82 3 70
82 5 88
82 6 652
82 7 414
82 14 241
82 15 983
82 16 791
82 17 724
82 18 324
82 22 562
82 24 740
82 25 175
82 27 112
82 31 3
82 32 237
82 33 331
82 37 830
82 38 389
82 42 469
82 44 930
82 45 696
82 46 854
82 48 184
82 49 466
82 50 849
82 51 594
82 52 824
82 53 484
82 59 474
82 60 877
82 61 767
82 62 887
82 64 360
82 65 502
82 70 86
82 72 274
82 74 694
82 80 13
82 81 583
83 1 453
83 2 721
83 3 417
83 4 540
83 6 821
83 7 917
83 8 142
83 11 330
83 12 705
83 13 211
83 17 695
83 21 571
83 22 23
83 25 751
83 27 91
83 30 735
83 33 2
83 34 51
83 36 844
83 43 355
83 44 820
83 46 641
83 48 576
83 49 214
83 50 1
83 51 864
83 54 220
83 56 473
83 59 765
83 60 376
83 63 464
83 64 99
83 65 983
83 72 784
83 74 49
83 76 470
83 82 984
84 1 418
84 2 644
84 3 577
84 4 28
84 5 561
84 9 216
84 10 422
84 11 701
84 13 783
84 14 148
84 15 441
84 16 256
84 18 529
84 19 493
84 20 861
84 22 17
84 25 858
84 27 15
84 29 964
84 30 655
84 31 11
84 32 594
84 34 800
84 36 95
84 37 930
84 38 407
84 39 400
84 40 198
84 41 602
84 42 790
84 45 995
84 46 210
84 47 276
84 48 477
84 49 154
84 50 472
84 51 900
84 52 883
84 54 9
84 58 506
84 59 638
84 66 219
84 67 227
84 68 981
84 70 613
84 71 859
84 73 728
84 75 488
84 83 383
85 1 643
85 2 142
85 3 896
85 4 192
85 9 156
85 10 596
85 12 747
85 13 606
85 14 563
85 15 131
85 19 150
85 22 193
85 23 490
85 24 548
85 27 414
85 29 993
85 32 808
85 35 862
85 36 306
85 37 750
85 39 912
85 40 831
85 41 843
85 42 121
85 43 675
85 44 619
85 46 828
85 51 344
85 52 722
85 55 523
85 56 926
85 61 939
85 62 845
85 64 644
85 67 8
85 68 684
85 73 695
85 74 623
85 75 707
85 76 715
85 77 113
85 78 739
85 79 909
85 81 252
85 82 855
85 83 685
86 1 352
86 2 270
86 3 433
86 5 286
86 6 225
86 7 717
86 8 344
86 9 907
86 11 312
86 12 423
86 13 942
86 16 733
86 17 391
86 18 178
86 19 665
86 22 646
86 24 252
86 27 179
86 29 790
86 34 320
86 35 61
86 36 223
86 39 806
86 44 789
86 45 386
86 47 168
86 50 829
86 53 301
86 54 544
86 55 736
86 58 684
86 60 316
86 63 216
86 65 800
86 66 211
86 72 282
86 74 795
86 75 825
86 76 487
86 77 77
86 79 950
86 80 841
86 81 409
86 82 84
86 83 251
87 1 474
87 2 472
87 4 552
87 5 290
87 6 746
87 7 298
87 8 126
87 10 561
87 12 423
87 13 757
87 20 966
87 21 660
87 29 599
87 30 820
87 38 348
87 40 76
87 41 254
87 44 657
87 45 345
87 48 524
87 52 247
87 53 160
87 54 440
87 57 365
87 58 635
87 60 227
87 61 309
87 64 771
87 66 766
87 68 723
87 70 643
87 74 687
87 80 212
87 83 795
87 86 676
88 4 428
88 6 897
88 9 902
88 10 572
88 12 736
88 13 100
88 16 80
88 18 31
88 21 976
88 24 293
88 26 728
88 27 226
88 28 972
88 33 484
88 35 553
88 38 290
88 40 328
88 42 907
88 44 86
88 45 679
88 46 989
88 49 3
88 51 880
88 52 950
88 53 167
88 54 332
88 57 467
88 58 826
88 60 879
88 61 666
88 65 245
88 66 521
88 69 111
88 71 77
88 73 261
88 74 697
88 76 383
88 78 641
88 80 909
88 83 849
88 85 158
88 86 708
89 3 651
89 7 364
89 8 350
89 10 851
89 11 399
89 12 277
89 13 679
89 14 686
89 18 370
89 21 951
89 23 846
89 24 48
89 25 705
89 26 982
89 28 436
89 29 582
89 31 723
89 33 109
89 38 174
89 39 691
89 40 354
89 47 991
89 50 269
89 52 769
89 53 88
89 55 223
89 58 397
89 59 95
89 61 617
89 62 337
89 65 573
89 66 666
89 71 786
89 73 754
89 74 918
89 76 860
89 77 666
89 79 702
89 81 30
89 83 184
89 84 817
89 88 161
90 1 794
90 4 505
90 5 207
90 7 440
90 9 491
90 12 757
90 14 635
90 17 74
90 18 806
90 20 372
90 22 745
90 25 22
90 28 610
90 29 545
90 33 377
90 34 265
90 35 615
90 36 362
90 38 47
90 41 770
90 42 30
90 45 967
90 46 666
90 49 733
90 51 408
90 52 87
90 53 783
90 54 308
90 55 677
90 56 875
90 58 892
90 62 93
90 71 893
90 72 885
90 73 486
90 76 887
90 77 288
90 81 743
90 83 732
90 85 857
90 86 871
90 88 157
90 89 235
91 5 390
91 8 428
91 13 40
91 14 294
91 15 776
91 16 643
91 17 250
91 19 891
91 20 886
91 24 275
91 26 124
91 28 878
91 29 241
91 31 36
91 33 802
91 34 838
91 35 955
91 38 342
91 41 530
91 43 843
91 45 92
91 48 335
91 49 750
91 50 773
91 51 130
91 53 127
91 57 807
91 58 916
91 59 27
91 60 385
91 62 466
91 63 286
91 65 65
91 67 767
91 68 700
91 70 198
91 72 467
91 73 786
91 74 205
91 75 263
91 77 67
91 79 886
91 80 626
91 82 460
91 84 551
91 87 437
91 88 650
91 89 406
92 2 91
92 5 111
92 6 142
92 9 953
92 10 250
92 11 583
92 12 701
92 14 444
92 15 887
92 20 88
92 22 29
92 29 788
92 30 88
92 31 439
92 33 798
92 34 283
92 38 915
92 44 475
92 48 540
92 49 49
92 50 437
92 52 346
92 53 334
92 54 212
92 55 120
92 56 202
92 57 434
92 59 862
92 60 655
92 65 449
92 66 48
92 68 512
92 71 974
92 75 214
92 77 886
92 78 699
92 82 818
92 84 535
92 85 729
92 86 590
92 87 842
92 88 412
92 90 234
92 91 407
93 1 731
93 2 744
93 6 930
93 7 384
93 10 144
93 11 951
93 12 945
93 16 654
93 17 77
93 18 992
93 19 463
93 24 698
93 25 710
93 26 617
93 27 5
93 29 473
93 30 418
93 33 821
93 35 296
93 37 830
93 39 354
93 40 57
93 41 945
93 43 620
93 46 548
93 50 962
93 53 658
93 61 951
93 62 225
93 64 133
93 66 426
93 67 318
93 68 526
93 70 961
93 71 441
93 76 391
93 77 418
93 78 422
93 80 341
93 81 484
93 82 986
93 83 300
93 91 592
94 1 184
94 3 336
94 7 18
94 8 432
94 9 790
94 11 95
94 12 750
94 13 870
94 15 174
94 16 61
94 18 728
94 21 760
94 22 541
94 23 677
94 25 992
94 27 998
94 28 717
94 30 520
94 35 140
94 37 756
94 41 175
94 45 944
94 47 768
94 48 665
94 49 535
94 52 975
94 53 613
94 55 85
94 57 285
94 58 724
94 60 736
94 61 607
94 62 752
94 65 495
94 67 570
94 69 23
94 71 417
94 72 242
94 74 986
94 75 731
94 77 763
94 78 586
94 80 246
94 82 209
94 86 846
94 87 796
94 88 401
94 90 591
94 91 379
94 92 152
94 93 700
95 1 459
95 5 737
95 8 721
95 11 92
95 12 836
95 17 310
95 23 940
95 26 18
95 28 534
95 29 625
95 30 29
95 31 258
95 35 783
95 37 772
95 42 937
95 43 807
95 47 807
95 48 634
95 50 763
95 52 923
95 55 55
95 56 394
95 58 277
95 59 591
95 60 29
95 61 318
95 62 505
95 63 553
95 66 82
95 67 916
95 68 172
95 69 94
95 70 393
95 71 473
95 73 190
95 74 82
95 75 672
95 76 852
95 79 819
95 80 765
95 81 128
95 83 148
95 84 486
95 87 23
95 88 558
95 90 187
96 3 604
96 6 641
96 7 935
96 9 141
96 11 637
96 12 55
96 14 516
96 17 893
96 19 504
96 25 586
96 26 501
96 27 802
96 28 803
96 31 88
96 32 111
96 33 457
96 36 34
96 38 627
96 39 357
96 40 347
96 42 75
96 50 321
96 51 932
96 52 593
96 54 864
96 55 442
96 56 898
96 57 711
96 59 351
96 60 728
96 61 358
96 68 165
96 69 989
96 71 41
96 72 77
96 73 456
96 74 221
96 76 287
96 79 323
96 82 647
96 84 952
96 88 964
96 89 205
96 90 216
96 91 304
96 93 268
97 2 280
97 8 420
97 10 123
97 12 929
97 15 954
97 17 207
97 18 300
97 29 717
97 30 908
97 31 29
97 32 198
97 33 417
97 41 808
97 44 944
97 45 756
97 48 395
97 51 133
97 52 774
97 54 672
97 55 710
97 56 320
97 57 527
97 59 179
97 65 129
97 68 18
97 69 515
97 70 698
97 72 992
97 73 798
97 74 358
97 76 471
97 83 334
97 84 693
97 85 284
97 86 58
97 89 513
97 93 253
97 94 668
97 95 340
97 96 790
98 1 892
98 4 970
98 6 468
98 7 503
98 9 279
98 10 475
98 14 767
98 18 923
98 19 460
98 21 109
98 22 310
98 24 198
98 25 866
98 26 422
98 29 283
98 30 526
98 31 985
98 33 139
98 34 310
98 35 899
98 40 409
98 41 645
98 42 372
98 43 238
98 46 876
98 47 489
98 48 442
98 51 895
98 52 114
98 53 179
98 54 30
98 55 301
98 56 416
98 59 361
98 60 557
98 61 908
98 62 739
98 68 603
98 69 19
98 70 681
98 71 1000
98 72 160
98 73 145
98 76 979
98 77 478
98 79 926
98 83 365
98 84 307
98 86 845
98 87 969
98 90 809
98 92 365
98 93 200
98 95 474
98 96 42
98 97 953
99 2 514
99 3 810
99 4 53
99 5 732
99 7 518
99 8 397
99 10 232
99 12 817
99 15 641
99 16 239
99 19 87
99 20 868
99 23 421
99 25 323
99 28 280
99 30 728
99 31 15
99 33 531
99 34 56
99 36 176
99 37 539
99 39 546
99 41 472
99 43 612
99 45 879
99 46 850
99 47 60
99 49 952
99 51 646
99 52 327
99 53 117
99 54 751
99 55 206
99 56 877
99 58 498
99 60 273
99 62 937
99 66 305
99 68 271
99 69 741
99 70 494
99 71 425
99 73 530
99 74 631
99 75 583
99 77 560
99 79 735
99 80 102
99 83 766
99 84 432
99 86 554
99 88 225
99 90 303
99 91 666
99 94 606
99 95 630
99 96 190
