100
3 2 919
4 2 978
5 2 985
6 3 910
6 4 837
6 5 806
7 1 269
7 2 936
7 3 322
7 5 400
7 6 851
8 5 451
8 7 248
9 1 694
9 3 749
9 7 438
10 3 109
10 7 791
10 9 617
11 1 413
11 2 634
11 3 212
11 5 974
11 6 514
11 8 856
11 9 151
12 2 292
12 3 211
12 4 217
12 7 603
12 8 829
13 1 458
13 2 377
13 3 301
13 7 711
13 8 225
13 9 512
13 11 254
13 12 144
14 2 890
14 5 892
14 11 376
14 13 948
15 7 520
15 8 272
15 11 608
15 14 165
16 1 349
16 3 155
16 5 363
16 6 112
16 7 509
16 8 698
16 9 739
16 15 678
17 1 24
17 2 821
17 5 371
17 8 414
17 12 295
17 14 971
17 15 442
17 16 288
18 1 409
18 3 474
18 4 41
18 5 943
18 7 930
18 8 723
18 10 445
18 11 926
18 12 500
18 13 175
18 15 40
18 16 932
18 17 562
19 3 433
19 4 119
19 5 330
19 6 926
19 7 954
19 8 254
19 11 663
19 12 711
19 13 966
19 16 928
19 18 73
20 1 332
20 2 633
20 6 669
20 7 874
20 8 59
20 9 632
20 10 151
21 2 392
21 4 984
21 5 120
21 7 312
21 8 712
21 13 279
21 14 579
21 16 320
21 18 191
21 20 478
22 5 715
22 6 121
22 8 460
22 9 800
22 10 689
22 14 408
22 15 532
22 16 66
22 17 31
22 20 834
22 21 307
23 1 889
23 4 652
23 6 754
23 8 213
23 10 858
23 12 899
23 13 267
23 17 211
23 18 904
23 19 939
23 21 551
23 22 55
24 6 318
24 7 726
24 9 7
24 10 369
24 11 889
24 13 766
24 14 472
24 18 364
24 19 889
24 20 445
24 21 437
25 2 902
25 3 178
25 5 212
25 9 741
25 10 507
25 11 314
25 12 815
25 14 612
25 15 533
25 17 76
25 18 199
25 21 257
25 22 55
25 23 763
25 24 922
26 4 893
26 5 785
26 8 674
26 9 226
26 12 715
26 13 726
26 14 586
26 16 628
26 17 914
26 18 243
26 20 604
26 22 680
26 23 153
26 24 508
27 6 602
27 8 135
27 10 894
27 11 840
27 12 324
27 13 718
27 15 139
27 18 63
27 22 520
27 25 911
28 1 13
28 2 573
28 3 420
28 4 608
28 5 291
28 7 951
28 9 559
28 10 233
28 11 320
28 12 885
28 14 837
28 16 606
28 19 58
28 22 713
28 23 971
29 1 516
29 2 138
29 4 553
29 7 523
29 8 484
29 10 751
29 12 835
29 13 995
29 16 41
29 22 85
29 23 363
29 24 595
29 26 797
29 27 38
29 28 99
30 3 519
30 6 234
30 7 851
30 9 535
30 11 501
30 12 586
30 13 640
30 16 436
30 18 528
30 19 625
30 20 423
30 21 428
30 22 769
30 23 807
30 28 185
30 29 484
31 1 827
31 3 284
31 5 238
31 8 684
31 9 170
31 12 766
31 13 386
31 14 439
31 17 645
31 18 193
31 19 15
31 20 990
31 21 684
31 22 400
31 23 806
31 24 609
31 26 635
31 27 105
31 30 330
32 4 706
32 5 626
32 6 378
32 7 870
32 8 614
32 9 146
32 12 515
32 14 641
32 16 903
32 20 151
32 26 612
32 27 511
32 29 443
32 30 730
33 3 553
33 4 596
33 5 980
33 7 323
33 8 513
33 9 354
33 11 756
33 12 101
33 18 460
33 20 934
33 25 837
33 26 749
33 27 526
33 29 355
33 30 25
34 1 289
34 7 699
34 8 590
34 14 602
34 15 655
34 17 794
34 18 492
34 21 232
34 22 67
34 23 641
34 24 198
34 26 183
34 29 322
34 30 176
34 31 479
34 32 372
35 1 112
35 3 271
35 6 321
35 7 121
35 9 84
35 11 267
35 13 298
35 15 248
35 18 762
35 20 302
35 21 531
35 22 609
35 23 307
35 24 389
35 25 109
35 26 784
35 28 488
35 29 600
35 31 832
35 32 453
36 1 972
36 2 701
36 6 741
36 10 794
36 13 602
36 14 677
36 15 404
36 17 437
36 19 793
36 21 461
36 22 885
36 23 868
36 26 288
36 28 219
36 29 77
36 31 52
36 32 747
36 34 29
36 35 112
37 1 20
37 2 2
37 3 519
37 5 896
37 6 646
37 7 107
37 9 206
37 10 44
37 15 155
37 16 191
37 19 449
37 21 971
37 22 276
37 23 177
37 25 812
37 26 532
37 27 894
37 28 946
37 33 446
37 34 42
37 35 823
37 36 343
38 1 846
38 3 514
38 7 980
38 9 62
38 13 678
38 14 369
38 19 408
38 20 578
38 21 759
38 24 101
38 25 599
38 26 906
38 27 898
38 28 561
38 29 408
38 32 889
38 34 644
38 36 113
38 37 111
39 2 365
39 5 725
39 7 470
39 9 229
39 10 596
39 11 533
39 12 873
39 16 853
39 17 453
39 19 476
39 21 451
39 24 521
39 25 822
39 26 57
39 27 701
39 28 491
39 30 434
39 31 758
39 35 563
39 36 493
39 37 322
39 38 84
40 3 269
40 4 851
40 5 200
40 8 535
40 11 461
40 14 325
40 16 237
40 17 77
40 18 632
40 21 151
40 22 167
40 23 434
40 24 489
40 26 831
40 31 607
40 32 480
40 33 568
40 34 866
40 35 467
40 38 560
41 3 240
41 4 515
41 6 615
41 8 127
41 9 962
41 14 361
41 15 700
41 20 448
41 23 615
41 30 20
41 33 734
41 34 253
41 35 293
41 36 124
42 2 261
42 3 876
42 5 839
42 6 956
42 7 560
42 8 812
42 9 701
42 14 287
42 17 773
42 18 877
42 21 906
42 22 455
42 23 120
42 25 268
42 28 648
42 29 835
42 32 741
42 33 561
42 36 427
42 37 358
42 38 130
42 40 478
43 3 186
43 5 190
43 6 411
43 8 344
43 9 38
43 12 182
43 13 281
43 14 556
43 17 569
43 20 88
43 21 685
43 22 115
43 23 917
43 25 161
43 27 908
43 28 132
43 29 55
43 32 1
43 35 527
43 36 891
43 37 970
43 40 785
44 1 199
44 2 535
44 3 540
44 4 821
44 8 49
44 9 317
44 10 183
44 12 292
44 14 426
44 18 903
44 19 478
44 20 771
44 23 151
44 24 875
44 29 614
44 30 898
44 31 44
44 33 121
44 37 644
44 38 499
44 40 760
44 41 259
44 42 72
45 7 418
45 9 861
45 15 440
45 16 837
45 18 555
45 19 998
45 21 228
45 26 398
45 27 99
45 30 971
45 31 266
45 33 521
45 36 519
45 40 534
45 41 85
46 3 523
46 4 335
46 5 145
46 8 553
46 10 983
46 12 47
46 13 788
46 14 229
46 17 185
46 18 44
46 19 785
46 20 68
46 21 661
46 22 378
46 23 713
46 26 631
46 27 552
46 28 207
46 30 578
46 31 366
46 35 893
46 36 896
46 37 633
46 41 831
46 42 705
46 43 652
46 44 276
47 4 233
47 5 758
47 8 27
47 9 943
47 13 760
47 15 484
47 16 305
47 17 452
47 18 574
47 19 749
47 20 24
47 21 848
47 23 111
47 24 80
47 25 918
47 26 287
47 27 409
47 33 457
47 35 677
47 37 615
47 39 87
47 42 236
47 46 603
48 1 54
48 2 41
48 3 319
48 4 493
48 5 24
48 6 611
48 7 458
48 8 478
48 14 261
48 15 870
48 17 204
48 18 630
48 19 241
48 20 446
48 21 511
48 24 625
48 27 503
48 31 985
48 32 958
48 33 646
48 35 286
48 38 197
48 40 17
48 45 556
48 47 209
49 2 819
49 4 396
49 7 619
49 8 539
49 11 918
49 12 208
49 13 255
49 16 608
49 20 347
49 21 218
49 26 608
49 31 944
49 35 172
49 37 542
49 38 198
49 40 676
49 41 98
49 42 313
49 43 251
49 44 368
49 45 674
49 46 41
49 47 733
49 48 913
50 1 207
50 6 197
50 8 44
50 14 230
50 15 865
50 16 804
50 17 436
50 18 468
50 20 189
50 21 601
50 27 821
50 28 939
50 30 782
50 32 124
50 33 817
50 36 224
50 39 526
50 41 191
50 42 757
50 45 705
50 47 179
50 48 801
51 1 162
51 7 119
51 15 242
51 17 202
51 19 724
51 20 664
51 25 519
51 28 649
51 29 602
51 32 750
51 33 668
51 36 70
51 39 862
51 42 437
51 43 657
51 44 853
51 46 661
51 47 455
51 48 27
51 50 524
52 1 434
52 3 67
52 4 341
52 6 150
52 12 927
52 14 753
52 16 137
52 17 708
52 19 548
52 21 212
52 23 787
52 24 385
52 29 43
52 30 592
52 31 183
52 33 678
52 36 808
52 39 399
52 40 285
52 42 327
52 44 825
52 47 708
52 49 884
53 1 64
53 3 410
53 4 751
53 5 771
53 6 124
53 9 104
53 11 223
53 12 574
53 15 714
53 16 625
53 17 363
53 21 778
53 22 831
53 25 309
53 27 541
53 28 543
53 30 771
53 31 880
53 33 468
53 35 165
53 38 207
53 39 172
53 40 327
53 41 755
53 42 295
53 43 175
53 45 577
53 48 960
53 49 366
54 1 463
54 2 216
54 4 672
54 6 37
54 9 984
54 10 76
54 12 87
54 14 81
54 15 549
54 19 713
54 23 60
54 25 420
54 26 842
54 28 91
54 30 335
54 35 183
54 36 108
54 38 606
54 40 275
54 43 363
54 44 530
54 47 974
54 48 840
54 49 304
54 53 713
55 2 494
55 4 571
55 6 562
55 7 619
55 8 540
55 10 841
55 15 962
55 17 599
55 18 112
55 19 877
55 20 469
55 21 124
55 28 269
55 29 30
55 30 844
55 33 216
55 34 637
55 35 689
55 37 650
55 38 657
55 40 154
55 41 7
55 42 705
55 44 772
55 45 516
55 46 40
55 47 631
55 48 860
55 49 904
55 53 788
56 1 639
56 5 883
56 7 250
56 8 266
56 10 842
56 11 682
56 12 150
56 13 840
56 16 40
56 19 64
56 22 98
56 24 678
56 27 235
56 28 981
56 30 701
56 31 485
56 41 407
56 42 451
56 44 112
56 46 546
56 49 467
56 50 985
56 51 490
56 52 737
56 54 527
56 55 618
57 2 709
57 3 449
57 9 239
57 10 317
57 11 457
57 15 89
57 17 132
57 19 105
57 23 91
57 26 684
57 29 831
57 35 769
57 37 149
57 38 252
57 39 842
57 40 158
57 44 480
57 45 755
57 49 389
57 51 20
57 53 952
57 54 817
57 56 950
58 2 624
58 10 3
58 11 349
58 12 960
58 13 325
58 14 100
58 16 514
58 19 285
58 23 249
58 24 122
58 26 25
58 27 635
58 29 104
58 30 139
58 32 609
58 34 788
58 36 414
58 37 454
58 38 795
58 40 585
58 43 160
58 44 526
58 56 451
59 1 878
59 2 426
59 3 32
59 4 593
59 5 258
59 7 367
59 8 873
59 9 652
59 10 727
59 11 984
59 14 584
59 19 849
59 20 91
59 21 902
59 23 775
59 26 723
59 28 396
59 29 389
59 35 738
59 36 103
59 41 253
59 44 966
59 45 548
59 50 506
59 53 297
59 54 465
59 55 507
60 1 497
60 3 326
60 4 598
60 7 316
60 8 497
60 9 39
60 11 74
60 16 549
60 17 403
60 18 192
60 19 548
60 20 81
60 26 616
60 32 102
60 33 933
60 34 759
60 35 497
60 36 37
60 37 732
60 38 311
60 39 396
60 42 402
60 46 217
60 48 625
60 51 569
60 52 209
60 53 1000
60 54 436
60 55 342
60 57 739
60 58 685
61 1 205
61 3 688
61 4 639
61 6 122
61 7 641
61 10 125
61 11 613
61 12 966
61 14 765
61 16 521
61 19 505
61 21 4
61 23 151
61 25 243
61 26 407
61 27 50
61 28 54
61 30 902
61 32 945
61 33 115
61 36 40
61 37 915
61 39 431
61 40 210
61 44 858
61 46 803
61 49 213
61 51 367
61 52 355
61 53 230
61 56 211
61 57 93
61 58 454
61 59 743
62 2 266
62 3 607
62 4 310
62 6 142
62 8 342
62 9 421
62 13 784
62 16 74
62 17 854
62 19 444
62 23 365
62 26 863
62 29 25
62 31 745
62 35 231
62 36 56
62 37 740
62 41 890
62 42 320
62 44 139
62 45 615
62 49 58
62 50 806
62 53 703
62 55 610
62 56 225
62 58 265
62 59 668
62 61 512
63 1 630
63 2 92
63 3 196
63 4 360
63 5 44
63 7 848
63 11 154
63 12 536
63 15 988
63 17 789
63 19 803
63 20 407
63 23 642
63 24 824
63 26 11
63 28 964
63 31 11
63 33 121
63 38 213
63 40 776
63 41 63
63 42 534
63 46 187
63 47 655
63 48 685
63 51 661
63 52 218
63 54 956
63 55 160
63 59 674
63 62 229
64 1 765
64 2 899
64 4 471
64 8 592
64 9 201
64 11 970
64 13 254
64 14 242
64 15 706
64 16 42
64 17 970
64 18 683
64 20 332
64 23 548
64 24 533
64 25 138
64 29 219
64 33 994
64 34 180
64 35 720
64 38 422
64 40 698
64 41 876
64 42 292
64 43 710
64 45 64
64 48 727
64 49 687
64 50 516
64 52 649
64 53 726
64 54 652
64 55 287
64 58 682
64 61 958
65 3 802
65 5 913
65 14 907
65 17 15
65 19 162
65 20 314
65 21 815
65 22 301
65 23 515
65 25 148
65 26 604
65 28 192
65 29 802
65 30 359
65 31 413
65 32 873
65 36 331
65 38 326
65 40 30
65 42 984
65 44 627
65 47 505
65 51 929
65 52 842
65 54 932
65 55 892
65 56 588
65 59 65
65 60 19
65 61 845
65 64 305
66 1 582
66 2 991
66 3 258
66 6 872
66 8 929
66 9 236
66 10 311
66 11 417
66 13 655
66 16 87
66 19 439
66 21 624
66 22 815
66 29 819
66 31 206
66 33 145
66 37 58
66 40 464
66 41 494
66 42 484
66 43 234
66 44 752
66 45 305
66 49 981
66 50 651
66 51 944
66 53 121
66 56 790
66 57 638
66 59 361
66 60 828
66 62 398
66 63 284
66 64 635
67 2 944
67 5 84
67 7 140
67 9 851
67 10 180
67 11 951
67 12 43
67 15 797
67 16 380
67 21 909
67 22 533
67 29 825
67 30 898
67 32 398
67 33 998
67 34 532
67 37 70
67 38 8
67 41 339
67 43 488
67 46 336
67 49 534
67 51 703
67 52 698
67 53 358
67 54 571
67 56 300
67 57 454
67 58 384
67 59 150
67 60 871
67 62 982
67 63 94
67 64 883
67 66 3
68 1 845
68 6 328
68 7 420
68 9 745
68 10 46
68 13 71
68 14 234
68 15 138
68 16 966
68 21 560
68 28 505
68 29 161
68 30 397
68 33 91
68 36 365
68 38 140
68 41 871
68 42 289
68 45 475
68 47 39
68 48 731
68 49 727
68 55 952
68 56 245
68 57 657
68 59 9
68 60 426
68 62 445
68 63 398
68 66 406
69 1 34
69 3 639
69 4 585
69 5 578
69 6 549
69 7 884
69 10 573
69 11 854
69 13 19
69 15 541
69 16 585
69 17 996
69 19 378
69 20 83
69 21 900
69 22 989
69 25 674
69 26 58
69 27 910
69 29 208
69 32 653
69 33 2
69 34 872
69 35 938
69 36 505
69 37 595
69 38 951
69 39 425
69 40 229
69 44 197
69 46 266
69 47 617
69 49 23
69 50 66
69 51 891
69 55 390
69 56 950
69 57 273
69 58 739
69 60 488
69 61 29
69 64 50
69 65 423
69 66 955
69 68 124
70 3 155
70 6 666
70 8 25
70 11 555
70 14 980
70 15 172
70 18 526
70 19 730
70 20 251
70 22 587
70 23 914
70 24 113
70 26 997
70 29 315
70 30 926
70 32 651
70 33 646
70 34 329
70 35 410
70 38 367
70 39 440
70 41 172
70 47 365
70 48 63
70 51 40
70 52 854
70 53 134
70 55 497
70 57 699
70 59 541
70 60 448
70 61 594
70 62 819
70 63 160
70 64 663
70 67 496
71 1 746
71 5 345
71 7 567
71 9 717
71 11 671
71 12 339
71 13 106
71 14 188
71 17 617
71 18 893
71 19 308
71 20 805
71 22 661
71 23 580
71 24 478
71 27 889
71 28 506
71 29 579
71 31 707
71 32 508
71 33 933
71 34 112
71 35 577
71 37 64
71 38 550
71 39 549
71 40 214
71 41 121
71 42 51
71 43 987
71 46 282
71 49 107
71 55 350
71 59 53
71 61 159
71 62 234
71 64 456
71 66 464
71 67 9
71 69 685
71 70 154
72 1 219
72 2 616
72 3 937
72 4 377
72 5 1
72 8 156
72 9 390
72 12 760
72 13 407
72 15 631
72 17 270
72 19 882
72 21 997
72 22 830
72 23 273
72 25 440
72 28 55
72 29 977
72 30 298
72 32 120
72 33 826
72 34 710
72 35 858
72 36 67
72 37 321
72 38 973
72 39 759
72 41 156
72 43 143
72 44 118
72 46 733
72 47 233
72 48 820
72 49 830
72 50 432
72 51 536
72 53 423
72 54 110
72 58 86
72 60 515
72 61 161
72 62 818
72 65 811
72 66 979
72 68 17
72 69 144
72 70 79
72 71 362
73 1 353
73 2 51
73 3 501
73 4 161
73 5 642
73 7 494
73 8 897
73 11 725
73 14 606
73 16 657
73 22 344
73 24 775
73 25 199
73 26 203
73 29 575
73 32 901
73 33 391
73 36 124
73 37 879
73 38 181
73 41 539
73 43 995
73 44 933
73 46 221
73 50 808
73 52 322
73 53 52
73 55 659
73 58 634
73 62 61
73 63 985
73 65 856
73 71 816
74 1 985
74 2 421
74 5 337
74 8 503
74 10 672
74 14 831
74 15 463
74 18 133
74 19 343
74 20 671
74 21 350
74 22 527
74 23 459
74 25 405
74 26 639
74 27 306
74 30 636
74 35 893
74 36 58
74 38 786
74 39 536
74 40 787
74 41 220
74 42 40
74 44 284
74 45 395
74 48 692
74 49 642
74 50 39
74 52 726
74 55 968
74 56 847
74 62 165
74 63 42
74 64 84
74 65 679
74 66 322
74 69 778
74 70 179
74 71 379
74 73 840
75 1 45
75 4 336
75 6 380
75 8 649
75 9 248
75 13 458
75 15 192
75 17 418
75 18 649
75 21 465
75 24 141
75 25 907
75 26 128
75 27 468
75 29 108
75 31 917
75 32 237
75 34 351
75 38 857
75 39 449
75 45 152
75 49 536
75 51 935
75 53 431
75 54 317
75 55 678
75 56 561
75 59 438
75 60 931
75 62 129
75 66 626
75 67 84
75 72 136
75 73 356
76 1 800
76 3 264
76 5 672
76 6 64
76 7 276
76 9 132
76 10 747
76 13 168
76 16 164
76 24 845
76 25 385
76 27 645
76 28 117
76 29 834
76 31 852
76 33 112
76 35 87
76 37 75
76 38 376
76 39 887
76 40 764
76 42 569
76 43 359
76 46 302
76 48 581
76 49 472
76 51 103
76 53 614
76 55 427
76 57 526
76 58 881
76 60 560
76 61 271
76 63 813
76 64 227
76 66 545
76 67 448
76 68 317
76 70 946
76 71 491
76 73 615
77 1 323
77 2 919
77 7 4
77 8 567
77 9 909
77 10 560
77 11 815
77 12 296
77 13 956
77 15 631
77 16 46
77 18 102
77 20 145
77 21 860
77 26 924
77 27 815
77 32 535
77 35 884
77 38 854
77 40 117
77 42 355
77 49 482
77 50 431
77 53 685
77 54 846
77 60 257
77 61 759
77 62 234
77 63 133
77 65 150
77 67 298
77 69 825
77 72 240
77 73 674
77 74 108
77 75 78
77 76 894
78 1 726
78 5 718
78 8 758
78 13 616
78 15 234
78 18 706
78 20 56
78 21 169
78 23 797
78 24 849
78 25 596
78 26 802
78 29 166
78 33 345
78 34 444
78 35 622
78 43 346
78 44 250
78 46 720
78 49 138
78 50 679
78 52 861
78 54 480
78 55 573
78 57 100
78 58 799
78 63 395
78 66 999
78 68 792
78 72 417
78 75 319
79 3 260
79 5 260
79 6 938
79 8 148
79 11 180
79 12 69
79 16 958
79 20 661
79 22 706
79 24 648
79 27 476
79 28 160
79 30 420
79 31 776
79 33 875
79 34 365
79 35 670
79 38 717
79 40 686
79 44 237
79 45 487
79 50 29
79 52 180
79 53 493
79 54 794
79 55 251
79 59 408
79 63 570
79 64 110
79 65 118
79 68 378
79 70 300
79 71 705
79 73 719
79 74 488
79 76 266
79 78 544
80 1 693
80 3 6
80 4 212
80 6 822
80 7 593
80 8 455
80 11 830
80 14 982
80 15 446
80 17 538
80 19 933
80 20 454
80 22 106
80 30 103
80 32 578
80 33 807
80 39 136
80 42 467
80 44 554
80 46 42
80 47 8
80 48 349
80 49 547
80 50 718
80 52 124
80 55 930
80 56 882
80 58 112
80 60 464
80 64 675
80 65 227
80 66 893
80 68 49
80 69 65
80 70 69
80 71 390
80 76 774
80 77 901
81 7 242
81 9 711
81 10 719
81 11 515
81 15 125
81 18 701
81 22 877
81 23 266
81 24 347
81 27 250
81 30 981
81 31 75
81 36 815
81 40 901
81 41 175
81 43 425
81 45 129
81 50 181
81 52 157
81 53 290
81 55 40
81 56 580
81 57 148
81 59 416
81 61 850
81 63 105
81 64 137
81 65 809
81 66 775
81 67 340
81 69 200
81 71 722
81 72 1
81 73 656
81 74 377
81 75 309
81 76 854
81 80 715
82 3 901
82 4 648
82 5 266
82 6 576
82 8 412
82 9 442
82 10 456
82 12 929
82 14 928
82 17 330
82 19 656
82 20 667
82 24 829
82 25 303
82 26 736
82 27 477
82 29 143
82 30 84
82 32 64
82 33 518
82 34 406
82 35 476
82 37 352
82 38 180
82 41 418
82 43 766
82 44 320
82 45 162
82 47 125
82 49 882
82 53 832
82 57 539
82 58 538
82 59 715
82 62 60
82 65 505
82 67 814
82 69 413
82 70 753
82 71 284
82 75 592
82 76 374
83 2 52
83 3 788
83 4 281
83 9 679
83 10 123
83 12 323
83 16 871
83 20 11
83 22 397
83 23 531
83 24 948
83 28 791
83 30 232
83 31 900
83 33 602
83 34 914
83 38 318
83 40 918
83 42 423
83 43 988
83 46 695
83 47 838
83 48 652
83 52 250
83 53 778
83 54 284
83 56 803
83 60 563
83 61 14
83 62 930
83 63 906
83 67 382
83 69 822
83 70 362
83 72 762
83 76 832
83 79 706
83 80 678
84 1 283
84 2 86
84 3 219
84 4 765
84 6 825
84 7 337
84 8 414
84 9 441
84 12 346
84 15 893
84 17 588
84 19 449
84 20 375
84 23 245
84 25 16
84 26 864
84 29 650
84 30 16
84 31 463
84 33 113
84 34 248
84 38 496
84 41 328
84 42 650
84 43 469
84 49 820
84 52 287
84 53 999
84 54 912
84 55 424
84 56 222
84 57 35
84 59 92
84 60 973
84 63 35
84 65 813
84 66 513
84 67 204
84 68 416
84 72 683
84 73 361
84 74 500
84 76 319
84 77 43
84 79 873
84 82 974
85 1 458
85 4 300
85 6 853
85 8 452
85 9 106
85 10 243
85 12 301
85 13 963
85 15 269
85 19 890
85 20 239
85 21 170
85 22 738
85 24 516
85 28 100
85 32 818
85 33 586
85 36 148
85 38 521
85 39 807
85 40 176
85 42 238
85 43 233
85 46 648
85 48 736
85 50 789
85 51 107
85 52 264
85 53 584
85 55 70
85 56 821
85 57 844
85 62 528
85 63 819
85 64 449
85 69 740
85 70 909
85 71 486
85 74 670
85 75 909
85 79 423
85 80 450
85 81 62
85 84 318
86 4 596
86 6 203
86 9 583
86 11 738
86 12 669
86 18 768
86 19 377
86 20 950
86 22 136
86 23 77
86 24 933
86 25 240
86 27 174
86 28 286
86 32 260
86 33 524
86 34 996
86 35 155
86 36 138
86 40 615
86 41 783
86 42 198
86 45 843
86 48 727
86 49 916
86 51 105
86 52 660
86 56 507
86 59 537
86 64 34
86 65 796
86 67 340
86 68 617
86 70 267
86 71 781
86 72 201
86 73 593
86 76 975
86 78 509
86 79 548
86 83 874
86 84 570
87 1 245
87 4 959
87 7 723
87 11 431
87 13 82
87 15 791
87 17 28
87 23 807
87 25 113
87 26 109
87 27 507
87 29 405
87 30 246
87 31 622
87 32 876
87 34 297
87 35 858
87 38 378
87 39 172
87 41 634
87 43 552
87 44 255
87 48 356
87 49 453
87 50 382
87 52 322
87 53 122
87 58 677
87 62 646
87 63 986
87 65 464
87 67 191
87 68 862
87 69 370
87 72 468
87 73 354
87 74 932
87 75 211
87 76 692
87 79 220
87 80 772
87 81 145
87 82 210
87 83 585
87 85 266
87 86 963
88 1 785
88 2 869
88 3 381
88 6 119
88 7 389
88 9 650
88 10 6
88 11 109
88 12 654
88 13 312
88 15 194
88 17 800
88 20 234
88 22 756
88 25 670
88 27 841
88 29 709
88 31 14
88 33 629
88 34 938
88 35 264
88 36 143
88 39 947
88 40 807
88 41 968
88 42 778
88 43 245
88 44 788
88 45 939
88 46 455
88 47 473
88 48 335
88 49 59
88 50 385
88 51 928
88 52 471
88 54 270
88 55 970
88 57 480
88 58 254
88 59 822
88 61 468
88 63 309
88 64 547
88 65 17
88 66 382
88 68 710
88 69 971
88 70 970
88 71 314
88 72 46
88 73 336
88 74 798
88 75 414
88 79 652
88 83 548
88 85 944
88 86 661
88 87 468
89 2 811
89 4 369
89 6 559
89 7 45
89 8 783
89 9 662
89 10 644
89 11 547
89 12 803
89 13 580
89 14 447
89 15 311
89 16 508
89 17 247
89 21 583
89 24 421
89 25 935
89 30 387
89 31 152
89 35 911
89 37 609
89 38 579
89 39 996
89 40 71
89 44 140
89 48 289
89 55 972
89 56 927
89 59 205
89 60 711
89 61 183
89 63 658
89 64 182
89 65 931
89 67 477
89 71 619
89 72 358
89 74 518
89 76 804
89 77 170
89 80 265
89 81 17
90 6 893
90 9 562
90 10 676
90 12 963
90 14 229
90 15 872
90 18 547
90 20 629
90 21 811
90 25 593
90 26 701
90 29 964
90 31 820
90 34 318
90 35 563
90 37 185
90 38 764
90 40 94
90 42 231
90 44 361
90 45 730
90 48 727
90 49 146
90 54 998
90 57 512
90 58 527
90 59 194
90 61 172
90 62 53
90 63 677
90 65 614
90 66 805
90 68 981
90 72 272
90 73 667
90 74 957
90 75 852
90 77 648
90 78 468
90 79 766
90 80 983
90 82 915
90 83 593
90 84 260
90 88 573
90 89 159
91 2 349
91 3 330
91 4 418
91 5 514
91 7 212
91 8 168
91 12 954
91 15 343
91 17 284
91 18 715
91 19 299
91 20 976
91 22 786
91 23 564
91 24 168
91 27 867
91 29 582
91 30 226
91 31 50
91 32 57
91 34 117
91 35 179
91 39 86
91 40 159
91 44 881
91 45 528
91 46 388
91 48 466
91 49 237
91 51 633
91 54 873
91 56 520
91 58 953
91 60 209
91 61 607
91 65 571
91 69 19
91 70 710
91 71 332
91 73 492
91 74 357
91 75 314
91 76 612
91 77 809
91 78 393
91 82 826
91 83 999
91 90 710
92 2 382
92 5 12
92 6 684
92 7 55
92 9 264
92 10 886
92 12 324
92 15 375
92 18 119
92 20 129
92 22 494
92 23 49
92 24 175
92 26 880
92 27 766
92 31 467
92 32 962
92 33 592
92 34 320
92 35 367
92 36 511
92 37 348
92 38 872
92 42 61
92 43 643
92 46 191
92 47 800
92 48 599
92 49 583
92 51 414
92 53 535
92 54 110
92 55 19
92 59 363
92 60 134
92 62 47
92 63 455
92 65 587
92 66 947
92 68 811
92 70 629
92 71 544
92 72 946
92 73 119
92 74 884
92 75 484
92 76 304
92 79 87
92 82 159
92 87 522
92 88 603
92 89 37
93 1 997
93 3 915
93 4 311
93 6 712
93 7 581
93 8 842
93 9 359
93 10 744
93 11 411
93 12 689
93 15 729
93 19 461
93 20 70
93 22 337
93 26 613
93 28 406
93 32 337
93 33 362
93 35 151
93 36 533
93 37 145
93 40 177
93 41 78
93 43 71
93 45 126
93 48 972
93 49 974
93 52 971
93 53 620
93 54 77
93 55 4
93 56 443
93 57 997
93 58 385
93 59 969
93 60 351
93 64 446
93 66 627
93 67 499
93 70 513
93 71 732
93 73 995
93 75 557
93 76 718
93 78 282
93 80 225
93 82 933
93 83 428
93 84 24
93 85 459
93 87 979
93 88 927
93 90 883
93 91 652
93 92 192
94 2 218
94 3 424
94 5 478
94 6 2
94 7 132
94 8 121
94 9 12
94 11 618
94 15 200
94 16 156
94 17 236
94 21 554
94 23 119
94 24 18
94 25 220
94 28 399
94 29 72
94 31 468
94 32 926
94 35 691
94 43 784
94 45 525
94 47 25
94 49 875
94 52 146
94 56 223
94 57 964
94 59 10
94 61 609
94 64 382
94 66 755
94 69 330
94 70 36
94 71 558
94 73 785
94 75 885
94 77 288
94 79 132
94 80 771
94 81 19
94 82 219
94 84 227
94 86 403
94 90 287
94 92 557
94 93 571
95 3 901
95 4 27
95 5 682
95 6 899
95 8 103
95 10 557
95 12 241
95 17 691
95 18 43
95 20 993
95 23 812
95 25 712
95 27 870
95 29 444
95 31 828
95 33 468
95 35 153
95 36 768
95 39 728
95 42 394
95 43 287
95 47 60
95 48 351
95 53 912
95 57 290
95 58 746
95 59 824
95 61 529
95 62 814
95 64 118
95 69 459
95 71 589
95 72 117
95 74 381
95 77 686
95 78 419
95 79 828
95 81 364
95 82 102
95 84 597
95 86 765
95 88 649
95 89 824
95 90 384
95 91 426
95 92 564
96 1 349
96 3 786
96 6 861
96 7 982
96 9 662
96 10 973
96 11 400
96 13 206
96 14 253
96 15 691
96 16 767
96 17 473
96 18 457
96 19 871
96 24 876
96 26 961
96 29 995
96 32 124
96 33 504
96 35 931
96 36 34
96 39 742
96 40 366
96 41 665
96 45 818
96 46 772
96 47 65
96 50 598
96 51 700
96 52 100
96 53 932
96 54 630
96 55 300
96 59 140
96 62 790
96 63 699
96 64 890
96 68 860
96 69 405
96 70 152
96 71 618
96 72 923
96 73 659
96 74 637
96 75 330
96 77 387
96 78 141
96 79 35
96 80 969
96 83 748
96 84 104
96 88 837
96 92 177
96 94 420
97 2 580
97 3 947
97 5 432
97 6 111
97 8 101
97 10 639
97 11 789
97 15 462
97 16 699
97 19 754
97 21 816
97 23 4
97 24 154
97 29 387
97 30 36
97 32 397
97 33 939
97 34 347
97 35 361
97 36 689
97 39 409
97 41 165
97 44 771
97 45 109
97 47 53
97 50 830
97 53 216
97 56 36
97 58 685
97 61 793
97 62 570
97 66 64
97 67 588
97 69 939
97 72 702
97 73 683
97 74 337
97 75 726
97 78 402
97 81 622
97 82 4
97 84 767
97 86 118
97 87 142
97 92 166
97 94 842
97 96 906
98 1 569
98 2 255
98 3 778
98 4 562
98 5 953
98 9 728
98 10 547
98 11 548
98 12 802
98 13 179
98 14 510
98 19 578
98 20 774
98 23 690
98 24 866
98 25 954
98 26 961
98 28 977
98 30 91
98 31 467
98 32 929
98 35 741
98 40 149
98 41 668
98 45 561
98 48 542
98 49 245
98 51 662
98 57 473
98 59 113
98 62 864
98 63 671
98 65 783
98 67 871
98 70 313
98 71 648
98 72 852
98 74 248
98 76 867
98 81 700
98 82 455
98 83 704
98 86 204
98 90 436
98 94 743
98 96 17
99 2 58
99 3 239
99 6 183
99 7 16
99 8 421
99 9 310
99 13 252
99 15 963
99 16 574
99 17 29
99 21 292
99 24 532
99 30 89
99 31 411
99 34 214
99 35 303
99 36 417
99 38 182
99 39 659
99 40 22
99 41 433
99 42 218
99 43 777
99 44 334
99 46 26
99 51 188
99 52 71
99 53 749
99 56 580
99 59 126
99 60 7
99 61 839
99 64 575
99 65 413
99 66 172
99 68 601
99 71 491
99 72 712
99 73 844
99 77 858
99 79 369
99 80 251
99 83 689
99 88 591
99 89 123
99 91 561
99 92 356
99 95 954
99 96 488
99 98 414
