150
3 2 541
4 2 758
5 2 950
5 3 923
5 4 353
6 2 581
6 5 29
7 2 786
7 4 11
8 1 718
8 2 877
8 4 635
8 5 411
8 6 438
9 1 4
9 2 441
9 4 251
9 7 640
10 2 658
10 5 662
10 7 922
11 1 521
11 6 615
11 7 633
11 8 765
11 10 455
12 1 779
12 4 204
12 5 700
12 7 675
13 1 84
13 2 586
13 3 674
13 6 312
13 10 132
13 11 106
14 4 42
14 6 772
14 7 77
14 8 112
14 10 247
14 11 117
15 1 664
15 3 417
15 4 704
15 8 531
15 9 434
15 12 280
16 2 886
16 3 658
16 7 644
16 9 277
16 14 227
16 15 687
17 1 667
17 4 853
17 5 490
17 6 963
17 8 376
17 10 569
17 12 368
17 13 54
17 14 353
17 16 925
18 2 416
18 4 34
18 8 560
18 14 47
18 15 219
18 17 511
19 2 781
19 3 880
19 4 500
19 7 247
19 9 431
19 10 19
19 11 9
19 12 615
19 13 617
19 15 242
19 16 88
19 17 782
19 18 87
20 1 636
20 3 100
20 5 554
20 7 784
20 9 836
20 11 650
20 12 936
20 13 763
20 14 516
20 15 105
20 17 12
20 18 845
20 19 3
21 1 179
21 2 953
21 4 212
21 7 322
21 12 25
22 3 981
22 5 203
22 6 487
22 8 867
22 9 883
22 10 90
22 11 851
22 12 814
22 13 239
22 16 715
22 17 535
22 18 171
22 20 957
22 21 833
23 5 860
23 7 505
23 10 596
23 11 652
23 12 578
23 13 38
23 14 720
23 17 715
23 20 367
23 21 989
24 1 762
24 2 737
24 3 395
24 4 232
24 7 211
24 9 954
24 14 729
24 15 438
24 17 150
24 20 855
25 1 754
25 2 26
25 7 19
25 10 817
25 13 594
25 14 988
25 16 469
25 20 682
25 23 727
25 24 499
26 2 612
26 3 692
26 4 760
26 5 459
26 7 282
26 10 113
26 12 378
26 15 140
26 18 376
26 20 713
26 21 876
26 23 743
27 1 461
27 2 452
27 4 757
27 5 50
27 7 975
27 8 674
27 10 185
27 14 998
27 15 523
27 16 507
27 18 121
27 21 698
27 23 93
27 24 610
27 26 439
28 1 960
28 2 268
28 3 188
28 5 717
28 11 492
28 12 472
28 15 599
28 16 766
28 17 355
28 19 352
28 20 144
28 21 503
28 22 93
28 24 368
28 25 182
28 26 424
28 27 55
29 5 425
29 10 133
29 12 686
29 14 92
29 15 889
29 18 174
29 19 60
29 23 942
29 24 155
29 28 325
30 2 495
30 5 596
30 12 684
30 16 59
30 19 78
30 23 434
30 26 177
30 28 299
31 2 910
31 4 289
31 5 931
31 6 907
31 7 22
31 11 168
31 13 243
31 14 669
31 15 911
31 17 117
31 19 453
31 23 162
31 25 262
31 26 631
31 29 929
32 1 943
32 4 773
32 6 482
32 7 668
32 9 76
32 11 33
32 12 445
32 14 860
32 15 252
32 17 560
32 18 121
32 19 664
32 21 810
32 22 277
32 24 722
32 25 877
32 26 91
33 4 185
33 5 505
33 6 291
33 10 60
33 11 556
33 12 605
33 13 897
33 14 38
33 16 780
33 18 163
33 21 114
33 24 255
33 29 374
33 30 630
33 31 168
33 32 136
34 1 486
34 5 299
34 11 929
34 12 587
34 13 240
34 14 84
34 17 935
34 18 123
34 19 835
34 21 328
34 22 924
34 24 210
34 25 560
34 26 986
34 27 529
34 30 943
34 33 809
35 5 767
35 11 792
35 12 851
35 13 684
35 15 249
35 18 150
35 19 78
35 22 3
35 23 136
35 25 639
35 26 936
35 29 591
35 30 62
35 31 366
35 34 560
36 1 935
36 5 939
36 7 474
36 8 146
36 11 331
36 13 951
36 14 777
36 15 785
36 16 395
36 18 999
36 23 449
36 24 565
36 25 792
36 26 674
36 30 188
36 32 963
36 35 476
37 2 9
37 3 202
37 8 577
37 10 922
37 11 99
37 13 476
37 17 10
37 19 519
37 20 769
37 22 511
37 24 951
37 28 946
37 30 724
37 32 762
37 33 575
37 34 729
37 35 907
37 36 788
38 2 890
38 3 13
38 4 898
38 6 951
38 8 183
38 12 818
38 13 750
38 16 887
38 17 613
38 21 538
38 24 294
38 26 398
38 30 649
38 31 550
38 33 141
38 34 411
38 36 840
38 37 589
39 1 662
39 3 647
39 12 580
39 13 487
39 18 181
39 21 983
39 23 177
39 24 236
39 26 825
39 27 812
39 28 911
39 29 481
39 30 659
39 32 924
39 34 991
39 35 143
39 38 587
40 5 358
40 7 901
40 9 587
40 10 275
40 12 702
40 14 817
40 15 560
40 16 352
40 19 113
40 21 569
40 23 692
40 24 28
40 27 620
40 28 570
40 29 263
40 30 832
40 31 37
40 34 122
40 38 137
40 39 70
41 2 99
41 5 91
41 8 217
41 9 568
41 10 849
41 11 342
41 19 215
41 20 765
41 21 112
41 24 544
41 25 793
41 26 913
41 27 366
41 30 225
41 32 186
41 34 404
41 35 270
41 37 712
41 38 12
41 39 800
42 4 135
42 5 101
42 6 601
42 11 959
42 13 249
42 14 678
42 15 236
42 17 50
42 24 541
42 26 455
42 28 22
42 32 660
42 35 172
42 37 137
42 38 550
42 39 63
42 40 739
42 41 77
43 1 160
43 2 586
43 3 302
43 6 394
43 8 464
43 9 958
43 10 612
43 11 288
43 12 902
43 14 578
43 15 248
43 20 533
43 21 194
43 22 583
43 23 800
43 30 632
43 31 207
43 34 626
43 36 495
43 37 407
43 38 331
44 1 594
44 2 862
44 4 432
44 5 575
44 7 563
44 10 914
44 11 275
44 13 972
44 14 275
44 15 43
44 18 538
44 19 632
44 21 96
44 22 334
44 26 137
44 27 426
44 29 356
44 32 824
44 33 730
44 34 935
44 35 906
44 36 712
44 37 518
44 38 151
44 42 350
44 43 935
45 2 175
45 4 809
45 8 619
45 10 358
45 11 475
45 14 949
45 15 155
45 18 405
45 22 231
45 24 502
45 25 493
45 26 576
45 27 293
45 31 967
45 37 340
45 40 64
46 1 196
46 2 283
46 3 328
46 4 217
46 7 881
46 9 344
46 10 138
46 14 752
46 15 795
46 16 45
46 17 177
46 18 197
46 19 999
46 21 122
46 22 551
46 23 322
46 26 327
46 29 83
46 32 271
46 34 662
46 36 408
46 38 425
46 41 8
46 43 90
46 44 939
46 45 299
47 1 268
47 2 913
47 3 25
47 4 587
47 7 380
47 10 606
47 11 215
47 13 586
47 14 422
47 15 241
47 16 452
47 17 739
47 19 8
47 21 872
47 25 811
47 26 923
47 32 655
47 33 175
47 34 638
47 38 84
47 41 834
47 42 590
47 43 292
47 45 552
47 46 792
48 1 122
48 4 900
48 5 965
48 7 360
48 8 941
48 10 745
48 11 74
48 13 357
48 17 474
48 18 581
48 21 797
48 26 340
48 27 593
48 28 462
48 31 170
48 33 156
48 34 578
48 41 594
48 42 819
48 43 205
48 47 215
49 1 321
49 3 117
49 4 368
49 5 988
49 7 866
49 8 929
49 13 430
49 15 166
49 18 717
49 20 833
49 22 1000
49 23 405
49 25 117
49 27 596
49 29 922
49 31 471
49 33 280
49 35 805
49 38 926
49 39 17
49 41 974
49 42 317
49 43 872
49 44 762
49 45 310
49 46 474
49 48 539
50 1 689
50 2 127
50 4 689
50 6 19
50 7 87
50 8 983
50 10 917
50 12 811
50 13 299
50 18 572
50 20 534
50 23 737
50 25 123
50 26 402
50 27 765
50 28 728
50 29 925
50 30 788
50 32 119
50 34 342
50 39 246
50 42 63
50 43 420
50 44 821
50 45 921
50 46 86
50 47 837
50 48 340
51 2 744
51 4 223
51 5 969
51 7 299
51 8 118
51 10 35
51 11 616
51 13 112
51 14 824
51 21 719
51 22 25
51 24 346
51 26 595
51 29 5
51 30 878
51 31 16
51 32 279
51 34 881
51 35 626
51 39 9
51 40 482
51 43 392
51 45 612
51 48 496
51 50 630
52 1 539
52 6 602
52 7 377
52 9 364
52 11 414
52 15 780
52 18 44
52 19 945
52 21 643
52 23 838
52 24 950
52 26 502
52 29 528
52 30 236
52 34 432
52 35 277
52 37 390
52 39 576
52 41 465
52 42 334
52 43 463
52 50 123
53 1 638
53 2 680
53 3 399
53 4 636
53 5 660
53 6 898
53 7 860
53 10 247
53 19 517
53 20 274
53 23 997
53 24 263
53 26 700
53 31 649
53 33 194
53 34 801
53 35 530
53 37 741
53 38 571
53 39 630
53 41 860
53 48 537
53 50 680
53 51 423
54 1 625
54 4 200
54 5 53
54 6 472
54 7 616
54 9 180
54 10 703
54 11 942
54 12 871
54 13 320
54 14 984
54 15 689
54 16 419
54 17 915
54 18 471
54 19 438
54 20 525
54 21 744
54 23 721
54 24 152
54 25 151
54 30 447
54 32 844
54 34 471
54 35 978
54 36 735
54 43 8
54 45 229
54 47 936
54 48 520
54 49 940
54 52 383
54 53 413
55 3 427
55 5 316
55 6 819
55 7 396
55 8 541
55 9 656
55 12 643
55 14 384
55 15 798
55 16 40
55 17 442
55 22 466
55 30 211
55 31 479
55 33 336
55 34 712
55 37 205
55 39 544
55 40 414
55 44 868
55 47 330
55 49 529
55 50 470
55 52 243
55 53 928
56 2 817
56 8 153
56 9 824
56 12 89
56 17 42
56 18 697
56 19 382
56 20 785
56 21 598
56 25 200
56 26 933
56 27 620
56 28 37
56 29 993
56 31 80
56 32 819
56 34 569
56 36 692
56 38 584
56 41 947
56 45 344
56 47 903
56 50 290
56 51 538
56 54 947
56 55 623
57 1 113
57 2 474
57 3 236
57 5 324
57 6 321
57 7 332
57 10 82
57 11 786
57 12 663
57 14 637
57 15 220
57 18 634
57 19 249
57 22 226
57 23 706
57 25 382
57 26 468
57 27 565
57 32 575
57 35 787
57 40 158
57 41 592
57 43 899
57 46 304
57 49 101
57 52 804
58 1 901
58 2 934
58 3 730
58 4 866
58 6 264
58 8 522
58 9 670
58 11 629
58 17 452
58 18 499
58 19 411
58 20 858
58 23 962
58 24 424
58 25 981
58 30 608
58 31 454
58 32 141
58 33 436
58 35 951
58 37 485
58 38 38
58 40 705
58 41 774
58 42 499
58 45 243
58 46 283
58 47 555
58 48 182
58 49 121
58 51 570
58 52 160
58 56 266
59 6 593
59 8 51
59 9 278
59 10 277
59 12 701
59 13 344
59 14 109
59 15 556
59 19 263
59 21 907
59 22 222
59 27 990
59 30 24
59 33 713
59 35 728
59 36 367
59 41 476
59 44 541
59 46 260
59 50 41
59 51 144
59 52 911
59 53 551
59 57 907
59 58 40
60 2 647
60 3 861
60 5 27
60 11 415
60 14 767
60 15 821
60 16 271
60 17 773
60 20 878
60 23 79
60 24 475
60 26 884
60 28 931
60 29 719
60 30 389
60 31 178
60 32 191
60 34 332
60 40 248
60 41 539
60 44 555
60 47 623
60 48 589
60 51 215
60 53 609
60 54 143
60 55 59
60 56 293
60 57 943
60 58 961
60 59 52
61 3 169
61 4 756
61 7 393
61 10 71
61 11 976
61 12 424
61 15 551
61 19 746
61 21 92
61 25 530
61 26 515
61 30 755
61 32 854
61 36 236
61 38 378
61 42 778
61 43 590
61 44 991
61 45 553
61 47 286
61 48 472
61 50 357
61 53 334
61 55 342
61 56 838
61 60 759
62 2 132
62 4 103
62 5 789
62 6 189
62 7 374
62 8 891
62 10 427
62 16 603
62 18 548
62 23 526
62 25 840
62 26 389
62 30 352
62 33 392
62 34 256
62 37 668
62 38 89
62 39 593
62 41 547
62 46 338
62 47 497
62 48 241
62 52 64
62 53 64
62 58 960
62 59 605
62 60 435
62 61 157
63 1 36
63 2 741
63 3 780
63 4 569
63 5 227
63 6 590
63 7 19
63 9 386
63 10 193
63 22 103
63 23 836
63 24 546
63 25 99
63 28 456
63 31 512
63 32 349
63 33 355
63 37 924
63 38 1000
63 41 46
63 43 518
63 45 376
63 46 994
63 49 100
63 50 936
63 56 124
63 57 659
63 62 6
64 2 783
64 3 972
64 4 402
64 5 588
64 6 171
64 9 968
64 11 456
64 13 330
64 14 714
64 15 852
64 16 375
64 18 780
64 20 20
64 21 794
64 22 808
64 27 560
64 29 296
64 33 233
64 34 29
64 38 197
64 44 852
64 47 146
64 48 638
64 49 135
64 50 881
64 54 149
64 55 134
64 56 706
64 58 453
64 60 65
64 61 253
64 62 458
65 4 605
65 5 598
65 6 7
65 7 863
65 8 356
65 10 619
65 20 872
65 21 716
65 22 946
65 28 800
65 29 200
65 30 47
65 32 849
65 34 961
65 35 113
65 37 889
65 38 171
65 41 262
65 43 582
65 44 450
65 45 138
65 48 588
65 49 52
65 51 530
65 53 153
65 54 303
65 57 349
65 59 544
65 62 148
65 63 150
66 1 27
66 7 164
66 8 479
66 9 887
66 15 480
66 16 772
66 19 447
66 23 951
66 25 258
66 26 513
66 30 845
66 31 60
66 33 962
66 34 197
66 36 720
66 37 768
66 47 710
66 48 415
66 51 605
66 52 360
66 55 263
66 63 844
66 64 207
66 65 697
67 1 356
67 5 698
67 6 831
67 7 712
67 10 280
67 16 11
67 17 810
67 23 69
67 24 462
67 26 980
67 29 331
67 33 347
67 34 498
67 36 29
67 38 579
67 39 189
67 40 258
67 42 707
67 44 572
67 45 985
67 48 977
67 49 239
67 53 144
67 56 476
67 57 298
67 59 806
67 61 977
67 62 107
67 63 942
67 64 27
67 65 76
67 66 423
68 1 920
68 2 241
68 3 330
68 5 28
68 7 323
68 11 408
68 13 497
68 16 776
68 17 65
68 18 832
68 20 461
68 21 28
68 22 367
68 24 228
68 25 577
68 28 477
68 29 657
68 30 917
68 31 867
68 32 521
68 33 425
68 35 42
68 36 377
68 38 458
68 39 560
68 42 354
68 43 926
68 44 819
68 45 807
68 46 439
68 47 43
68 48 269
68 52 268
68 55 248
68 56 297
68 57 344
68 59 149
68 60 205
68 63 987
68 64 581
68 66 726
69 2 954
69 3 608
69 8 539
69 11 956
69 12 789
69 13 877
69 16 244
69 17 518
69 18 406
69 22 39
69 25 84
69 26 488
69 29 345
69 31 489
69 33 282
69 34 753
69 35 399
69 36 918
69 39 39
69 41 776
69 42 687
69 46 126
69 48 976
69 50 842
69 56 307
69 59 143
69 60 503
69 63 723
70 1 931
70 3 464
70 6 402
70 7 41
70 8 595
70 9 265
70 11 45
70 12 447
70 15 897
70 16 372
70 17 148
70 18 607
70 19 365
70 20 490
70 24 859
70 25 221
70 26 105
70 31 680
70 32 303
70 33 550
70 35 769
70 38 754
70 40 900
70 41 884
70 42 510
70 43 372
70 47 779
70 48 852
70 49 563
70 50 782
70 51 777
70 52 817
70 56 602
70 57 561
70 60 287
70 61 859
70 62 646
70 64 378
70 66 963
70 68 288
71 3 39
71 5 672
71 8 306
71 13 226
71 14 731
71 15 183
71 16 594
71 19 831
71 22 445
71 23 842
71 24 138
71 25 708
71 29 931
71 31 509
71 32 842
71 34 489
71 36 33
71 38 952
71 39 512
71 41 298
71 43 974
71 46 28
71 54 119
71 56 84
71 57 678
71 59 671
71 60 170
71 62 969
71 64 733
71 65 341
71 66 457
71 67 261
71 69 751
72 3 115
72 6 985
72 8 413
72 9 8
72 11 408
72 12 634
72 13 696
72 14 218
72 18 243
72 19 830
72 22 828
72 23 477
72 24 900
72 26 986
72 27 98
72 30 468
72 31 468
72 35 315
72 36 174
72 39 819
72 41 144
72 42 631
72 45 511
72 46 960
72 51 739
72 52 283
72 53 45
72 54 538
72 55 708
72 57 749
72 58 18
72 60 191
72 61 551
72 62 327
72 63 119
72 65 129
72 66 331
72 68 212
72 69 150
72 71 671
73 2 517
73 3 728
73 5 281
73 6 925
73 9 965
73 12 22
73 14 395
73 16 467
73 21 751
73 24 27
73 27 528
73 28 53
73 29 80
73 30 671
73 36 182
73 37 141
73 38 636
73 40 994
73 41 293
73 43 547
73 46 220
73 47 231
73 48 784
73 51 92
73 55 574
73 57 585
73 58 621
73 60 923
73 65 727
73 66 799
73 68 276
73 71 284
73 72 620
74 1 680
74 6 607
74 7 454
74 14 618
74 15 600
74 16 152
74 20 44
74 21 496
74 24 167
74 27 330
74 29 225
74 31 71
74 32 926
74 33 428
74 37 389
74 38 248
74 39 328
74 44 280
74 48 62
74 54 712
74 57 90
74 61 80
74 63 277
74 64 308
74 67 935
74 70 772
74 71 546
74 72 142
75 2 41
75 3 608
75 4 635
75 8 189
75 10 457
75 11 12
75 12 747
75 13 471
75 19 371
75 20 854
75 21 437
75 22 605
75 23 466
75 26 226
75 27 133
75 28 981
75 31 648
75 32 869
75 33 29
75 35 876
75 37 233
75 38 406
75 39 34
75 40 451
75 41 961
75 45 591
75 47 721
75 55 999
75 56 508
75 57 416
75 58 831
75 59 767
75 60 811
75 63 812
75 64 634
75 65 602
75 67 294
75 68 380
75 69 203
75 70 975
75 71 957
75 73 226
75 74 583
76 1 791
76 3 70
76 7 859
76 8 11
76 9 441
76 16 356
76 17 167
76 18 392
76 19 410
76 20 166
76 21 333
76 22 645
76 23 238
76 28 149
76 29 360
76 31 300
76 33 470
76 35 892
76 36 929
76 38 763
76 39 937
76 43 713
76 44 228
76 45 706
76 46 760
76 47 93
76 48 194
76 50 807
76 52 506
76 53 145
76 54 7
76 56 643
76 57 496
76 58 648
76 60 875
76 64 885
76 66 209
76 67 119
76 68 529
76 71 3
76 72 482
76 75 567
77 1 63
77 3 675
77 7 351
77 8 310
77 13 916
77 14 959
77 16 557
77 18 597
77 20 87
77 24 422
77 29 178
77 32 344
77 33 631
77 34 743
77 35 659
77 36 657
77 40 438
77 41 45
77 42 406
77 45 636
77 47 613
77 48 950
77 49 56
77 51 580
77 54 596
77 56 247
77 57 697
77 58 856
77 59 499
77 60 898
77 62 487
77 63 702
77 64 180
77 66 376
77 68 795
77 72 141
77 74 816
77 75 520
78 1 199
78 5 491
78 6 650
78 8 727
78 9 442
78 11 26
78 12 771
78 13 361
78 15 918
78 17 257
78 18 921
78 21 793
78 22 388
78 26 7
78 29 844
78 30 276
78 31 293
78 32 269
78 35 389
78 40 962
78 43 558
78 44 246
78 46 113
78 48 848
78 49 734
78 53 854
78 54 289
78 58 207
78 59 612
78 60 549
78 61 342
78 62 393
78 67 163
78 69 979
78 70 767
78 71 890
78 73 877
78 75 845
78 76 813
79 2 168
79 4 979
79 5 796
79 6 766
79 8 555
79 9 988
79 10 485
79 11 556
79 12 777
79 13 634
79 15 376
79 17 204
79 20 158
79 21 240
79 23 94
79 24 89
79 27 428
79 28 882
79 30 167
79 31 198
79 32 452
79 33 950
79 34 306
79 35 239
79 36 909
79 37 556
79 38 488
79 39 670
79 40 895
79 41 228
79 42 832
79 43 983
79 44 702
79 45 811
79 46 719
79 48 369
79 49 914
79 50 995
79 51 276
79 52 877
79 53 290
79 55 37
79 56 707
79 58 736
79 59 448
79 60 332
79 61 187
79 62 481
79 64 587
79 67 464
79 68 232
79 70 454
79 71 809
79 72 819
79 73 772
79 75 119
79 77 818
80 7 132
80 8 283
80 12 44
80 13 81
80 14 121
80 15 340
80 16 223
80 18 311
80 19 785
80 20 213
80 21 641
80 25 687
80 30 322
80 32 869
80 33 354
80 34 404
80 38 929
80 41 998
80 43 32
80 44 328
80 48 602
80 49 611
80 50 853
80 52 623
80 53 938
80 55 382
80 57 369
80 58 95
80 60 369
80 61 280
80 62 8
80 63 767
80 66 833
80 67 172
80 68 234
80 69 773
80 72 10
80 73 147
80 75 481
80 76 728
80 78 160
81 4 451
81 5 301
81 6 112
81 10 272
81 11 678
81 13 29
81 14 483
81 15 960
81 17 180
81 19 453
81 21 136
81 22 245
81 23 229
81 24 323
81 27 606
81 29 537
81 30 334
81 32 438
81 35 679
81 39 87
81 41 873
81 45 686
81 47 771
81 50 215
81 51 894
81 52 902
81 53 849
81 56 375
81 57 626
81 58 220
81 60 527
81 61 109
81 63 92
81 64 395
81 66 549
81 68 411
81 69 18
81 70 637
81 71 439
81 73 684
81 79 242
82 1 878
82 3 470
82 4 230
82 5 142
82 6 336
82 7 573
82 8 197
82 10 621
82 12 576
82 13 974
82 14 315
82 16 836
82 17 230
82 18 807
82 19 976
82 20 656
82 22 434
82 24 22
82 25 639
82 27 222
82 31 916
82 32 223
82 34 383
82 40 644
82 41 48
82 44 343
82 47 316
82 48 832
82 49 516
82 50 101
82 52 447
82 54 191
82 58 188
82 60 291
82 61 212
82 63 751
82 64 760
82 66 98
82 67 959
82 69 331
82 70 951
82 73 462
82 74 978
82 77 444
82 78 109
83 3 520
83 7 570
83 8 70
83 10 895
83 14 268
83 15 879
83 19 89
83 21 276
83 30 757
83 35 445
83 38 668
83 40 15
83 41 164
83 43 608
83 46 901
83 48 955
83 50 716
83 51 10
83 52 457
83 53 586
83 55 775
83 56 566
83 57 567
83 61 648
83 64 716
83 67 697
83 68 896
83 71 800
83 72 920
83 73 431
83 74 993
83 76 166
83 77 588
83 78 523
83 79 660
83 82 271
84 2 436
84 4 630
84 5 101
84 7 198
84 8 213
84 14 658
84 15 528
84 16 549
84 17 462
84 18 584
84 19 767
84 20 42
84 21 635
84 24 431
84 26 417
84 27 934
84 28 460
84 30 49
84 31 397
84 32 617
84 33 836
84 35 71
84 39 593
84 40 20
84 41 236
84 42 931
84 49 533
84 50 998
84 51 40
84 53 564
84 54 521
84 57 878
84 59 150
84 60 482
84 63 407
84 65 595
84 66 270
84 71 593
84 74 964
84 78 187
84 79 705
84 81 387
85 1 792
85 3 197
85 4 523
85 6 994
85 7 506
85 9 756
85 10 659
85 14 420
85 15 423
85 19 509
85 21 932
85 22 321
85 24 505
85 25 13
85 27 57
85 28 794
85 29 969
85 30 372
85 31 822
85 35 497
85 37 749
85 38 266
85 40 593
85 41 969
85 46 603
85 47 713
85 50 926
85 53 701
85 55 470
85 56 714
85 58 201
85 59 463
85 62 371
85 64 775
85 68 56
85 69 825
85 70 479
85 71 328
85 75 873
85 77 4
85 79 984
85 82 250
85 83 126
85 84 242
86 6 875
86 8 9
86 12 84
86 19 463
86 26 429
86 27 543
86 28 427
86 29 286
86 32 994
86 33 952
86 39 464
86 42 472
86 44 844
86 45 239
86 46 506
86 47 40
86 48 943
86 52 291
86 55 901
86 56 414
86 59 843
86 60 10
86 61 856
86 66 729
86 67 678
86 69 922
86 71 526
86 72 682
86 73 846
86 74 115
86 77 12
86 78 4
86 79 195
86 80 415
86 81 400
86 82 698
86 84 48
86 85 959
87 2 678
87 4 790
87 7 638
87 8 191
87 11 327
87 12 969
87 15 821
87 16 651
87 17 462
87 18 500
87 20 346
87 22 439
87 23 398
87 24 149
87 26 347
87 27 648
87 30 305
87 31 630
87 32 842
87 37 292
87 38 700
87 39 11
87 40 772
87 41 821
87 42 930
87 43 917
87 45 616
87 46 760
87 48 173
87 50 313
87 51 233
87 52 926
87 54 912
87 62 276
87 65 602
87 67 572
87 68 21
87 69 387
87 70 190
87 71 87
87 75 447
87 77 336
87 78 732
87 80 343
87 81 944
87 82 737
87 83 340
87 84 103
87 85 484
88 1 326
88 2 720
88 3 758
88 5 657
88 6 48
88 7 201
88 10 440
88 12 791
88 14 306
88 15 573
88 16 569
88 17 504
88 18 610
88 19 915
88 20 725
88 21 93
88 22 439
88 26 963
88 27 248
88 28 946
88 29 463
88 32 279
88 33 576
88 38 635
88 39 907
88 40 343
88 41 652
88 42 73
88 44 333
88 48 299
88 49 484
88 50 755
88 51 502
88 54 8
88 57 735
88 58 57
88 59 757
88 60 849
88 62 228
88 63 282
88 64 509
88 65 156
88 66 843
88 67 81
88 69 780
88 72 890
88 74 770
88 75 185
88 76 116
88 77 62
88 85 455
89 1 504
89 3 540
89 6 584
89 10 862
89 11 390
89 17 398
89 18 179
89 22 618
89 23 113
89 27 570
89 28 419
89 30 638
89 32 691
89 34 776
89 35 224
89 36 128
89 37 110
89 38 982
89 39 456
89 42 518
89 43 380
89 44 968
89 45 525
89 46 729
89 47 104
89 48 296
89 51 518
89 55 136
89 58 13
89 59 488
89 60 703
89 61 969
89 62 913
89 66 610
89 68 419
89 70 435
89 71 482
89 75 302
89 78 980
89 83 107
89 84 28
89 88 544
90 1 654
90 3 724
90 4 188
90 5 537
90 6 522
90 7 385
90 9 703
90 10 862
90 13 85
90 14 886
90 16 964
90 17 494
90 18 880
90 22 679
90 23 361
90 26 873
90 27 470
90 29 333
90 30 365
90 33 626
90 35 775
90 37 373
90 42 443
90 43 829
90 49 538
90 53 783
90 54 177
90 55 174
90 57 278
90 59 975
90 62 406
90 64 310
90 65 904
90 67 517
90 69 126
90 70 57
90 72 91
90 76 598
90 81 616
90 83 223
90 85 86
90 86 849
90 89 82
91 1 269
91 2 906
91 3 331
91 5 388
91 6 864
91 8 632
91 11 683
91 12 995
91 13 541
91 14 358
91 16 659
91 18 804
91 19 877
91 20 461
91 22 925
91 24 320
91 26 253
91 28 182
91 29 302
91 33 772
91 34 287
91 35 629
91 36 406
91 39 443
91 40 617
91 41 120
91 42 339
91 44 765
91 45 926
91 49 510
91 50 41
91 53 668
91 55 452
91 56 159
91 58 398
91 59 404
91 61 764
91 62 142
91 63 410
91 64 772
91 66 405
91 67 980
91 68 696
91 70 11
91 73 4
91 77 901
91 78 353
91 79 100
91 82 891
91 85 345
91 86 696
91 87 996
91 88 562
91 89 960
91 90 552
92 2 806
92 3 154
92 5 497
92 6 883
92 7 118
92 9 418
92 14 536
92 15 880
92 16 84
92 17 407
92 20 664
92 21 331
92 23 988
92 24 704
92 26 484
92 31 254
92 32 608
92 33 240
92 35 981
92 40 161
92 41 647
92 43 459
92 44 633
92 48 575
92 50 149
92 52 744
92 53 632
92 54 306
92 55 266
92 57 543
92 58 33
92 60 398
92 61 448
92 64 106
92 66 196
92 69 417
92 70 494
92 71 71
92 72 765
92 75 162
92 78 511
92 80 246
92 82 323
92 88 561
92 89 167
92 91 895
93 3 818
93 7 102
93 10 972
93 12 9
93 15 124
93 16 325
93 18 96
93 19 223
93 22 984
93 23 648
93 24 211
93 25 942
93 26 425
93 28 214
93 29 955
93 31 514
93 35 410
93 36 421
93 37 59
93 39 717
93 40 653
93 41 991
93 42 905
93 44 172
93 47 898
93 49 377
93 52 4
93 53 527
93 54 230
93 55 448
93 56 605
93 57 396
93 58 307
93 60 662
93 61 83
93 62 620
93 64 599
93 65 288
93 67 488
93 68 810
93 70 469
93 71 214
93 72 883
93 74 520
93 75 529
93 78 530
93 80 674
93 81 408
93 82 407
93 83 886
93 86 720
93 87 955
93 88 692
93 92 884
94 2 66
94 3 145
94 4 653
94 6 208
94 10 980
94 11 304
94 12 950
94 15 292
94 16 747
94 21 504
94 22 867
94 23 653
94 28 225
94 30 376
94 35 250
94 36 295
94 37 913
94 38 340
94 39 7
94 40 648
94 41 562
94 43 536
94 45 964
94 47 19
94 48 216
94 51 356
94 53 582
94 54 74
94 55 365
94 57 863
94 61 320
94 66 477
94 67 962
94 69 410
94 74 227
94 75 463
94 76 404
94 78 474
94 80 375
94 81 673
94 84 808
94 86 244
94 87 519
94 88 443
94 92 787
95 1 837
95 3 981
95 4 612
95 5 269
95 8 67
95 9 826
95 10 719
95 11 242
95 12 951
95 17 588
95 18 927
95 20 497
95 21 289
95 23 351
95 25 502
95 28 459
95 31 315
95 33 271
95 35 500
95 37 190
95 38 801
95 40 953
95 41 70
95 42 611
95 43 388
95 45 629
95 47 580
95 56 526
95 59 602
95 61 565
95 64 577
95 65 85
95 66 527
95 67 470
95 69 970
95 70 752
95 72 372
95 74 52
95 75 254
95 78 943
95 79 812
95 80 657
95 82 978
95 83 462
95 84 600
95 86 193
95 88 802
95 89 545
95 91 45
95 92 514
95 93 378
95 94 914
96 1 123
96 2 632
96 5 599
96 6 117
96 7 507
96 10 46
96 13 494
96 14 82
96 16 207
96 17 906
96 19 296
96 21 503
96 22 472
96 25 956
96 27 540
96 29 194
96 32 342
96 37 600
96 38 193
96 39 780
96 40 754
96 42 514
96 44 867
96 45 886
96 46 566
96 47 888
96 48 774
96 49 527
96 51 257
96 52 36
96 53 190
96 54 181
96 55 47
96 56 249
96 57 723
96 58 617
96 60 660
96 61 916
96 64 984
96 67 889
96 70 932
96 72 128
96 73 556
96 76 101
96 77 892
96 78 267
96 80 334
96 81 964
96 82 339
96 85 172
96 87 631
96 88 341
96 89 310
96 92 793
96 94 58
96 95 497
97 2 727
97 3 698
97 4 313
97 5 565
97 6 644
97 9 662
97 10 786
97 11 525
97 12 260
97 15 668
97 19 742
97 22 698
97 23 936
97 26 349
97 28 436
97 29 974
97 30 512
97 31 218
97 32 456
97 34 671
97 39 726
97 40 943
97 45 685
97 46 492
97 48 132
97 49 78
97 52 192
97 54 194
97 56 204
97 57 369
97 58 438
97 61 999
97 62 687
97 64 182
97 65 453
97 67 416
97 70 818
97 72 243
97 73 438
97 75 653
97 77 677
97 81 467
97 85 282
97 89 466
97 90 324
97 93 76
98 5 588
98 9 150
98 11 830
98 14 45
98 15 181
98 16 639
98 18 373
98 19 844
98 23 856
98 25 151
98 26 694
98 28 863
98 29 815
98 35 13
98 36 793
98 37 546
98 41 436
98 43 787
98 44 247
98 45 492
98 48 51
98 52 545
98 55 716
98 57 190
98 58 125
98 62 569
98 63 319
98 65 484
98 66 687
98 68 698
98 69 174
98 75 344
98 77 381
98 78 793
98 80 51
98 84 1
98 86 925
98 87 386
98 88 699
98 89 145
98 90 293
98 94 204
98 95 586
98 97 94
99 1 349
99 2 625
99 4 505
99 9 195
99 10 46
99 15 816
99 18 954
99 19 638
99 20 485
99 22 800
99 23 924
99 24 388
99 26 520
99 28 305
99 29 949
99 31 273
99 32 310
99 34 436
99 36 416
99 43 448
99 44 614
99 46 867
99 47 671
99 49 702
99 50 682
99 52 1000
99 53 629
99 54 867
99 56 155
99 57 509
99 58 883
99 60 462
99 61 114
99 62 217
99 65 910
99 66 556
99 67 599
99 68 512
99 70 360
99 71 44
99 73 41
99 74 799
99 75 270
99 78 750
99 79 557
99 82 10
99 83 908
99 84 849
99 85 718
99 87 916
99 89 512
99 90 828
99 92 471
99 93 10
99 94 335
99 98 537
100 1 716
100 4 683
100 6 151
100 7 38
100 10 199
100 16 504
100 19 773
100 21 680
100 22 405
100 23 464
100 24 343
100 25 170
100 28 862
100 29 243
100 32 698
100 34 866
100 39 766
100 40 51
100 43 85
100 44 95
100 45 182
100 46 723
100 47 306
100 48 49
100 51 274
100 55 204
100 57 746
100 58 703
100 59 203
100 60 280
100 61 974
100 62 519
100 64 567
100 65 793
100 66 59
100 67 328
100 68 65
100 69 822
100 70 246
100 71 521
100 72 480
100 73 147
100 75 881
100 76 484
100 79 392
100 81 885
100 82 479
100 83 479
100 84 34
100 85 639
100 86 382
100 89 182
100 92 308
100 93 71
100 95 854
101 1 310
101 2 708
101 3 858
101 5 299
101 6 813
101 7 249
101 8 976
101 9 315
101 11 676
101 12 567
101 13 975
101 14 50
101 15 918
101 17 806
101 18 281
101 19 978
101 21 140
101 22 504
101 23 776
101 25 141
101 27 195
101 28 499
101 29 776
101 30 884
101 32 174
101 34 178
101 35 586
101 37 741
101 38 624
101 39 246
101 40 151
101 41 830
101 47 363
101 55 516
101 58 232
101 59 968
101 62 408
101 65 18
101 66 97
101 68 559
101 69 888
101 71 924
101 72 998
101 73 669
101 74 482
101 75 420
101 76 315
101 80 912
101 81 913
101 82 467
101 83 616
101 84 946
101 86 698
101 90 492
101 93 277
101 94 559
101 95 8
101 99 792
102 3 212
102 4 55
102 5 619
102 7 296
102 9 327
102 12 121
102 15 812
102 19 49
102 20 362
102 21 31
102 23 323
102 24 846
102 25 74
102 27 518
102 28 741
102 29 260
102 31 655
102 32 961
102 34 309
102 40 387
102 41 153
102 44 249
102 45 128
102 46 664
102 49 952
102 51 434
102 52 811
102 53 637
102 54 918
102 56 48
102 57 85
102 58 596
102 59 103
102 60 965
102 61 36
102 63 853
102 65 488
102 67 717
102 70 612
102 72 630
102 74 845
102 76 834
102 80 108
102 82 67
102 83 446
102 84 374
102 86 654
102 88 721
102 92 391
102 94 648
102 98 636
102 99 452
102 101 853
103 4 879
103 5 434
103 9 592
103 11 593
103 12 302
103 16 235
103 17 794
103 19 627
103 20 843
103 21 698
103 22 712
103 24 424
103 25 710
103 26 711
103 27 464
103 28 425
103 33 772
103 35 808
103 36 946
103 38 893
103 39 344
103 40 662
103 42 97
103 43 49
103 44 584
103 47 712
103 48 75
103 50 911
103 56 63
103 57 937
103 58 371
103 59 877
103 62 186
103 63 164
103 64 378
103 67 322
103 71 970
103 73 75
103 74 197
103 76 288
103 77 882
103 80 613
103 82 826
103 83 237
103 86 626
103 89 303
103 90 37
103 92 954
103 94 730
103 96 226
103 97 353
103 100 724
103 101 573
103 102 319
104 1 427
104 4 612
104 8 241
104 12 324
104 14 238
104 15 955
104 16 885
104 17 203
104 19 638
104 25 916
104 30 796
104 31 506
104 34 643
104 35 413
104 36 921
104 37 880
104 38 976
104 39 386
104 40 149
104 41 171
104 44 548
104 47 595
104 48 412
104 49 955
104 51 890
104 52 772
104 53 260
104 54 824
104 56 89
104 57 213
104 59 338
104 60 89
104 63 543
104 64 219
104 65 422
104 66 37
104 67 867
104 68 282
104 69 959
104 71 273
104 72 687
104 75 835
104 78 350
104 88 534
104 90 152
104 91 208
104 92 240
104 96 689
104 97 861
104 98 627
104 99 870
104 100 784
104 101 371
104 102 34
104 103 981
105 2 478
105 3 444
105 5 430
105 6 217
105 7 695
105 10 322
105 11 850
105 12 509
105 13 173
105 16 301
105 18 134
105 19 862
105 20 442
105 21 741
105 24 998
105 25 682
105 26 373
105 28 207
105 31 938
105 32 475
105 35 344
105 36 282
105 37 866
105 38 733
105 40 153
105 42 737
105 45 758
105 48 726
105 52 32
105 54 299
105 58 103
105 59 314
105 60 954
105 62 327
105 66 55
105 67 562
105 68 718
105 69 859
105 70 838
105 72 289
105 74 643
105 75 610
105 77 373
105 78 706
105 85 811
105 86 364
105 87 615
105 92 669
105 93 125
105 94 572
105 99 56
105 101 424
105 102 875
105 104 522
106 4 995
106 6 33
106 9 545
106 11 291
106 12 23
106 13 873
106 15 50
106 17 900
106 20 945
106 21 785
106 22 988
106 23 917
106 25 151
106 27 5
106 28 531
106 32 889
106 33 516
106 36 110
106 39 941
106 40 332
106 42 528
106 47 197
106 49 506
106 50 474
106 51 388
106 54 623
106 55 136
106 56 67
106 57 486
106 58 987
106 60 308
106 61 374
106 62 722
106 68 192
106 71 871
106 72 983
106 73 978
106 75 789
106 77 241
106 78 985
106 79 286
106 82 699
106 84 753
106 88 237
106 91 637
106 93 561
106 94 322
106 97 716
106 100 542
106 101 920
106 102 541
106 104 416
107 5 844
107 8 575
107 9 503
107 10 588
107 11 70
107 13 167
107 15 714
107 17 233
107 18 148
107 19 802
107 20 329
107 21 254
107 23 626
107 25 661
107 28 81
107 35 595
107 36 767
107 37 675
107 42 588
107 48 686
107 50 271
107 52 79
107 53 590
107 55 968
107 58 507
107 62 960
107 63 369
107 65 918
107 67 369
107 73 786
107 74 865
107 76 452
107 77 952
107 82 397
107 83 513
107 85 266
107 86 196
107 87 432
107 92 213
107 94 213
107 96 350
107 97 506
107 98 657
107 99 391
107 100 330
107 101 425
107 103 135
107 106 911
108 14 723
108 16 331
108 17 779
108 19 778
108 20 282
108 22 331
108 25 915
108 26 664
108 28 974
108 29 203
108 30 516
108 31 662
108 33 515
108 34 129
108 37 756
108 38 651
108 45 774
108 46 646
108 51 209
108 53 878
108 54 220
108 58 737
108 62 517
108 64 267
108 65 618
108 66 727
108 69 880
108 70 759
108 71 79
108 73 226
108 74 243
108 76 81
108 77 567
108 78 249
108 79 252
108 80 5
108 81 619
108 82 534
108 85 439
108 87 856
108 89 632
108 92 738
108 97 220
108 98 860
108 99 774
108 100 685
108 101 430
108 107 487
109 1 137
109 2 200
109 3 560
109 8 451
109 10 995
109 11 404
109 13 613
109 14 877
109 15 410
109 19 848
109 21 280
109 22 582
109 23 77
109 25 602
109 38 734
109 39 219
109 41 419
109 42 605
109 43 421
109 45 558
109 47 604
109 55 666
109 56 809
109 57 278
109 59 962
109 63 851
109 64 656
109 67 307
109 68 123
109 69 51
109 78 71
109 79 131
109 81 435
109 83 285
109 84 927
109 87 141
109 88 928
109 89 799
109 91 716
109 95 740
109 99 168
109 101 893
109 102 967
109 103 672
109 105 180
109 106 308
109 107 882
110 2 441
110 4 255
110 5 22
110 6 444
110 8 77
110 9 940
110 14 658
110 15 440
110 19 977
110 22 233
110 25 683
110 28 824
110 30 30
110 31 742
110 35 14
110 37 467
110 38 137
110 40 449
110 41 154
110 45 520
110 46 122
110 48 584
110 51 758
110 52 30
110 53 416
110 56 684
110 58 593
110 59 180
110 60 7
110 62 553
110 65 286
110 67 871
110 68 391
110 70 478
110 72 180
110 76 751
110 79 563
110 81 568
110 82 848
110 84 61
110 85 593
110 87 798
110 89 499
110 94 816
110 96 935
110 97 265
110 98 840
110 100 639
110 102 407
110 103 3
110 105 380
110 107 122
110 108 457
110 109 957
111 1 300
111 2 988
111 3 461
111 4 390
111 5 972
111 6 686
111 7 267
111 8 338
111 10 850
111 11 652
111 12 792
111 14 592
111 16 14
111 17 852
111 18 616
111 19 119
111 22 480
111 24 207
111 26 858
111 27 980
111 31 691
111 32 299
111 34 258
111 35 659
111 36 349
111 41 347
111 44 668
111 49 793
111 52 188
111 54 656
111 55 320
111 56 299
111 58 527
111 64 58
111 65 402
111 66 419
111 67 53
111 68 354
111 69 572
111 70 187
111 72 751
111 73 219
111 77 874
111 81 996
111 82 560
111 83 504
111 85 45
111 89 276
111 90 35
111 95 558
111 96 757
111 99 932
111 100 830
111 101 436
111 102 771
111 103 307
111 106 921
111 107 192
111 108 498
112 1 55
112 2 795
112 5 317
112 7 473
112 8 250
112 9 149
112 11 830
112 14 651
112 15 580
112 16 206
112 17 559
112 18 916
112 20 190
112 21 645
112 23 471
112 24 339
112 25 774
112 27 554
112 30 43
112 35 819
112 41 112
112 42 65
112 44 604
112 45 710
112 46 885
112 49 724
112 50 234
112 51 231
112 52 593
112 53 297
112 54 789
112 55 313
112 56 515
112 57 135
112 58 501
112 59 542
112 61 200
112 63 953
112 64 836
112 65 34
112 66 986
112 68 227
112 69 169
112 71 585
112 72 152
112 77 891
112 79 906
112 82 978
112 83 475
112 84 751
112 86 81
112 88 986
112 93 599
112 94 891
112 96 276
112 97 15
112 101 979
112 104 420
112 107 873
112 108 970
112 110 309
113 1 601
113 4 167
113 6 686
113 7 680
113 8 528
113 9 928
113 10 474
113 11 744
113 12 846
113 13 100
113 15 829
113 19 465
113 20 42
113 25 260
113 27 319
113 32 35
113 34 745
113 35 346
113 36 68
113 38 387
113 39 637
113 41 169
113 42 202
113 43 936
113 44 175
113 46 867
113 47 651
113 50 610
113 51 602
113 52 226
113 55 178
113 56 126
113 59 215
113 60 408
113 61 992
113 62 976
113 66 100
113 67 944
113 71 857
113 73 777
113 76 821
113 77 337
113 78 465
113 79 493
113 80 955
113 81 173
113 83 369
113 84 859
113 85 816
113 88 685
113 89 998
113 90 363
113 91 579
113 93 589
113 94 620
113 95 803
113 98 68
113 99 750
113 100 461
113 101 200
113 104 459
113 105 432
113 106 195
113 109 141
113 110 831
114 1 758
114 4 413
114 8 12
114 10 354
114 11 757
114 12 878
114 13 158
114 14 182
114 16 967
114 20 178
114 21 637
114 22 953
114 24 513
114 26 561
114 28 939
114 30 477
114 31 996
114 37 357
114 38 81
114 40 641
114 41 670
114 42 686
114 43 337
114 44 999
114 45 579
114 47 392
114 48 400
114 51 131
114 52 214
114 54 76
114 58 987
114 59 34
114 61 135
114 63 168
114 65 356
114 66 456
114 69 26
114 71 830
114 73 36
114 76 709
114 78 445
114 80 161
114 81 416
114 82 864
114 87 522
114 88 73
114 90 907
114 92 243
114 93 194
114 94 584
114 95 314
114 98 907
114 103 329
114 104 904
115 5 896
115 10 988
115 11 556
115 12 681
115 13 340
115 14 164
115 15 335
115 19 199
115 23 938
115 24 89
115 25 26
115 30 939
115 32 460
115 34 437
115 37 567
115 40 971
115 41 529
115 45 803
115 47 183
115 48 483
115 51 23
115 52 614
115 53 426
115 54 787
115 55 860
115 57 221
115 59 152
115 61 113
115 62 207
115 64 928
115 65 739
115 66 989
115 67 369
115 68 844
115 69 563
115 72 995
115 73 452
115 74 55
115 76 341
115 77 490
115 81 342
115 84 828
115 85 742
115 86 529
115 87 9
115 88 341
115 95 208
115 99 609
115 103 951
115 105 16
115 106 320
115 107 106
115 109 703
115 114 359
116 1 154
116 2 104
116 5 354
116 8 204
116 11 261
116 13 820
116 15 387
116 17 124
116 18 308
116 19 602
116 22 695
116 24 9
116 27 775
116 28 153
116 29 555
116 37 744
116 38 196
116 39 137
116 40 799
116 42 128
116 44 211
116 46 847
116 47 975
116 49 648
116 55 416
116 57 946
116 58 116
116 59 113
116 67 15
116 68 778
116 71 637
116 73 150
116 75 480
116 76 632
116 77 325
116 78 882
116 79 206
116 85 997
116 91 273
116 92 934
116 93 316
116 97 798
116 98 192
116 99 963
116 100 174
116 102 472
116 103 674
116 107 632
116 109 292
116 111 818
116 114 647
116 115 625
117 1 925
117 2 434
117 3 108
117 4 724
117 6 645
117 8 148
117 9 213
117 10 789
117 11 936
117 12 731
117 14 880
117 15 861
117 19 194
117 20 515
117 21 619
117 22 5
117 23 125
117 30 857
117 31 204
117 33 237
117 42 740
117 43 637
117 44 310
117 45 923
117 46 238
117 47 897
117 48 180
117 49 671
117 53 714
117 54 251
117 56 654
117 57 765
117 64 422
117 66 642
117 68 878
117 70 21
117 71 191
117 73 673
117 74 425
117 80 665
117 82 974
117 84 449
117 89 238
117 90 32
117 93 308
117 94 736
117 95 565
117 96 654
117 98 65
117 100 875
117 103 194
117 109 635
117 112 250
117 113 252
117 116 827
118 1 902
118 2 574
118 4 630
118 5 721
118 7 345
118 8 421
118 9 246
118 13 826
118 18 167
118 19 116
118 22 344
118 23 507
118 25 684
118 26 236
118 28 700
118 29 202
118 30 644
118 33 821
118 34 993
118 39 790
118 40 613
118 41 78
118 44 165
118 45 57
118 47 687
118 48 178
118 49 827
118 50 894
118 53 264
118 63 386
118 64 58
118 66 678
118 70 920
118 72 253
118 73 478
118 75 137
118 76 167
118 81 758
118 83 898
118 84 664
118 86 577
118 87 108
118 88 877
118 90 705
118 93 690
118 95 897
118 96 198
118 98 625
118 99 982
118 106 973
118 110 977
118 111 415
118 114 20
118 115 566
118 116 6
119 1 96
119 2 286
119 4 479
119 12 234
119 15 562
119 17 492
119 18 75
119 20 37
119 22 624
119 23 387
119 24 78
119 26 962
119 33 591
119 34 681
119 36 316
119 39 307
119 42 675
119 46 837
119 48 908
119 49 255
119 50 199
119 52 347
119 53 925
119 54 114
119 55 766
119 59 367
119 60 374
119 64 920
119 65 793
119 67 273
119 70 329
119 71 475
119 72 9
119 73 661
119 76 795
119 79 561
119 81 136
119 85 9
119 87 472
119 89 912
119 91 282
119 92 487
119 94 251
119 97 83
119 103 495
119 104 171
119 106 272
119 107 693
119 108 992
119 110 966
119 113 208
119 114 263
120 3 159
120 8 270
120 9 616
120 10 182
120 14 204
120 15 92
120 16 968
120 18 178
120 20 706
120 21 532
120 23 882
120 26 646
120 27 318
120 28 563
120 31 438
120 33 927
120 34 389
120 36 529
120 38 578
120 40 343
120 41 844
120 45 792
120 46 371
120 48 399
120 49 450
120 53 544
120 54 114
120 56 758
120 57 488
120 58 737
120 59 341
120 62 410
120 68 180
120 69 807
120 70 217
120 73 404
120 74 401
120 75 782
120 76 493
120 77 292
120 79 218
120 80 549
120 83 790
120 84 507
120 87 300
120 88 680
120 89 186
120 92 422
120 93 15
120 96 39
120 101 205
120 103 464
120 107 35
120 108 876
120 110 301
120 111 380
120 113 499
120 114 719
120 115 313
120 116 899
120 117 777
120 118 512
120 119 675
121 1 450
121 2 665
121 3 520
121 6 864
121 10 627
121 11 683
121 14 772
121 15 328
121 17 601
121 21 339
121 22 572
121 23 487
121 32 578
121 33 846
121 34 625
121 35 842
121 36 685
121 38 341
121 39 96
121 41 854
121 43 884
121 44 330
121 47 463
121 48 396
121 52 897
121 53 744
121 57 970
121 59 985
121 61 626
121 63 566
121 64 724
121 65 403
121 66 284
121 73 658
121 74 422
121 75 640
121 81 236
121 84 717
121 86 563
121 87 733
121 88 802
121 89 529
121 90 422
121 91 701
121 94 135
121 95 646
121 96 782
121 98 663
121 100 163
121 103 124
121 105 388
121 108 989
121 111 447
121 113 566
121 116 812
121 120 761
122 1 989
122 3 375
122 4 829
122 5 463
122 7 205
122 8 72
122 9 295
122 10 574
122 12 416
122 13 828
122 14 283
122 15 81
122 16 713
122 21 837
122 22 81
122 23 656
122 24 446
122 27 927
122 30 597
122 31 357
122 33 113
122 35 772
122 36 618
122 38 390
122 40 931
122 41 474
122 42 29
122 45 405
122 46 859
122 47 420
122 48 568
122 50 966
122 51 427
122 52 721
122 53 832
122 55 249
122 57 18
122 59 289
122 60 96
122 61 290
122 62 329
122 63 365
122 65 73
122 66 6
122 68 969
122 71 463
122 73 17
122 74 339
122 75 9
122 80 476
122 81 526
122 82 857
122 83 785
122 88 439
122 90 497
122 91 12
122 93 397
122 97 821
122 99 462
122 100 302
122 101 182
122 102 887
122 104 262
122 106 509
122 107 18
122 108 832
122 110 303
122 112 992
122 116 692
122 118 714
122 120 505
122 121 910
123 3 559
123 5 377
123 7 932
123 8 583
123 9 845
123 10 141
123 13 144
123 14 307
123 15 722
123 16 192
123 18 969
123 19 523
123 22 818
123 23 954
123 24 227
123 29 360
123 31 685
123 33 264
123 34 317
123 35 786
123 36 76
123 37 945
123 38 555
123 40 811
123 44 68
123 45 129
123 46 799
123 47 57
123 52 829
123 53 106
123 55 108
123 58 752
123 59 621
123 62 219
123 64 214
123 65 917
123 69 221
123 70 267
123 71 134
123 72 937
123 74 504
123 76 692
123 78 621
123 80 516
123 87 337
123 90 973
123 94 269
123 96 85
123 97 914
123 98 185
123 102 774
123 104 948
123 105 932
123 106 504
123 110 826
123 113 367
123 114 526
123 120 406
123 121 790
123 122 271
124 1 590
124 5 893
124 6 542
124 8 204
124 10 661
124 11 26
124 12 301
124 16 979
124 18 187
124 19 271
124 31 629
124 32 678
124 33 57
124 37 509
124 42 890
124 44 522
124 45 701
124 46 466
124 47 179
124 48 132
124 50 160
124 51 584
124 53 850
124 55 328
124 56 201
124 57 379
124 65 200
124 67 152
124 69 13
124 73 915
124 74 982
124 75 792
124 79 814
124 81 614
124 83 665
124 87 994
124 89 917
124 90 498
124 91 630
124 92 55
124 93 713
124 94 690
124 95 179
124 97 935
124 98 822
124 102 549
124 103 779
124 104 384
124 106 371
124 107 732
124 108 887
124 109 506
124 112 304
124 113 556
124 114 399
124 122 672
125 1 429
125 2 658
125 4 704
125 7 38
125 8 143
125 11 341
125 13 740
125 16 881
125 17 168
125 18 42
125 21 473
125 23 297
125 25 144
125 26 43
125 30 821
125 32 144
125 34 761
125 37 391
125 38 595
125 39 839
125 40 301
125 41 345
125 42 483
125 44 181
125 46 185
125 47 532
125 50 513
125 54 692
125 55 999
125 57 329
125 58 350
125 59 529
125 60 158
125 63 13
125 64 382
125 65 132
125 68 562
125 70 312
125 71 23
125 72 662
125 77 387
125 80 592
125 81 941
125 85 851
125 86 546
125 87 632
125 88 732
125 89 479
125 90 944
125 91 834
125 92 422
125 94 903
125 95 224
125 96 194
125 97 245
125 98 285
125 104 670
125 106 455
125 109 767
125 111 367
125 113 318
125 116 801
125 117 152
125 119 745
125 120 850
125 121 397
125 123 855
125 124 56
126 1 753
126 2 966
126 3 521
126 4 551
126 5 110
126 6 182
126 7 108
126 10 182
126 11 719
126 14 277
126 15 223
126 16 432
126 18 413
126 19 402
126 20 840
126 22 12
126 24 314
126 25 639
126 26 6
126 28 559
126 29 442
126 30 550
126 32 547
126 34 159
126 35 218
126 39 99
126 41 524
126 43 476
126 44 168
126 45 381
126 48 195
126 49 193
126 51 473
126 53 913
126 54 44
126 55 947
126 57 724
126 59 583
126 62 447
126 65 175
126 67 767
126 69 716
126 71 768
126 73 792
126 75 597
126 76 147
126 77 225
126 85 99
126 86 652
126 88 607
126 90 931
126 94 428
126 95 698
126 96 178
126 97 573
126 98 174
126 99 105
126 100 688
126 108 463
126 112 65
126 113 691
126 114 772
126 115 217
126 117 183
126 118 993
126 121 272
126 122 82
127 1 634
127 2 437
127 3 596
127 4 828
127 5 701
127 8 970
127 11 525
127 13 718
127 18 524
127 20 788
127 21 541
127 22 611
127 25 756
127 31 446
127 41 296
127 42 4
127 43 303
127 44 954
127 45 889
127 46 704
127 49 181
127 50 960
127 51 909
127 52 590
127 53 479
127 54 703
127 56 300
127 59 648
127 61 747
127 64 299
127 68 471
127 69 716
127 72 857
127 73 843
127 75 318
127 76 174
127 80 892
127 84 706
127 85 122
127 86 228
127 88 606
127 89 657
127 91 923
127 93 23
127 94 671
127 95 3
127 99 480
127 100 743
127 101 460
127 104 681
127 105 125
127 106 54
127 107 752
127 108 683
127 109 178
127 111 549
127 113 866
127 114 503
127 115 414
127 117 996
127 118 130
127 121 522
127 123 135
127 124 97
127 126 32
128 1 363
128 3 290
128 5 148
128 6 215
128 7 866
128 9 941
128 10 81
128 12 490
128 17 880
128 19 530
128 20 477
128 21 841
128 22 474
128 25 547
128 26 232
128 27 845
128 28 99
128 29 436
128 31 571
128 33 289
128 34 840
128 36 649
128 38 105
128 42 573
128 46 978
128 48 748
128 50 919
128 51 57
128 53 770
128 54 550
128 57 976
128 61 920
128 62 616
128 63 442
128 65 873
128 66 440
128 67 641
128 69 657
128 70 595
128 72 410
128 73 599
128 76 194
128 78 931
128 79 623
128 80 981
128 84 543
128 85 930
128 86 528
128 87 668
128 88 197
128 90 968
128 91 94
128 92 376
128 96 974
128 98 651
128 101 934
128 102 173
128 103 346
128 104 927
128 108 364
128 109 441
128 110 279
128 111 685
128 112 824
128 115 79
128 117 772
128 118 318
128 122 901
128 125 517
129 1 393
129 3 607
129 5 506
129 6 600
129 7 820
129 8 624
129 12 332
129 13 305
129 14 918
129 16 649
129 19 847
129 20 544
129 24 102
129 26 929
129 28 976
129 30 412
129 32 848
129 33 923
129 35 294
129 36 637
129 40 418
129 41 663
129 45 536
129 46 609
129 48 701
129 51 618
129 57 750
129 58 384
129 59 353
129 60 876
129 62 534
129 63 859
129 65 613
129 67 834
129 69 173
129 73 180
129 75 163
129 76 217
129 80 791
129 83 606
129 85 833
129 87 167
129 88 4
129 89 577
129 93 882
129 94 86
129 95 825
129 96 829
129 99 934
129 100 925
129 101 813
129 102 106
129 105 348
129 106 194
129 110 340
129 112 96
129 113 547
129 115 75
129 117 700
129 118 163
129 119 418
129 121 391
129 123 342
129 127 12
130 2 274
130 6 666
130 8 19
130 9 319
130 10 793
130 12 729
130 13 268
130 15 753
130 17 923
130 18 922
130 19 771
130 21 31
130 22 94
130 27 618
130 28 725
130 31 953
130 33 501
130 34 541
130 38 568
130 39 477
130 40 716
130 44 62
130 47 621
130 50 43
130 52 361
130 53 971
130 55 298
130 61 229
130 62 478
130 66 845
130 69 323
130 70 855
130 72 563
130 73 294
130 74 62
130 76 957
130 77 140
130 80 586
130 81 155
130 84 137
130 85 126
130 86 418
130 88 491
130 90 372
130 91 56
130 92 610
130 94 464
130 95 207
130 96 487
130 99 681
130 100 948
130 101 810
130 106 593
130 107 548
130 108 670
130 109 649
130 110 249
130 112 798
130 116 700
130 118 191
130 124 70
130 125 144
130 128 359
131 1 517
131 6 68
131 8 203
131 10 103
131 11 776
131 14 962
131 17 988
131 18 181
131 19 589
131 20 402
131 23 954
131 24 211
131 25 245
131 28 891
131 30 992
131 31 410
131 33 741
131 35 557
131 36 568
131 37 164
131 39 225
131 43 855
131 49 592
131 50 185
131 52 518
131 55 700
131 58 869
131 59 83
131 60 408
131 62 785
131 63 557
131 64 625
131 65 800
131 66 570
131 68 79
131 69 764
131 70 122
131 71 229
131 72 875
131 78 182
131 80 386
131 81 928
131 83 223
131 84 437
131 85 962
131 86 703
131 89 780
131 90 842
131 93 449
131 95 969
131 98 748
131 101 25
131 104 674
131 105 350
131 110 90
131 111 236
131 112 214
131 113 96
131 114 844
131 115 140
131 116 509
131 117 215
131 118 798
131 119 868
131 120 366
131 121 773
131 123 800
131 124 682
131 125 712
131 128 585
132 4 422
132 7 397
132 9 555
132 11 470
132 12 295
132 14 606
132 15 678
132 16 549
132 17 111
132 19 586
132 20 111
132 23 40
132 24 566
132 25 10
132 26 900
132 27 570
132 29 977
132 31 534
132 32 863
132 34 319
132 35 850
132 36 198
132 37 139
132 39 288
132 40 645
132 41 873
132 42 481
132 44 214
132 45 791
132 49 58
132 50 872
132 51 825
132 52 28
132 55 533
132 58 448
132 59 596
132 60 499
132 65 78
132 67 733
132 68 746
132 71 427
132 74 165
132 75 910
132 76 979
132 77 261
132 78 640
132 79 608
132 80 770
132 81 349
132 82 719
132 84 381
132 86 909
132 87 74
132 88 521
132 89 183
132 91 766
132 92 327
132 94 953
132 95 645
132 98 687
132 99 287
132 101 211
132 102 283
132 103 758
132 104 835
132 105 330
132 107 161
132 110 105
132 114 86
132 117 420
132 119 731
132 120 990
132 122 799
132 124 292
132 126 283
132 127 775
132 128 464
132 129 650
132 130 593
132 131 964
133 2 951
133 3 718
133 6 849
133 9 445
133 14 567
133 15 227
133 16 768
133 18 259
133 21 650
133 25 179
133 26 375
133 28 880
133 30 598
133 31 482
133 33 328
133 34 938
133 35 511
133 37 612
133 40 149
133 42 664
133 46 31
133 47 500
133 49 89
133 50 199
133 51 48
133 52 910
133 53 950
133 61 849
133 65 497
133 66 879
133 67 600
133 74 375
133 80 259
133 83 485
133 84 34
133 86 966
133 89 960
133 92 34
133 96 885
133 98 735
133 101 885
133 104 133
133 105 547
133 107 714
133 109 920
133 112 300
133 113 63
133 114 419
133 116 527
133 120 239
133 121 194
133 122 612
133 123 178
133 124 821
133 128 905
133 130 402
133 131 200
133 132 938
134 2 854
134 3 825
134 4 637
134 5 351
134 8 11
134 9 538
134 11 156
134 13 460
134 14 232
134 15 77
134 16 589
134 18 901
134 19 453
134 20 587
134 22 215
134 25 157
134 29 536
134 30 329
134 31 919
134 32 960
134 33 240
134 34 786
134 35 629
134 38 511
134 41 86
134 42 195
134 45 101
134 47 360
134 52 637
134 53 545
134 54 404
134 55 717
134 59 644
134 61 118
134 64 114
134 65 228
134 70 806
134 71 23
134 74 329
134 75 243
134 76 841
134 79 616
134 83 309
134 85 74
134 89 295
134 92 250
134 95 148
134 98 318
134 103 315
134 105 638
134 108 230
134 110 699
134 114 404
134 115 549
134 117 43
134 118 243
134 120 691
134 122 863
134 123 716
134 124 150
134 130 700
134 131 701
134 133 305
135 1 27
135 2 455
135 3 586
135 4 102
135 5 72
135 10 119
135 11 921
135 14 203
135 15 877
135 16 490
135 20 267
135 21 315
135 23 744
135 24 805
135 25 5
135 26 955
135 31 98
135 32 825
135 35 724
135 36 863
135 37 180
135 39 406
135 40 381
135 41 801
135 43 720
135 44 460
135 46 993
135 47 43
135 48 877
135 51 668
135 52 637
135 53 672
135 55 298
135 58 820
135 59 808
135 60 497
135 62 842
135 63 218
135 66 668
135 67 856
135 70 591
135 71 224
135 72 134
135 73 875
135 75 36
135 76 711
135 77 709
135 78 831
135 82 543
135 83 746
135 84 449
135 85 634
135 87 570
135 88 554
135 89 800
135 92 657
135 93 107
135 95 244
135 97 443
135 98 684
135 100 177
135 101 86
135 105 717
135 108 632
135 109 116
135 112 909
135 113 155
135 114 269
135 115 403
135 118 865
135 121 445
135 122 288
135 124 902
135 126 864
135 128 97
135 129 681
135 130 672
136 3 199
136 6 755
136 7 101
136 8 520
136 10 723
136 12 752
136 15 208
136 17 37
136 19 745
136 20 3
136 22 15
136 23 246
136 24 144
136 25 93
136 26 791
136 27 607
136 31 645
136 36 622
136 38 87
136 40 831
136 43 635
136 47 101
136 48 695
136 53 578
136 54 605
136 55 251
136 56 660
136 59 988
136 60 746
136 63 974
136 68 787
136 69 975
136 72 859
136 73 104
136 76 728
136 77 702
136 79 303
136 80 552
136 81 553
136 84 874
136 85 826
136 87 450
136 89 201
136 97 451
136 99 333
136 101 360
136 102 721
136 104 377
136 105 550
136 106 183
136 107 64
136 108 729
136 111 200
136 114 500
136 115 520
136 116 562
136 119 467
136 120 388
136 123 271
136 126 142
136 127 912
136 128 514
136 131 771
136 132 66
136 133 429
136 135 922
137 4 521
137 7 933
137 8 866
137 9 894
137 10 109
137 13 692
137 17 374
137 19 759
137 21 968
137 22 451
137 23 367
137 24 498
137 25 514
137 28 827
137 29 224
137 30 652
137 31 904
137 34 87
137 35 724
137 36 532
137 37 418
137 38 958
137 41 680
137 42 730
137 44 456
137 45 272
137 47 582
137 49 407
137 51 157
137 52 195
137 56 419
137 59 11
137 60 816
137 61 368
137 65 989
137 67 131
137 68 836
137 70 687
137 71 551
137 72 496
137 76 846
137 77 569
137 78 805
137 80 952
137 83 331
137 88 516
137 89 665
137 94 748
137 95 434
137 97 736
137 100 576
137 101 34
137 106 494
137 107 492
137 109 204
137 112 937
137 115 28
137 118 20
137 122 176
137 123 534
137 127 852
137 128 597
137 129 575
137 132 111
137 133 384
137 135 924
138 2 999
138 3 61
138 7 905
138 8 468
138 9 650
138 10 59
138 11 805
138 12 642
138 14 745
138 16 558
138 19 759
138 24 20
138 25 890
138 27 941
138 28 137
138 29 284
138 32 677
138 34 315
138 36 195
138 40 274
138 43 445
138 48 172
138 49 423
138 52 261
138 55 173
138 57 805
138 60 390
138 62 626
138 64 936
138 65 823
138 66 404
138 70 564
138 71 602
138 72 617
138 73 116
138 77 487
138 79 420
138 89 783
138 92 504
138 93 506
138 94 743
138 96 950
138 97 396
138 99 195
138 100 997
138 103 177
138 104 955
138 106 678
138 110 308
138 116 73
138 117 150
138 118 762
138 119 893
138 121 786
138 123 432
138 127 251
138 129 909
138 134 672
138 136 62
139 1 357
139 2 780
139 5 394
139 12 660
139 15 247
139 16 212
139 20 667
139 21 911
139 23 666
139 24 556
139 25 402
139 26 413
139 27 840
139 32 456
139 34 1000
139 36 324
139 38 306
139 41 929
139 42 636
139 44 728
139 46 25
139 47 834
139 51 835
139 52 463
139 54 51
139 55 528
139 57 426
139 58 477
139 60 658
139 63 57
139 64 460
139 66 786
139 67 94
139 75 703
139 76 152
139 77 693
139 79 81
139 80 379
139 87 39
139 88 657
139 94 432
139 96 464
139 97 432
139 98 749
139 99 32
139 100 538
139 101 48
139 102 15
139 105 713
139 106 101
139 109 152
139 112 187
139 114 7
139 115 258
139 119 368
139 120 868
139 122 415
139 125 977
139 128 737
139 129 230
139 131 321
139 134 948
139 135 281
139 136 377
139 137 160
139 138 140
140 1 203
140 4 676
140 5 386
140 7 354
140 8 581
140 9 705
140 11 842
140 13 222
140 15 897
140 17 784
140 19 866
140 20 213
140 22 780
140 24 370
140 26 580
140 27 390
140 28 894
140 29 936
140 36 843
140 37 442
140 38 14
140 40 63
140 41 652
140 43 825
140 44 75
140 47 588
140 50 91
140 51 290
140 52 510
140 53 884
140 55 436
140 61 659
140 63 330
140 64 469
140 66 114
140 67 850
140 69 489
140 70 992
140 72 883
140 73 32
140 77 337
140 79 470
140 80 173
140 83 212
140 84 455
140 85 954
140 86 541
140 87 955
140 88 830
140 89 272
140 91 62
140 92 958
140 93 481
140 99 109
140 100 884
140 101 287
140 103 40
140 104 885
140 105 823
140 106 466
140 107 555
140 114 737
140 115 873
140 116 195
140 119 655
140 121 968
140 127 604
140 128 44
140 131 316
140 132 496
140 136 631
140 137 199
141 2 843
141 3 376
141 5 384
141 8 870
141 11 43
141 15 933
141 16 17
141 19 639
141 20 172
141 21 921
141 26 709
141 27 61
141 32 297
141 34 960
141 35 932
141 37 312
141 40 861
141 41 632
141 42 116
141 46 303
141 47 71
141 50 385
141 51 823
141 52 932
141 54 496
141 55 587
141 56 616
141 57 853
141 58 280
141 60 248
141 62 690
141 63 442
141 65 628
141 66 771
141 68 827
141 69 453
141 74 377
141 75 295
141 76 458
141 77 704
141 79 932
141 80 744
141 83 485
141 84 269
141 85 726
141 88 949
141 92 131
141 93 798
141 94 335
141 97 29
141 98 259
141 104 382
141 107 488
141 108 888
141 109 670
141 110 392
141 112 491
141 116 978
141 117 15
141 118 931
141 120 909
141 124 84
141 128 534
141 130 967
141 133 859
141 134 951
141 137 969
141 139 655
141 140 633
142 1 941
142 3 450
142 4 73
142 5 244
142 9 130
142 10 65
142 11 12
142 13 795
142 14 735
142 16 520
142 18 471
142 19 698
142 20 419
142 23 383
142 26 137
142 27 134
142 30 240
142 31 544
142 34 20
142 35 638
142 36 789
142 37 740
142 43 924
142 45 434
142 47 160
142 51 520
142 52 432
142 54 918
142 55 429
142 57 293
142 59 13
142 60 490
142 62 8
142 65 282
142 66 735
142 67 384
142 68 830
142 70 585
142 72 474
142 73 280
142 74 129
142 76 242
142 78 386
142 80 336
142 82 859
142 83 335
142 86 332
142 87 496
142 89 362
142 90 17
142 91 220
142 93 242
142 94 942
142 95 737
142 96 25
142 98 724
142 99 22
142 101 736
142 102 445
142 104 247
142 105 303
142 110 475
142 111 174
142 113 583
142 115 362
142 117 611
142 124 417
142 125 68
142 131 334
142 132 296
142 135 590
142 136 319
142 138 868
142 139 926
143 2 485
143 4 300
143 7 122
143 8 277
143 11 503
143 13 55
143 21 936
143 23 453
143 25 170
143 27 873
143 30 476
143 32 55
143 34 43
143 35 453
143 36 336
143 37 195
143 39 874
143 41 967
143 43 473
143 50 605
143 51 680
143 52 273
143 53 674
143 54 517
143 55 201
143 56 45
143 57 310
143 60 484
143 62 797
143 67 398
143 68 201
143 69 849
143 80 900
143 83 110
143 85 700
143 86 445
143 87 999
143 88 795
143 93 377
143 96 885
143 100 223
143 101 189
143 104 881
143 106 138
143 107 866
143 108 622
143 109 654
143 110 536
143 111 537
143 113 351
143 117 602
143 118 567
143 119 239
143 121 808
143 123 409
143 125 708
143 128 718
143 129 314
143 130 644
143 131 152
143 134 248
143 136 194
143 138 143
143 139 54
144 3 703
144 5 432
144 6 230
144 7 332
144 10 857
144 14 111
144 17 254
144 20 897
144 21 150
144 23 262
144 26 139
144 27 80
144 28 504
144 31 838
144 33 416
144 35 105
144 37 584
144 41 862
144 42 273
144 44 678
144 45 491
144 46 97
144 47 104
144 48 893
144 49 303
144 50 146
144 51 716
144 52 341
144 57 642
144 59 632
144 62 669
144 63 42
144 64 165
144 65 355
144 68 144
144 69 945
144 72 447
144 75 279
144 77 871
144 78 698
144 79 350
144 80 583
144 85 132
144 86 39
144 87 229
144 89 785
144 91 636
144 94 287
144 96 349
144 99 511
144 100 22
144 101 393
144 104 331
144 116 484
144 117 194
144 118 632
144 119 22
144 121 270
144 123 299
144 124 764
144 125 789
144 126 933
144 127 842
144 128 587
144 130 937
144 131 170
144 132 832
144 136 309
144 139 303
144 141 102
144 143 606
145 3 533
145 5 940
145 7 927
145 9 920
145 12 363
145 13 763
145 15 415
145 16 672
145 18 347
145 19 868
145 20 310
145 21 668
145 24 518
145 25 453
145 26 777
145 30 151
145 31 399
145 32 774
145 39 504
145 40 269
145 44 395
145 46 899
145 47 147
145 48 527
145 55 563
145 57 214
145 60 630
145 62 222
145 63 195
145 64 240
145 65 876
145 67 322
145 68 170
145 69 242
145 70 248
145 71 833
145 72 422
145 75 98
145 78 506
145 81 238
145 83 161
145 84 166
145 85 610
145 87 249
145 88 592
145 89 863
145 94 776
145 95 126
145 96 503
145 99 749
145 101 681
145 103 804
145 105 82
145 107 344
145 110 620
145 112 516
145 113 528
145 114 25
145 118 927
145 120 110
145 121 893
145 122 64
145 123 93
145 125 95
145 127 429
145 128 834
145 130 809
145 132 917
145 133 208
145 135 995
145 137 288
145 138 277
145 140 450
145 141 416
145 143 1000
145 144 407
146 2 342
146 3 731
146 5 181
146 6 315
146 7 35
146 9 743
146 12 546
146 13 606
146 14 825
146 15 690
146 17 944
146 22 917
146 23 442
146 24 208
146 25 771
146 26 131
146 28 170
146 31 513
146 32 882
146 33 974
146 34 285
146 35 662
146 36 937
146 38 279
146 41 107
146 44 28
146 46 975
146 49 460
146 51 878
146 52 198
146 53 142
146 55 490
146 58 519
146 59 589
146 61 22
146 62 268
146 63 766
146 67 832
146 69 400
146 70 269
146 71 933
146 72 628
146 73 487
146 75 577
146 78 751
146 79 304
146 85 142
146 90 502
146 91 900
146 92 385
146 94 617
146 95 733
146 96 878
146 97 419
146 98 594
146 99 597
146 109 797
146 111 757
146 112 469
146 116 694
146 117 601
146 119 460
146 123 542
146 125 963
146 126 68
146 127 569
146 130 848
146 131 372
146 132 229
146 133 347
146 136 137
146 137 700
146 138 351
146 139 342
146 140 740
146 145 86
147 1 810
147 2 947
147 7 610
147 12 878
147 13 407
147 18 494
147 19 838
147 20 891
147 23 67
147 24 515
147 25 2
147 27 652
147 28 200
147 29 791
147 30 675
147 31 918
147 38 276
147 39 699
147 42 226
147 43 41
147 45 534
147 46 512
147 48 104
147 50 172
147 55 557
147 60 306
147 61 922
147 63 298
147 64 902
147 66 353
147 68 553
147 69 916
147 70 213
147 72 337
147 73 959
147 75 517
147 77 686
147 78 263
147 81 504
147 88 354
147 89 751
147 90 190
147 91 946
147 92 466
147 93 834
147 97 934
147 99 186
147 101 263
147 103 850
147 104 94
147 105 683
147 106 618
147 107 608
147 108 156
147 111 431
147 114 163
147 115 348
147 116 219
147 117 562
147 121 99
147 125 402
147 126 57
147 127 938
147 128 976
147 130 985
147 135 665
147 140 572
147 141 545
147 142 746
147 143 177
147 144 810
148 1 308
148 3 977
148 4 704
148 5 202
148 7 238
148 15 557
148 17 953
148 18 328
148 19 885
148 20 471
148 21 145
148 24 525
148 25 286
148 27 899
148 31 582
148 32 981
148 33 294
148 34 60
148 35 467
148 37 296
148 39 166
148 40 929
148 42 944
148 43 905
148 45 246
148 48 984
148 50 984
148 53 303
148 56 679
148 57 572
148 59 589
148 62 609
148 69 271
148 71 467
148 72 538
148 74 352
148 79 105
148 80 943
148 81 833
148 82 301
148 83 560
148 87 26
148 89 591
148 93 39
148 95 627
148 96 10
148 98 215
148 101 509
148 102 336
148 103 528
148 105 49
148 107 532
148 110 949
148 112 371
148 113 513
148 115 338
148 116 52
148 118 165
148 119 838
148 120 832
148 121 58
148 124 618
148 125 879
148 131 728
148 134 666
148 135 642
148 138 85
148 139 837
148 140 255
148 142 115
148 143 460
148 145 854
148 146 666
149 4 68
149 5 448
149 6 315
149 9 320
149 12 743
149 14 404
149 16 708
149 18 383
149 20 72
149 22 114
149 24 868
149 25 855
149 26 514
149 28 593
149 32 569
149 33 598
149 37 310
149 41 586
149 44 352
149 45 24
149 51 610
149 52 244
149 58 834
149 60 769
149 61 237
149 62 148
149 68 480
149 69 458
149 70 721
149 72 180
149 75 836
149 76 342
149 77 819
149 86 835
149 87 585
149 89 838
149 91 761
149 92 758
149 94 637
149 95 596
149 96 720
149 98 175
149 99 507
149 100 897
149 103 37
149 106 534
149 107 212
149 109 950
149 111 333
149 114 866
149 117 384
149 118 169
149 119 934
149 121 646
149 124 297
149 125 89
149 129 100
149 131 973
149 132 8
149 133 15
149 134 7
149 136 916
149 137 581
149 138 260
149 141 169
149 142 231
149 143 296
149 144 530
149 145 15
149 148 466
150 6 116
150 8 181
150 11 941
150 14 327
150 16 794
150 19 489
150 22 530
150 24 534
150 25 77
150 26 17
150 29 415
150 31 280
150 33 170
150 35 897
150 39 681
150 42 390
150 44 731
150 45 679
150 47 488
150 49 961
150 50 33
150 51 646
150 52 674
150 55 972
150 56 689
150 57 817
150 61 901
150 66 565
150 67 695
150 68 515
150 72 48
150 73 945
150 74 665
150 76 277
150 77 386
150 79 686
150 80 352
150 81 842
150 82 341
150 84 149
150 85 869
150 89 787
150 91 80
150 92 598
150 93 35
150 94 667
150 95 865
150 96 940
150 98 784
150 99 289
150 100 561
150 101 820
150 103 181
150 104 674
150 106 524
150 108 504
150 110 227
150 112 690
150 113 661
150 115 338
150 116 807
150 117 41
150 118 201
150 119 848
150 120 876
150 122 501
150 124 708
150 126 313
150 127 268
150 128 410
150 131 734
150 132 724
150 135 167
150 136 90
150 138 92
150 140 83
150 142 197
150 147 679
