150
3 1 326
4 1 282
4 2 831
5 2 482
5 3 608
6 4 539
7 1 903
7 3 318
7 4 731
7 6 647
8 4 733
8 7 167
9 2 510
9 3 285
9 4 643
9 5 574
9 7 783
9 8 69
10 1 577
10 3 991
10 5 711
10 7 421
10 8 915
11 2 136
11 4 688
11 5 690
11 6 264
11 7 777
11 9 2
12 1 619
12 2 502
12 3 760
12 4 554
12 10 921
13 5 531
13 6 920
13 8 138
13 10 475
13 11 882
14 1 471
14 3 320
14 5 534
14 6 893
14 8 733
14 9 731
14 10 124
14 11 307
14 12 581
14 13 273
15 2 616
15 3 389
15 4 150
15 5 396
15 6 430
15 7 661
15 8 826
15 10 20
15 13 209
16 1 887
16 2 146
16 3 578
16 4 220
16 6 603
16 7 274
16 10 562
16 11 296
16 14 466
17 2 633
17 5 430
17 7 996
17 8 844
17 11 645
17 12 396
17 14 382
17 15 95
18 1 713
18 2 141
18 3 379
18 4 111
18 6 872
18 8 104
18 9 402
18 10 187
18 11 644
18 12 69
18 17 617
19 2 423
19 3 860
19 5 633
19 6 869
19 7 382
19 8 749
19 9 776
19 10 156
19 14 100
20 1 80
20 2 448
20 3 707
20 5 781
20 8 940
20 10 419
20 11 185
20 13 446
20 14 247
20 15 257
20 16 305
20 18 104
20 19 333
21 6 9
21 9 757
21 10 589
21 11 528
21 14 176
21 16 18
21 17 633
21 18 676
21 19 61
21 20 984
22 2 829
22 4 264
22 8 919
22 10 945
22 16 969
22 17 475
22 18 102
22 19 10
22 20 218
22 21 815
23 1 965
23 2 393
23 5 711
23 8 690
23 11 731
23 13 856
23 14 259
23 17 791
23 18 869
23 20 187
23 21 230
24 1 506
24 5 907
24 7 166
24 8 162
24 15 541
24 16 327
24 17 829
24 18 143
24 19 367
24 20 241
24 21 117
25 1 377
25 2 527
25 3 441
25 4 744
25 7 415
25 10 506
25 13 87
25 14 62
25 17 419
25 19 880
25 20 355
26 1 566
26 2 189
26 3 726
26 5 858
26 11 87
26 12 115
26 15 432
26 18 263
26 19 179
26 22 410
26 23 479
26 24 724
27 2 206
27 3 365
27 4 549
27 8 900
27 13 45
27 14 596
27 15 248
27 17 264
27 19 861
27 20 423
27 21 303
27 22 850
27 23 745
27 24 588
27 25 901
27 26 725
28 2 11
28 3 816
28 5 942
28 6 860
28 8 275
28 9 135
28 13 118
28 14 991
28 20 396
28 22 554
28 23 726
28 24 573
28 25 758
29 1 309
29 2 402
29 3 562
29 5 41
29 9 469
29 11 673
29 16 6
29 18 787
29 22 891
29 23 795
29 24 230
29 25 190
29 27 554
29 28 958
30 2 339
30 4 64
30 8 254
30 9 635
30 12 816
30 13 522
30 15 528
30 21 318
30 22 441
30 23 98
30 24 900
30 25 125
30 27 263
31 1 579
31 2 320
31 6 308
31 8 794
31 10 11
31 11 597
31 13 327
31 15 967
31 17 286
31 20 645
31 22 223
31 24 519
31 25 316
31 26 239
31 28 296
32 1 104
32 5 313
32 6 430
32 7 226
32 9 596
32 10 624
32 13 939
32 14 443
32 16 947
32 17 449
32 19 140
32 22 273
32 23 551
32 24 322
32 25 117
32 28 487
32 29 290
32 31 62
33 4 310
33 5 573
33 6 636
33 8 618
33 10 605
33 11 552
33 14 652
33 19 370
33 20 25
33 21 347
33 22 701
33 23 466
33 29 600
33 31 445
34 4 266
34 8 163
34 9 898
34 13 454
34 14 84
34 16 863
34 18 615
34 19 161
34 21 452
34 22 621
34 23 701
34 24 214
34 25 84
34 26 179
34 27 591
34 29 212
34 30 706
35 2 677
35 7 715
35 8 228
35 10 565
35 13 757
35 16 196
35 17 669
35 19 702
35 20 234
35 21 89
35 23 905
35 24 149
35 25 1
35 28 655
35 30 802
35 34 463
36 3 888
36 6 455
36 7 687
36 9 696
36 12 107
36 13 887
36 14 895
36 15 115
36 17 467
36 18 543
36 19 813
36 22 84
36 23 304
36 25 34
36 26 961
36 29 457
36 32 41
36 34 397
36 35 142
37 1 311
37 2 715
37 4 898
37 8 239
37 9 798
37 11 594
37 12 912
37 13 309
37 15 323
37 17 847
37 18 250
37 20 862
37 22 800
37 23 680
37 24 195
37 25 373
37 26 946
37 28 635
37 29 289
37 30 772
37 31 698
37 35 614
37 36 821
38 1 291
38 5 800
38 7 687
38 8 516
38 9 973
38 10 552
38 12 858
38 14 787
38 16 218
38 18 579
38 21 331
38 26 145
38 27 578
38 28 825
38 29 11
38 30 694
38 31 419
38 33 391
38 35 647
38 36 136
38 37 409
39 3 996
39 4 495
39 5 177
39 6 57
39 7 697
39 10 747
39 13 336
39 14 875
39 17 249
39 19 736
39 20 895
39 25 437
39 26 183
39 28 844
39 29 500
39 31 149
39 32 35
39 35 896
39 36 319
40 2 839
40 3 666
40 4 607
40 6 379
40 7 78
40 9 280
40 10 714
40 11 781
40 12 452
40 16 705
40 19 416
40 23 153
40 27 862
40 28 656
40 30 655
40 32 217
40 34 569
40 36 655
41 1 674
41 2 739
41 4 284
41 5 530
41 8 300
41 9 93
41 10 247
41 11 7
41 12 806
41 14 627
41 16 845
41 18 779
41 21 418
41 24 878
41 25 855
41 27 162
41 28 328
41 30 219
41 31 514
41 32 99
41 35 159
41 36 146
41 37 139
41 40 849
42 1 277
42 2 393
42 4 714
42 6 958
42 7 688
42 9 335
42 11 297
42 12 485
42 14 827
42 16 413
42 22 350
42 23 419
42 24 121
42 25 316
42 26 512
42 27 938
42 28 271
42 29 474
42 31 361
42 32 53
42 33 396
42 34 278
42 35 101
42 37 815
42 41 920
43 1 78
43 2 169
43 3 460
43 4 793
43 6 572
43 8 595
43 9 802
43 11 117
43 13 739
43 14 524
43 15 60
43 17 408
43 19 34
43 21 793
43 24 645
43 26 947
43 27 525
43 29 971
43 32 720
43 34 470
43 35 664
43 36 441
43 40 172
43 42 615
44 3 564
44 7 207
44 8 684
44 11 750
44 13 113
44 14 977
44 16 828
44 17 737
44 19 336
44 20 891
44 22 167
44 24 217
44 26 219
44 32 348
44 36 658
44 37 345
44 39 24
44 40 383
44 41 534
44 42 589
45 2 444
45 3 858
45 4 959
45 5 764
45 12 601
45 13 809
45 15 822
45 17 518
45 18 371
45 20 923
45 21 826
45 25 366
45 26 482
45 27 753
45 31 74
45 34 144
45 36 394
45 37 20
45 38 50
45 40 821
45 42 715
45 43 184
46 3 229
46 4 757
46 5 834
46 7 510
46 9 874
46 11 958
46 15 797
46 18 784
46 22 251
46 24 993
46 25 146
46 27 969
46 29 447
46 32 239
46 33 55
46 34 445
46 35 568
46 37 362
46 39 812
46 40 202
46 42 852
46 43 850
46 45 950
47 1 970
47 5 454
47 8 871
47 11 435
47 13 730
47 17 179
47 22 488
47 23 323
47 24 129
47 26 735
47 28 279
47 30 945
47 34 784
47 39 33
47 40 214
47 41 171
47 43 114
47 45 221
47 46 172
48 2 733
48 4 454
48 6 324
48 7 559
48 9 411
48 11 800
48 12 806
48 17 448
48 18 903
48 20 288
48 21 886
48 22 81
48 23 493
48 24 387
48 25 619
48 26 216
48 28 874
48 29 214
48 30 509
48 33 93
48 35 876
48 36 757
48 37 870
48 39 824
48 41 566
48 43 266
48 47 846
49 1 597
49 3 271
49 4 774
49 6 208
49 9 545
49 10 569
49 13 299
49 15 613
49 16 737
49 17 485
49 20 183
49 21 468
49 22 12
49 26 943
49 29 712
49 30 432
49 35 304
49 36 673
49 38 630
49 41 488
49 43 545
49 44 662
49 46 907
50 1 926
50 2 272
50 3 278
50 5 914
50 7 75
50 8 272
50 12 653
50 13 723
50 19 921
50 20 351
50 21 310
50 23 253
50 26 872
50 31 520
50 35 703
50 37 501
50 38 557
50 45 943
51 1 755
51 3 297
51 4 96
51 8 439
51 9 340
51 11 940
51 12 219
51 15 277
51 16 763
51 19 733
51 23 952
51 27 226
51 30 948
51 31 693
51 32 122
51 34 785
51 35 376
51 38 840
51 39 498
51 41 254
51 42 139
51 43 214
51 46 268
51 48 467
51 50 889
52 2 603
52 3 729
52 5 772
52 9 149
52 10 127
52 13 647
52 16 324
52 17 43
52 19 779
52 21 998
52 23 256
52 25 268
52 27 63
52 28 633
52 30 435
52 34 506
52 36 692
52 38 82
52 40 728
52 41 891
52 45 840
52 46 824
52 47 684
52 49 902
52 51 591
53 1 820
53 4 251
53 5 969
53 6 856
53 7 969
53 8 522
53 9 80
53 15 23
53 17 172
53 18 788
53 22 816
53 26 385
53 27 463
53 30 531
53 31 753
53 32 144
53 38 869
53 39 691
53 40 729
53 41 37
53 42 623
53 44 869
53 47 142
53 52 110
54 2 514
54 3 368
54 4 973
54 5 212
54 7 123
54 8 265
54 9 703
54 10 929
54 12 835
54 13 798
54 14 521
54 19 285
54 21 854
54 22 202
54 24 907
54 25 117
54 27 334
54 29 627
54 30 350
54 34 586
54 35 527
54 37 363
54 38 188
54 39 566
54 41 463
54 45 480
54 47 389
54 48 616
54 51 527
55 1 748
55 2 741
55 3 891
55 4 910
55 5 909
55 8 671
55 9 278
55 11 603
55 18 417
55 19 870
55 20 203
55 23 613
55 25 88
55 28 811
55 30 174
55 35 573
55 37 338
55 38 919
55 40 389
55 48 408
55 50 125
55 51 806
55 52 744
55 54 601
56 1 658
56 3 264
56 5 897
56 7 926
56 8 109
56 9 814
56 11 680
56 12 35
56 15 361
56 16 834
56 19 910
56 20 970
56 24 156
56 28 549
56 30 860
56 32 893
56 33 255
56 36 740
56 40 185
56 41 661
56 42 335
56 43 41
56 45 884
56 46 883
56 47 413
56 48 69
56 50 693
56 55 362
57 1 51
57 4 774
57 6 88
57 7 552
57 9 894
57 14 319
57 15 886
57 16 873
57 19 743
57 20 412
57 21 715
57 22 570
57 23 843
57 24 360
57 25 628
57 26 817
57 27 225
57 28 231
57 31 484
57 34 741
57 36 985
57 37 38
57 38 190
57 40 839
57 42 464
57 43 248
57 45 1000
57 50 969
57 51 30
57 54 498
58 3 887
58 7 97
58 8 87
58 11 237
58 12 128
58 13 177
58 14 7
58 16 954
58 17 629
58 18 491
58 19 354
58 24 209
58 26 345
58 27 929
58 28 48
58 30 731
58 35 408
58 37 47
58 38 755
58 39 532
58 41 293
58 42 167
58 43 627
58 45 698
58 47 313
58 48 32
58 49 452
58 50 237
58 53 895
58 56 637
59 3 916
59 6 189
59 7 775
59 8 260
59 11 875
59 14 216
59 20 602
59 22 949
59 26 955
59 28 457
59 29 565
59 30 590
59 31 138
59 32 743
59 33 600
59 36 582
59 37 534
59 40 322
59 41 986
59 42 163
59 46 743
59 51 223
59 52 208
59 53 567
59 54 278
59 55 857
60 1 220
60 3 938
60 4 244
60 5 980
60 6 571
60 16 947
60 19 459
60 22 678
60 25 38
60 27 993
60 29 847
60 31 795
60 33 39
60 34 79
60 36 898
60 39 326
60 40 148
60 42 73
60 43 766
60 45 567
60 46 634
60 50 249
60 51 674
60 52 978
60 55 949
60 58 490
61 3 217
61 4 942
61 5 501
61 6 125
61 8 107
61 10 167
61 14 501
61 17 218
61 18 910
61 21 981
61 22 389
61 25 892
61 27 734
61 34 575
61 38 933
61 40 125
61 44 492
61 47 361
61 51 179
61 52 330
61 53 848
61 54 13
61 58 255
61 60 804
62 3 529
62 5 399
62 6 859
62 7 977
62 10 679
62 14 992
62 17 584
62 19 887
62 20 384
62 23 617
62 24 382
62 27 240
62 31 214
62 33 603
62 36 97
62 37 454
62 41 472
62 42 122
62 44 877
62 45 679
62 47 497
62 48 512
62 51 298
62 55 532
62 57 864
62 60 199
62 61 568
63 1 592
63 2 467
63 3 419
63 4 293
63 7 295
63 9 274
63 12 264
63 14 44
63 15 21
63 17 542
63 19 525
63 20 559
63 21 848
63 22 967
63 23 892
63 25 75
63 29 316
63 30 428
63 31 112
63 33 476
63 34 666
63 36 7
63 38 166
63 41 124
63 42 707
63 43 88
63 44 231
63 47 955
63 50 330
63 55 558
63 56 489
63 61 670
63 62 613
64 1 334
64 3 830
64 7 990
64 9 799
64 11 273
64 12 112
64 17 620
64 18 517
64 19 566
64 20 355
64 24 820
64 27 944
64 33 5
64 34 529
64 35 582
64 36 834
64 39 941
64 40 126
64 44 674
64 45 393
64 53 909
64 55 788
64 58 522
64 60 232
64 61 122
64 62 97
65 4 241
65 5 899
65 6 126
65 7 499
65 8 724
65 9 762
65 14 901
65 15 668
65 16 718
65 22 53
65 26 194
65 27 27
65 29 930
65 30 112
65 32 942
65 33 359
65 36 24
65 39 791
65 41 917
65 45 504
65 50 170
65 53 122
65 54 943
65 56 394
65 57 649
65 58 550
65 59 536
65 60 175
65 63 819
66 1 252
66 2 519
66 3 574
66 5 643
66 10 846
66 12 87
66 13 439
66 16 240
66 21 593
66 22 654
66 23 439
66 29 156
66 30 901
66 32 685
66 33 362
66 36 76
66 37 644
66 38 52
66 42 672
66 45 664
66 47 967
66 48 962
66 49 992
66 51 62
66 52 199
66 53 791
66 54 270
66 57 479
66 59 372
66 63 521
67 1 930
67 3 134
67 8 258
67 9 22
67 15 321
67 16 693
67 20 468
67 26 572
67 27 499
67 28 791
67 30 440
67 31 871
67 35 930
67 36 789
67 38 919
67 40 153
67 41 121
67 43 674
67 45 918
67 46 163
67 49 688
67 51 323
67 52 684
67 53 921
67 54 895
67 55 424
67 56 480
67 58 68
67 60 224
67 66 596
68 3 677
68 4 153
68 5 188
68 7 130
68 8 706
68 10 689
68 11 902
68 14 844
68 15 627
68 16 666
68 18 18
68 19 18
68 22 330
68 23 249
68 29 68
68 30 404
68 31 883
68 34 207
68 37 628
68 41 624
68 42 98
68 44 735
68 47 770
68 48 929
68 49 962
68 50 539
68 53 209
68 54 244
68 55 463
68 59 219
68 60 45
68 61 534
68 63 851
68 64 436
69 2 535
69 4 578
69 5 624
69 8 685
69 9 124
69 10 443
69 13 715
69 17 728
69 18 53
69 19 989
69 20 625
69 21 850
69 22 406
69 24 467
69 25 991
69 26 567
69 28 936
69 32 7
69 33 53
69 35 366
69 36 484
69 37 838
69 39 946
69 40 453
69 42 684
69 44 191
69 48 721
69 50 104
69 52 634
69 55 661
69 56 746
69 62 357
69 63 236
69 65 62
69 66 530
69 67 43
69 68 297
70 1 381
70 2 365
70 3 767
70 4 651
70 6 263
70 7 103
70 9 680
70 12 735
70 14 730
70 17 281
70 20 675
70 21 975
70 22 272
70 29 238
70 33 120
70 35 72
70 39 711
70 40 117
70 42 642
70 44 149
70 45 444
70 48 563
70 49 766
70 50 619
70 51 437
70 52 14
70 59 993
70 60 222
70 62 390
70 65 847
70 66 292
70 67 523
70 68 46
70 69 880
71 4 25
71 5 392
71 8 319
71 11 118
71 12 728
71 13 852
71 14 357
71 16 36
71 17 105
71 20 236
71 21 580
71 24 531
71 26 213
71 30 11
71 33 816
71 34 952
71 35 538
71 36 584
71 38 215
71 39 407
71 43 57
71 44 864
71 45 923
71 47 774
71 48 676
71 49 612
71 50 775
71 51 728
71 53 701
71 55 718
71 58 673
71 59 951
71 60 352
71 61 469
71 63 219
71 65 734
71 66 125
71 69 503
71 70 829
72 3 670
72 6 86
72 8 588
72 10 522
72 11 904
72 12 493
72 14 600
72 17 713
72 18 110
72 19 65
72 20 529
72 21 886
72 22 332
72 24 456
72 25 313
72 28 658
72 29 713
72 30 278
72 32 51
72 33 665
72 34 118
72 36 596
72 38 361
72 39 745
72 40 416
72 43 995
72 45 912
72 46 623
72 47 8
72 48 79
72 50 552
72 51 430
72 53 806
72 54 679
72 59 509
72 61 740
72 62 584
72 64 708
72 67 442
73 2 418
73 3 543
73 6 892
73 7 605
73 10 700
73 11 418
73 12 5
73 15 85
73 18 360
73 19 237
73 20 677
73 22 80
73 23 249
73 28 103
73 31 944
73 32 901
73 34 366
73 35 262
73 39 972
73 41 789
73 42 845
73 44 575
73 45 599
73 47 455
73 49 451
73 50 537
73 53 811
73 54 681
73 57 392
73 59 45
73 62 95
73 64 621
73 69 119
73 70 203
73 71 798
73 72 330
74 2 375
74 4 768
74 5 684
74 9 668
74 10 357
74 12 214
74 13 364
74 14 468
74 17 221
74 19 274
74 20 542
74 21 287
74 22 638
74 23 950
74 24 235
74 27 276
74 30 387
74 31 729
74 32 682
74 34 468
74 36 538
74 38 40
74 39 134
74 46 344
74 48 422
74 49 218
74 50 91
74 52 439
74 54 706
74 58 457
74 61 741
74 62 250
74 63 528
74 64 568
74 65 783
74 66 934
74 67 982
74 71 540
74 73 682
75 1 87
75 3 766
75 4 245
75 5 857
75 8 462
75 9 319
75 10 429
75 12 93
75 13 320
75 14 913
75 17 723
75 19 696
75 20 797
75 21 270
75 29 193
75 36 521
75 38 268
75 42 983
75 44 217
75 45 824
75 47 540
75 48 577
75 49 904
75 50 146
75 51 961
75 53 33
75 54 897
75 55 995
75 57 720
75 58 652
75 59 252
75 63 225
75 65 96
75 67 1000
75 68 197
75 70 279
75 71 141
75 72 257
76 1 6
76 2 610
76 3 595
76 8 125
76 9 703
76 10 465
76 11 255
76 13 232
76 14 464
76 16 881
76 19 422
76 20 48
76 21 749
76 26 188
76 30 357
76 31 933
76 33 200
76 34 499
76 35 500
76 36 988
76 38 105
76 41 675
76 42 168
76 47 201
76 52 701
76 56 841
76 59 932
76 61 943
76 62 551
76 64 815
76 65 867
76 67 575
76 69 739
76 70 956
76 71 235
76 75 426
77 2 256
77 5 450
77 6 1
77 7 561
77 9 367
77 11 860
77 13 820
77 18 418
77 19 401
77 24 215
77 25 196
77 26 192
77 27 419
77 30 396
77 31 334
77 32 997
77 33 276
77 34 200
77 35 57
77 38 78
77 39 410
77 41 525
77 43 396
77 45 914
77 46 907
77 48 226
77 49 882
77 50 100
77 51 46
77 52 955
77 54 521
77 56 247
77 58 762
77 59 397
77 60 372
77 62 957
77 67 725
77 68 470
77 73 843
77 75 743
78 1 253
78 4 240
78 5 165
78 7 754
78 8 608
78 9 66
78 12 22
78 18 774
78 19 557
78 20 782
78 21 528
78 33 516
78 36 464
78 37 735
78 41 427
78 42 936
78 43 254
78 47 886
78 50 452
78 51 267
78 53 662
78 54 241
78 56 769
78 58 768
78 61 637
78 62 765
78 64 729
78 65 335
78 66 20
78 68 589
78 69 740
78 70 909
78 73 39
78 75 661
78 77 58
79 1 818
79 3 213
79 4 256
79 5 803
79 8 234
79 9 103
79 12 55
79 15 654
79 17 565
79 18 569
79 20 887
79 22 975
79 24 586
79 30 651
79 31 242
79 33 108
79 38 856
79 44 31
79 47 324
79 49 798
79 54 875
79 55 522
79 57 902
79 60 462
79 62 242
79 64 673
79 65 711
79 68 399
79 70 302
79 71 269
79 73 214
79 74 689
80 1 547
80 2 483
80 3 129
80 4 200
80 5 982
80 11 71
80 16 421
80 17 941
80 20 660
80 26 279
80 28 584
80 29 275
80 30 724
80 31 533
80 32 566
80 33 68
80 38 53
80 40 505
80 41 931
80 43 645
80 44 571
80 45 374
80 46 235
80 47 575
80 48 765
80 49 985
80 50 699
80 52 383
80 57 887
80 60 445
80 63 196
80 65 552
80 66 199
80 68 986
80 69 714
80 70 237
80 71 671
81 2 930
81 3 513
81 4 236
81 6 595
81 7 562
81 9 44
81 11 985
81 13 717
81 14 781
81 15 1
81 16 957
81 17 350
81 19 806
81 25 577
81 33 198
81 34 972
81 36 333
81 38 43
81 39 16
81 40 121
81 43 310
81 46 15
81 47 960
81 48 349
81 52 286
81 54 243
81 56 135
81 58 635
81 59 271
81 60 269
81 62 244
81 64 154
81 65 684
81 66 547
81 68 420
81 69 692
81 71 296
81 72 458
81 75 426
81 80 644
82 1 263
82 9 180
82 12 207
82 13 885
82 15 203
82 16 239
82 18 714
82 21 215
82 24 759
82 25 292
82 27 470
82 28 89
82 32 181
82 35 277
82 38 53
82 41 742
82 42 642
82 43 478
82 48 391
82 51 915
82 52 975
82 53 625
82 58 503
82 63 793
82 64 246
82 65 326
82 67 195
82 68 698
82 69 861
82 74 558
82 76 406
82 79 317
82 81 568
83 4 6
83 5 48
83 6 679
83 8 360
83 10 309
83 11 798
83 13 397
83 16 601
83 18 564
83 19 933
83 20 896
83 21 664
83 24 732
83 25 310
83 29 52
83 32 272
83 34 478
83 39 862
83 40 743
83 41 534
83 42 406
83 45 922
83 48 158
83 49 149
83 59 647
83 61 806
83 62 693
83 65 778
83 68 249
83 71 386
83 72 540
83 74 474
83 75 967
83 76 288
83 79 976
83 80 523
83 81 314
84 1 806
84 2 459
84 5 850
84 7 66
84 8 386
84 9 951
84 10 648
84 12 473
84 13 803
84 14 404
84 15 141
84 16 720
84 17 742
84 18 601
84 19 650
84 21 217
84 24 307
84 25 198
84 29 809
84 32 460
84 34 99
84 35 128
84 36 225
84 42 809
84 43 435
84 45 503
84 46 275
84 47 384
84 48 129
84 49 582
84 50 709
84 52 742
84 53 72
84 56 432
84 59 180
84 61 395
84 62 682
84 63 212
84 64 438
84 66 278
84 67 768
84 71 677
84 74 220
84 75 920
84 80 7
84 81 132
84 82 261
85 1 126
85 2 87
85 3 219
85 6 996
85 7 560
85 8 577
85 11 602
85 14 800
85 17 838
85 18 402
85 20 133
85 23 745
85 24 996
85 25 436
85 28 269
85 30 874
85 35 328
85 36 652
85 37 507
85 38 142
85 40 324
85 41 239
85 43 505
85 45 860
85 46 567
85 47 406
85 51 962
85 52 6
85 53 276
85 55 937
85 63 404
85 64 912
85 69 203
85 70 750
85 73 627
85 74 667
85 76 111
85 77 371
85 78 761
85 82 859
85 83 756
85 84 386
86 1 893
86 4 327
86 7 96
86 12 707
86 13 43
86 14 985
86 15 912
86 17 116
86 18 483
86 19 221
86 21 63
86 22 915
86 23 470
86 25 476
86 28 928
86 31 125
86 32 434
86 34 878
86 35 292
86 36 988
86 40 181
86 41 737
86 42 232
86 43 527
86 44 955
86 45 178
86 50 387
86 51 414
86 55 725
86 56 735
86 59 553
86 61 621
86 62 657
86 63 65
86 66 956
86 67 57
86 70 840
86 72 468
86 73 861
86 74 829
86 75 151
86 78 647
86 81 971
86 82 369
86 84 542
87 1 687
87 2 573
87 3 555
87 7 753
87 8 896
87 9 860
87 10 921
87 11 816
87 12 443
87 14 922
87 15 433
87 17 234
87 19 591
87 24 169
87 26 351
87 27 923
87 32 70
87 33 793
87 34 633
87 35 409
87 36 466
87 39 218
87 40 468
87 41 608
87 42 220
87 45 236
87 49 983
87 52 334
87 53 854
87 56 57
87 58 836
87 60 569
87 61 39
87 62 565
87 64 132
87 65 660
87 67 15
87 68 497
87 69 630
87 70 367
87 74 785
87 76 236
87 77 440
87 80 237
87 81 838
87 84 519
87 85 292
87 86 565
88 1 758
88 2 902
88 3 903
88 6 909
88 7 149
88 8 343
88 9 276
88 11 168
88 13 898
88 14 881
88 15 725
88 18 535
88 19 13
88 20 753
88 22 754
88 25 619
88 26 158
88 27 207
88 28 720
88 34 615
88 35 790
88 36 405
88 39 416
88 41 991
88 42 983
88 44 454
88 45 363
88 46 269
88 47 850
88 48 531
88 50 861
88 51 158
88 52 137
88 53 1000
88 54 682
88 55 27
88 56 891
88 60 911
88 64 235
88 65 243
88 67 788
88 69 568
88 70 711
88 72 461
88 74 573
88 76 924
88 78 182
88 79 683
88 80 812
88 81 691
88 82 511
88 83 789
88 84 806
88 86 554
88 87 303
89 2 798
89 3 697
89 5 705
89 6 552
89 11 673
89 15 216
89 16 53
89 18 265
89 20 924
89 23 201
89 25 686
89 26 528
89 27 962
89 29 835
89 31 966
89 32 679
89 34 122
89 37 764
89 38 620
89 40 550
89 41 323
89 43 164
89 45 737
89 47 789
89 51 791
89 52 643
89 53 475
89 54 465
89 55 461
89 58 186
89 60 311
89 65 725
89 67 650
89 68 841
89 70 697
89 72 416
89 78 368
89 81 458
89 82 19
89 84 160
89 85 462
89 86 969
89 87 553
90 2 422
90 3 404
90 6 348
90 7 415
90 10 448
90 11 254
90 14 923
90 16 6
90 18 307
90 19 966
90 20 742
90 22 451
90 23 256
90 24 525
90 28 82
90 30 216
90 31 81
90 33 475
90 34 313
90 38 805
90 39 584
90 40 16
90 41 627
90 42 464
90 47 804
90 48 950
90 49 450
90 50 2
90 51 87
90 54 708
90 57 955
90 60 665
90 62 844
90 65 706
90 69 808
90 71 606
90 72 663
90 77 878
90 79 866
90 80 338
90 82 992
90 85 367
90 86 974
90 87 630
91 2 421
91 3 526
91 6 435
91 7 228
91 8 437
91 9 972
91 10 24
91 14 351
91 15 31
91 17 56
91 20 196
91 23 106
91 24 744
91 25 855
91 27 880
91 32 403
91 33 66
91 34 588
91 36 475
91 37 710
91 38 312
91 43 665
91 44 573
91 45 823
91 50 663
91 51 730
91 52 188
91 53 7
91 56 77
91 58 333
91 59 66
91 63 5
91 64 306
91 67 406
91 68 857
91 69 7
91 70 213
91 71 738
91 72 882
91 73 996
91 76 154
91 77 870
91 79 590
91 80 926
91 81 962
91 88 96
91 90 200
92 1 80
92 2 166
92 4 588
92 5 133
92 6 125
92 7 269
92 8 840
92 9 254
92 10 827
92 14 656
92 15 634
92 18 49
92 21 829
92 27 201
92 28 457
92 29 44
92 31 778
92 32 620
92 34 134
92 35 274
92 36 728
92 38 363
92 40 596
92 41 868
92 44 885
92 49 952
92 52 438
92 54 473
92 55 417
92 56 531
92 58 49
92 59 380
92 63 141
92 64 883
92 75 229
92 77 198
92 78 105
92 80 616
92 81 240
92 82 181
92 86 226
92 87 339
92 88 353
92 89 759
92 90 459
92 91 600
93 4 528
93 5 863
93 6 655
93 7 90
93 8 413
93 9 88
93 13 807
93 14 459
93 15 226
93 16 827
93 17 758
93 18 985
93 25 97
93 28 864
93 30 403
93 31 163
93 32 382
93 33 33
93 34 873
93 35 818
93 37 156
93 41 177
93 42 280
93 46 880
93 51 282
93 53 12
93 54 639
93 55 451
93 56 377
93 57 16
93 59 178
93 60 125
93 61 910
93 62 709
93 63 586
93 64 351
93 66 485
93 67 36
93 68 640
93 71 631
93 72 150
93 75 420
93 76 832
93 78 472
93 79 647
93 82 725
93 83 683
93 84 307
93 85 773
93 86 954
93 87 813
93 90 11
94 5 885
94 6 446
94 10 767
94 11 640
94 18 360
94 19 950
94 20 511
94 22 271
94 23 516
94 24 947
94 25 900
94 26 712
94 29 333
94 30 448
94 31 187
94 32 365
94 33 733
94 34 204
94 36 1
94 37 698
94 38 95
94 39 793
94 41 218
94 42 817
94 43 547
94 44 673
94 49 50
94 50 519
94 52 8
94 53 365
94 54 349
94 55 599
94 56 632
94 57 282
94 61 283
94 63 919
94 64 115
94 66 729
94 71 180
94 73 679
94 74 953
94 76 658
94 77 373
94 78 489
94 80 883
94 81 856
94 82 880
94 83 850
94 85 971
94 86 543
94 89 734
94 92 760
95 1 723
95 3 698
95 4 251
95 5 294
95 6 50
95 8 23
95 9 112
95 10 286
95 12 250
95 18 19
95 19 558
95 21 414
95 29 946
95 33 906
95 35 687
95 36 240
95 38 101
95 39 763
95 42 809
95 43 44
95 45 73
95 47 960
95 48 137
95 57 490
95 58 443
95 59 395
95 63 787
95 65 366
95 67 138
95 69 310
95 72 747
95 73 278
95 75 60
95 76 619
95 78 812
95 80 897
95 81 942
95 83 714
95 84 47
95 86 120
95 87 438
95 90 821
96 2 414
96 5 378
96 6 579
96 7 327
96 8 576
96 14 413
96 16 460
96 18 765
96 20 729
96 21 645
96 22 38
96 28 740
96 33 761
96 34 227
96 35 461
96 36 681
96 41 586
96 42 372
96 44 112
96 45 602
96 48 261
96 52 7
96 53 602
96 57 854
96 58 659
96 59 870
96 60 306
96 61 904
96 62 333
96 67 761
96 68 566
96 70 7
96 72 63
96 73 902
96 74 965
96 76 275
96 77 425
96 78 17
96 79 44
96 80 774
96 82 10
96 83 994
96 84 309
96 86 302
96 88 945
96 92 960
96 95 104
97 1 495
97 5 306
97 7 985
97 9 630
97 10 961
97 11 300
97 13 517
97 15 166
97 16 607
97 19 769
97 22 295
97 24 595
97 25 971
97 26 287
97 29 462
97 32 753
97 33 142
97 35 826
97 36 552
97 37 625
97 38 339
97 39 434
97 41 704
97 42 468
97 44 528
97 45 177
97 46 777
97 48 901
97 51 340
97 53 989
97 55 466
97 56 863
97 57 521
97 58 736
97 59 581
97 60 832
97 61 865
97 63 245
97 64 358
97 65 170
97 67 134
97 74 617
97 75 818
97 76 324
97 77 660
97 80 304
97 81 742
97 83 694
97 84 981
97 85 383
97 87 808
97 88 783
97 89 872
97 90 950
97 91 387
97 92 141
97 93 593
97 94 960
98 2 979
98 5 896
98 6 928
98 9 964
98 10 301
98 11 917
98 13 932
98 15 221
98 17 424
98 18 807
98 19 168
98 20 818
98 25 935
98 27 790
98 30 896
98 31 720
98 36 329
98 37 848
98 39 599
98 44 737
98 45 246
98 46 462
98 47 203
98 49 778
98 52 288
98 55 677
98 59 784
98 61 885
98 63 493
98 65 323
98 67 574
98 68 747
98 69 135
98 70 202
98 71 938
98 74 899
98 80 124
98 82 546
98 83 793
98 85 439
98 87 34
98 88 458
98 92 489
98 96 452
99 2 505
99 4 252
99 5 602
99 6 958
99 8 416
99 12 685
99 14 830
99 15 557
99 20 957
99 21 898
99 23 172
99 26 598
99 28 824
99 31 865
99 34 624
99 35 416
99 38 759
99 40 279
99 43 135
99 45 239
99 46 653
99 47 245
99 49 210
99 52 459
99 54 946
99 55 195
99 59 756
99 60 323
99 62 977
99 66 941
99 67 294
99 69 205
99 71 640
99 72 939
99 76 872
99 77 772
99 83 970
99 84 662
99 85 856
99 86 147
99 87 506
99 88 815
99 89 920
99 90 591
99 91 531
99 92 225
99 93 129
99 94 417
100 4 803
100 5 497
100 7 858
100 13 332
100 17 738
100 18 268
100 22 84
100 23 481
100 24 201
100 25 394
100 26 232
100 29 962
100 30 788
100 31 866
100 32 117
100 34 875
100 36 886
100 37 754
100 38 156
100 40 320
100 42 589
100 44 841
100 48 557
100 49 579
100 50 64
100 52 394
100 53 55
100 55 131
100 61 556
100 63 499
100 66 560
100 67 206
100 68 854
100 70 85
100 76 197
100 77 212
100 78 513
100 80 567
100 86 367
100 87 559
100 88 452
100 89 593
100 90 404
100 91 514
100 92 783
100 93 926
100 97 213
101 1 491
101 3 942
101 5 803
101 7 708
101 8 710
101 11 229
101 13 155
101 16 488
101 17 678
101 19 681
101 20 47
101 21 873
101 23 319
101 25 960
101 26 519
101 28 608
101 29 461
101 31 533
101 33 628
101 34 780
101 35 893
101 36 892
101 37 322
101 41 954
101 42 627
101 46 130
101 47 144
101 50 462
101 52 114
101 54 54
101 55 506
101 57 949
101 58 643
101 60 884
101 62 347
101 64 425
101 65 800
101 67 864
101 68 218
101 70 366
101 72 63
101 75 252
101 76 111
101 78 163
101 80 440
101 81 841
101 82 575
101 83 291
101 86 801
101 89 791
101 90 420
101 91 872
101 92 506
101 93 613
101 94 945
101 99 285
101 100 966
102 3 314
102 5 81
102 6 842
102 8 342
102 13 91
102 14 397
102 17 771
102 19 192
102 21 984
102 22 324
102 23 26
102 24 311
102 25 633
102 26 840
102 31 854
102 33 699
102 34 149
102 36 7
102 38 753
102 39 3
102 41 716
102 42 504
102 47 936
102 48 407
102 49 621
102 51 240
102 53 365
102 54 737
102 55 39
102 57 288
102 59 379
102 60 328
102 62 822
102 64 196
102 69 483
102 70 557
102 71 832
102 72 151
102 73 569
102 74 259
102 75 534
102 76 913
102 78 1000
102 84 983
102 85 152
102 86 819
102 87 589
102 88 942
102 93 307
102 95 998
102 97 313
102 98 422
102 101 663
103 1 469
103 3 434
103 4 758
103 6 99
103 10 358
103 11 203
103 13 467
103 14 229
103 15 50
103 17 35
103 23 101
103 24 170
103 25 345
103 26 849
103 27 278
103 29 671
103 30 890
103 33 535
103 34 995
103 35 731
103 37 896
103 38 168
103 45 561
103 49 551
103 55 558
103 56 767
103 58 920
103 60 752
103 64 384
103 65 419
103 67 550
103 70 721
103 74 462
103 75 266
103 76 450
103 79 607
103 82 750
103 85 297
103 87 816
103 90 444
103 91 49
103 95 775
103 96 515
103 98 210
103 100 629
103 101 11
104 1 789
104 5 702
104 7 327
104 8 411
104 9 345
104 10 740
104 13 607
104 15 634
104 16 684
104 17 66
104 18 87
104 19 686
104 21 307
104 23 713
104 25 643
104 26 178
104 27 269
104 32 942
104 33 133
104 35 536
104 36 223
104 38 805
104 41 530
104 42 291
104 43 210
104 45 535
104 46 171
104 47 764
104 51 830
104 53 160
104 54 32
104 55 113
104 57 31
104 59 825
104 60 431
104 61 736
104 62 626
104 68 197
104 71 738
104 73 203
104 74 637
104 76 847
104 79 862
104 83 878
104 85 231
104 89 446
104 95 608
104 97 186
104 98 877
104 100 223
104 101 870
105 2 279
105 6 476
105 7 236
105 10 323
105 11 506
105 12 293
105 15 831
105 16 398
105 22 500
105 23 75
105 24 423
105 28 45
105 32 664
105 34 681
105 36 291
105 38 456
105 39 207
105 40 615
105 42 529
105 43 280
105 45 529
105 46 492
105 47 507
105 48 652
105 54 145
105 55 295
105 56 103
105 57 217
105 58 297
105 59 624
105 60 845
105 67 852
105 68 763
105 70 374
105 71 481
105 72 132
105 73 633
105 76 578
105 77 629
105 81 607
105 84 985
105 90 469
105 91 662
105 92 660
105 94 719
105 95 952
105 96 443
105 97 505
105 98 403
105 101 838
105 102 853
105 103 189
105 104 889
106 1 705
106 2 651
106 4 697
106 7 603
106 8 666
106 10 94
106 12 706
106 14 592
106 16 190
106 17 821
106 18 390
106 21 412
106 22 782
106 23 770
106 24 712
106 27 454
106 29 517
106 33 217
106 34 690
106 35 612
106 37 565
106 39 482
106 43 388
106 45 209
106 46 975
106 50 816
106 51 249
106 52 265
106 53 835
106 54 848
106 55 201
106 59 107
106 60 265
106 62 160
106 63 251
106 64 713
106 66 167
106 67 761
106 68 525
106 69 411
106 70 848
106 72 578
106 74 924
106 75 683
106 77 918
106 81 658
106 83 703
106 84 81
106 86 178
106 89 189
106 90 597
106 93 35
106 94 200
106 95 650
106 96 319
106 97 317
106 100 358
106 101 768
106 103 396
106 104 62
106 105 262
107 1 7
107 3 433
107 4 899
107 5 736
107 11 873
107 13 83
107 14 246
107 17 991
107 20 149
107 22 338
107 24 668
107 25 799
107 28 665
107 29 604
107 33 286
107 34 49
107 41 566
107 44 770
107 46 851
107 49 339
107 50 99
107 53 646
107 57 734
107 58 673
107 60 805
107 61 693
107 65 45
107 66 767
107 68 698
107 74 61
107 75 746
107 76 432
107 79 40
107 80 412
107 83 403
107 88 59
107 90 552
107 91 928
107 92 62
107 95 259
107 97 697
107 98 413
107 99 744
107 103 827
107 104 489
108 1 681
108 5 437
108 7 374
108 9 361
108 10 359
108 11 338
108 14 417
108 17 943
108 18 314
108 21 315
108 26 640
108 27 659
108 31 739
108 32 972
108 33 750
108 34 482
108 35 821
108 37 787
108 41 66
108 42 750
108 44 391
108 46 846
108 48 565
108 49 658
108 51 604
108 54 16
108 56 656
108 57 223
108 59 522
108 61 472
108 62 688
108 64 965
108 65 20
108 66 998
108 68 912
108 69 969
108 70 512
108 75 552
108 78 747
108 82 35
108 83 789
108 86 789
108 87 324
108 89 100
108 90 276
108 91 585
108 92 840
108 93 943
108 96 405
108 97 135
108 100 791
108 104 39
108 105 741
109 3 523
109 6 373
109 7 563
109 8 138
109 12 180
109 13 936
109 14 540
109 17 26
109 21 483
109 22 300
109 24 501
109 25 411
109 26 785
109 27 673
109 29 44
109 30 125
109 34 242
109 35 929
109 38 615
109 39 442
109 40 296
109 41 96
109 42 93
109 44 406
109 46 47
109 49 484
109 52 387
109 53 996
109 55 240
109 56 495
109 58 115
109 61 908
109 62 414
109 63 690
109 65 422
109 66 174
109 67 404
109 68 246
109 70 770
109 72 376
109 74 598
109 76 911
109 79 222
109 80 222
109 81 742
109 82 839
109 86 491
109 87 547
109 88 926
109 89 18
109 92 597
109 94 798
109 95 431
109 98 10
109 100 935
109 102 725
109 103 519
109 104 365
109 105 420
109 107 190
109 108 559
110 2 156
110 4 777
110 8 163
110 11 240
110 12 951
110 13 793
110 17 388
110 18 746
110 20 728
110 21 810
110 24 655
110 25 547
110 26 859
110 27 285
110 28 450
110 31 356
110 32 277
110 34 173
110 35 304
110 36 301
110 45 29
110 47 214
110 48 922
110 49 637
110 51 385
110 52 133
110 55 272
110 57 529
110 58 319
110 59 446
110 62 35
110 65 91
110 67 190
110 70 28
110 71 566
110 73 993
110 74 371
110 75 299
110 78 926
110 80 611
110 81 556
110 86 882
110 88 878
110 95 403
110 96 609
110 99 763
110 101 534
110 104 204
110 105 228
111 1 464
111 2 190
111 6 323
111 7 546
111 9 341
111 12 63
111 14 531
111 16 254
111 21 259
111 22 571
111 27 996
111 29 355
111 33 92
111 36 127
111 42 358
111 43 555
111 46 70
111 49 938
111 53 490
111 54 790
111 57 246
111 60 556
111 61 109
111 63 261
111 65 277
111 69 630
111 73 133
111 76 592
111 78 940
111 79 767
111 84 538
111 88 875
111 89 793
111 91 347
111 92 119
111 94 718
111 95 610
111 98 260
111 99 869
111 103 775
111 105 86
111 106 850
111 107 988
111 110 436
112 2 322
112 3 908
112 5 936
112 8 694
112 9 958
112 12 78
112 13 638
112 15 568
112 16 68
112 19 541
112 21 291
112 22 704
112 29 257
112 32 374
112 33 75
112 36 996
112 38 730
112 43 636
112 44 810
112 45 797
112 47 984
112 48 971
112 49 453
112 50 809
112 51 643
112 54 67
112 60 877
112 61 184
112 62 72
112 63 908
112 64 149
112 67 295
112 68 790
112 69 165
112 70 871
112 71 885
112 73 437
112 75 89
112 76 403
112 78 218
112 79 697
112 82 290
112 83 650
112 87 493
112 88 911
112 89 412
112 90 205
112 91 721
112 92 787
112 93 802
112 94 353
112 98 370
112 99 693
112 101 316
112 105 1
112 106 536
112 110 596
113 1 721
113 2 819
113 4 484
113 5 52
113 6 476
113 7 629
113 9 379
113 10 679
113 12 681
113 14 787
113 16 173
113 17 982
113 20 127
113 21 746
113 22 903
113 23 697
113 26 145
113 27 342
113 29 281
113 31 100
113 32 291
113 33 113
113 34 124
113 36 899
113 37 296
113 38 955
113 39 690
113 40 462
113 42 700
113 43 585
113 45 435
113 47 823
113 51 67
113 56 562
113 58 633
113 59 332
113 61 120
113 63 525
113 64 130
113 67 589
113 69 319
113 70 243
113 71 64
113 72 794
113 74 982
113 77 519
113 78 272
113 80 177
113 81 95
113 84 470
113 85 807
113 88 681
113 89 923
113 90 105
113 93 71
113 95 41
113 97 892
113 98 609
113 102 46
113 103 512
113 104 417
113 105 166
113 106 239
113 108 168
113 109 238
113 112 584
114 2 212
114 3 157
114 4 959
114 5 696
114 8 141
114 12 19
114 14 487
114 16 38
114 17 640
114 18 528
114 19 412
114 21 197
114 22 597
114 23 67
114 25 497
114 29 568
114 30 45
114 34 148
114 37 439
114 39 398
114 42 25
114 43 39
114 49 201
114 52 895
114 53 106
114 55 115
114 56 875
114 57 662
114 63 76
114 64 745
114 66 58
114 67 948
114 68 590
114 70 694
114 71 488
114 72 525
114 75 306
114 76 668
114 77 834
114 79 377
114 80 599
114 81 813
114 82 834
114 85 716
114 86 345
114 89 984
114 91 177
114 92 545
114 93 92
114 94 725
114 95 209
114 96 511
114 98 66
114 100 340
114 101 651
114 106 435
114 108 957
114 109 116
114 111 269
114 112 105
114 113 205
115 1 481
115 2 895
115 4 362
115 5 281
115 7 84
115 9 934
115 10 240
115 16 896
115 22 957
115 23 557
115 25 447
115 26 888
115 28 848
115 31 901
115 33 256
115 37 70
115 38 959
115 39 952
115 41 98
115 46 417
115 47 364
115 48 871
115 49 401
115 50 460
115 53 124
115 55 753
115 57 270
115 58 271
115 60 80
115 62 358
115 63 41
115 68 279
115 69 659
115 72 324
115 75 222
115 77 412
115 81 604
115 83 892
115 93 562
115 94 894
115 95 371
115 97 911
115 98 421
115 100 452
115 101 853
115 102 41
115 110 775
115 112 714
116 1 168
116 6 171
116 8 927
116 10 943
116 11 771
116 13 665
116 15 381
116 16 688
116 19 658
116 24 743
116 25 683
116 26 761
116 28 819
116 29 370
116 30 755
116 32 741
116 33 200
116 37 132
116 41 439
116 42 516
116 43 874
116 44 979
116 45 674
116 47 474
116 48 82
116 50 878
116 51 139
116 52 277
116 53 132
116 54 398
116 55 603
116 57 678
116 58 842
116 63 698
116 64 476
116 67 709
116 71 690
116 73 592
116 75 70
116 77 496
116 78 831
116 82 131
116 83 398
116 84 170
116 86 212
116 88 844
116 90 588
116 91 494
116 94 970
116 97 1
116 99 288
116 101 169
116 103 44
116 104 159
116 105 400
116 108 543
116 109 513
116 110 221
116 112 709
116 113 687
116 115 1
117 1 626
117 2 951
117 5 906
117 6 823
117 8 33
117 10 725
117 11 557
117 15 632
117 17 130
117 19 488
117 20 896
117 21 837
117 23 74
117 24 644
117 26 908
117 27 46
117 28 174
117 29 378
117 30 738
117 31 102
117 33 295
117 36 364
117 37 983
117 40 70
117 41 771
117 43 858
117 47 60
117 48 884
117 53 620
117 57 335
117 58 624
117 60 833
117 65 510
117 66 767
117 68 369
117 69 136
117 70 107
117 71 972
117 72 821
117 73 770
117 77 903
117 78 615
117 82 885
117 83 56
117 90 701
117 92 330
117 93 129
117 94 128
117 95 58
117 98 296
117 101 618
117 102 848
117 103 138
117 105 930
117 106 450
117 107 623
117 108 55
117 109 293
117 110 608
117 114 942
117 115 727
118 1 475
118 6 886
118 7 930
118 8 231
118 11 33
118 13 417
118 15 872
118 18 873
118 19 393
118 20 875
118 21 386
118 22 604
118 26 490
118 29 17
118 30 260
118 34 614
118 36 115
118 38 616
118 40 983
118 43 361
118 45 349
118 48 895
118 49 215
118 52 196
118 55 373
118 57 30
118 59 36
118 62 845
118 63 992
118 64 171
118 66 851
118 68 569
118 69 237
118 70 573
118 71 322
118 72 889
118 75 425
118 77 923
118 78 593
118 79 16
118 80 71
118 81 925
118 84 865
118 87 412
118 91 324
118 93 999
118 94 298
118 95 795
118 96 601
118 98 111
118 102 130
118 103 405
118 104 620
118 107 593
118 109 457
118 112 634
118 113 167
119 1 476
119 2 66
119 3 573
119 4 344
119 6 588
119 7 507
119 8 420
119 10 597
119 11 308
119 12 73
119 16 842
119 17 435
119 20 346
119 22 572
119 23 634
119 30 689
119 31 734
119 33 572
119 35 125
119 37 696
119 39 963
119 40 551
119 42 667
119 43 758
119 44 1
119 45 629
119 52 789
119 55 486
119 56 345
119 57 651
119 58 961
119 60 369
119 62 90
119 63 495
119 66 744
119 68 200
119 71 154
119 72 725
119 74 934
119 78 214
119 79 697
119 80 249
119 92 716
119 96 826
119 97 798
119 98 754
119 99 842
119 100 516
119 101 480
119 104 186
119 106 117
119 107 866
119 109 355
119 110 202
119 112 412
119 113 164
119 118 653
120 4 791
120 5 456
120 6 300
120 7 65
120 9 775
120 11 238
120 14 844
120 22 498
120 25 454
120 26 270
120 28 418
120 30 689
120 34 422
120 35 641
120 37 115
120 38 33
120 39 87
120 40 77
120 41 957
120 43 394
120 45 420
120 46 106
120 50 956
120 51 573
120 53 65
120 54 172
120 55 735
120 58 149
120 59 993
120 60 371
120 61 96
120 62 3
120 63 391
120 64 780
120 68 41
120 71 844
120 72 9
120 73 842
120 74 575
120 80 77
120 81 535
120 87 642
120 88 469
120 89 820
120 93 764
120 96 756
120 97 104
120 98 805
120 99 846
120 103 953
120 104 249
120 105 563
120 107 948
120 110 986
120 114 763
120 115 487
120 117 106
120 118 782
120 119 765
121 2 672
121 3 756
121 4 268
121 5 9
121 7 378
121 10 253
121 13 632
121 18 419
121 20 460
121 24 93
121 25 974
121 29 276
121 31 672
121 33 94
121 34 955
121 37 964
121 38 829
121 39 917
121 40 448
121 42 73
121 44 834
121 46 997
121 47 84
121 50 525
121 51 346
121 53 568
121 54 163
121 60 983
121 62 675
121 63 323
121 64 736
121 65 104
121 67 505
121 68 324
121 70 958
121 71 781
121 73 457
121 75 840
121 76 277
121 77 360
121 81 102
121 83 911
121 84 345
121 90 73
121 91 742
121 93 260
121 95 956
121 96 943
121 98 372
121 100 751
121 101 364
121 102 62
121 103 728
121 104 919
121 107 467
121 109 900
121 111 22
121 113 404
121 117 774
121 118 776
121 120 699
122 3 849
122 7 58
122 8 303
122 12 629
122 14 74
122 15 537
122 16 453
122 19 548
122 20 371
122 24 619
122 28 274
122 29 324
122 37 761
122 40 731
122 46 111
122 49 885
122 50 725
122 51 669
122 52 365
122 53 335
122 54 330
122 55 117
122 56 560
122 58 667
122 59 483
122 60 744
122 61 246
122 62 575
122 63 252
122 65 872
122 66 719
122 67 16
122 70 840
122 71 717
122 78 392
122 79 617
122 82 999
122 84 398
122 85 147
122 88 942
122 89 266
122 90 858
122 92 121
122 93 296
122 94 520
122 96 363
122 99 448
122 101 601
122 103 893
122 104 853
122 105 824
122 106 516
122 109 168
122 110 618
122 111 789
122 112 730
122 114 41
122 115 28
122 117 227
122 119 782
122 120 469
123 3 943
123 4 695
123 5 579
123 6 313
123 7 569
123 9 368
123 10 603
123 12 205
123 17 911
123 18 402
123 22 247
123 23 34
123 25 821
123 27 968
123 28 121
123 30 443
123 32 883
123 33 684
123 35 788
123 36 968
123 37 88
123 41 117
123 42 80
123 43 743
123 46 117
123 47 535
123 49 79
123 50 934
123 51 252
123 54 160
123 55 887
123 58 636
123 59 815
123 60 449
123 61 248
123 62 433
123 64 424
123 66 936
123 68 525
123 70 287
123 72 148
123 73 642
123 74 805
123 76 133
123 78 970
123 79 885
123 81 989
123 84 840
123 85 325
123 86 758
123 89 180
123 90 219
123 91 904
123 93 937
123 94 194
123 95 985
123 97 312
123 99 364
123 100 97
123 101 891
123 102 175
123 106 269
123 108 143
123 109 963
123 110 463
123 111 573
123 112 916
123 113 918
123 115 590
123 116 130
123 118 947
123 120 145
123 121 962
123 122 811
124 1 887
124 3 485
124 6 35
124 9 438
124 10 102
124 11 870
124 12 880
124 14 265
124 16 578
124 18 978
124 21 534
124 22 735
124 24 756
124 25 819
124 27 564
124 29 933
124 30 236
124 32 639
124 33 60
124 34 224
124 37 738
124 38 607
124 40 181
124 44 680
124 45 774
124 46 260
124 47 789
124 51 979
124 52 66
124 59 973
124 63 297
124 64 507
124 67 769
124 68 777
124 72 238
124 73 958
124 76 148
124 81 172
124 83 802
124 84 57
124 85 394
124 86 322
124 88 6
124 89 570
124 90 305
124 91 447
124 92 207
124 94 904
124 95 588
124 96 630
124 97 982
124 98 53
124 100 812
124 103 345
124 104 719
124 106 600
124 114 213
124 115 122
124 118 500
124 120 805
124 121 222
124 122 159
125 1 995
125 3 120
125 4 695
125 7 332
125 8 477
125 9 562
125 11 427
125 13 517
125 14 209
125 15 952
125 16 845
125 17 377
125 20 291
125 21 815
125 23 308
125 25 352
125 26 417
125 30 534
125 32 378
125 33 623
125 34 697
125 35 355
125 41 615
125 44 54
125 45 542
125 47 32
125 49 262
125 50 236
125 51 284
125 52 812
125 55 570
125 57 731
125 59 736
125 60 648
125 63 212
125 67 787
125 68 430
125 72 451
125 73 753
125 76 132
125 79 699
125 81 107
125 85 724
125 86 579
125 87 311
125 88 597
125 90 446
125 92 357
125 93 44
125 94 172
125 96 175
125 97 617
125 100 882
125 101 898
125 103 439
125 104 222
125 105 583
125 109 206
125 115 511
125 117 557
125 119 649
125 121 824
125 123 210
126 5 524
126 7 958
126 8 726
126 10 765
126 13 64
126 14 850
126 18 591
126 20 45
126 22 768
126 27 75
126 29 966
126 32 309
126 33 445
126 34 574
126 35 271
126 36 354
126 37 78
126 39 207
126 41 447
126 43 953
126 45 544
126 47 181
126 48 515
126 49 729
126 50 218
126 51 500
126 52 384
126 58 577
126 64 665
126 66 367
126 71 955
126 73 302
126 74 675
126 78 83
126 83 601
126 85 693
126 86 466
126 90 930
126 96 181
126 97 953
126 100 936
126 103 431
126 105 737
126 106 277
126 107 802
126 110 968
126 111 625
126 113 325
126 114 751
126 115 649
126 121 933
126 122 829
126 124 311
126 125 326
127 5 421
127 7 275
127 10 470
127 11 255
127 12 623
127 15 816
127 16 646
127 17 300
127 19 13
127 24 533
127 28 848
127 31 176
127 32 410
127 33 279
127 34 211
127 36 645
127 37 109
127 38 680
127 39 81
127 46 630
127 47 555
127 48 912
127 53 723
127 54 799
127 58 706
127 59 552
127 63 205
127 66 935
127 67 418
127 68 247
127 70 520
127 73 412
127 74 21
127 77 673
127 78 362
127 79 129
127 80 259
127 82 826
127 83 714
127 85 323
127 86 297
127 88 355
127 89 73
127 92 396
127 97 303
127 99 342
127 100 665
127 101 876
127 104 884
127 105 167
127 106 261
127 111 542
127 112 915
127 113 870
127 116 231
127 122 884
127 123 872
127 124 410
128 1 660
128 3 152
128 5 213
128 6 685
128 7 844
128 13 77
128 16 38
128 18 542
128 20 311
128 21 451
128 23 453
128 25 656
128 26 643
128 29 351
128 30 680
128 31 483
128 32 102
128 34 222
128 35 497
128 37 983
128 38 221
128 42 753
128 43 518
128 44 735
128 46 636
128 47 358
128 50 44
128 55 202
128 58 375
128 62 97
128 63 67
128 66 331
128 68 666
128 69 533
128 72 759
128 74 302
128 75 433
128 77 578
128 78 231
128 80 795
128 82 856
128 86 477
128 89 625
128 92 462
128 93 152
128 94 750
128 95 974
128 97 197
128 98 890
128 99 62
128 100 817
128 102 150
128 106 852
128 108 824
128 110 134
128 111 797
128 112 886
128 113 620
128 115 92
128 117 711
128 119 715
128 121 879
128 123 293
128 125 66
129 1 455
129 2 459
129 7 339
129 8 449
129 11 403
129 13 448
129 14 707
129 19 271
129 21 270
129 24 923
129 27 112
129 29 615
129 32 31
129 34 988
129 38 978
129 41 254
129 42 939
129 43 229
129 45 168
129 46 834
129 48 125
129 49 783
129 50 973
129 53 27
129 55 149
129 57 971
129 58 283
129 59 521
129 66 909
129 67 113
129 68 196
129 69 184
129 70 621
129 73 988
129 75 655
129 76 399
129 79 202
129 82 888
129 86 45
129 87 568
129 92 68
129 93 610
129 95 116
129 96 714
129 99 301
129 100 120
129 101 87
129 102 627
129 104 833
129 110 829
129 112 589
129 114 52
129 119 408
129 120 996
129 124 508
129 125 978
129 126 897
129 128 290
130 4 933
130 6 826
130 7 825
130 10 888
130 13 525
130 15 326
130 17 850
130 18 968
130 19 411
130 20 571
130 21 724
130 22 823
130 24 381
130 25 649
130 26 184
130 30 935
130 32 432
130 33 479
130 34 553
130 35 920
130 36 959
130 37 424
130 39 504
130 43 971
130 45 128
130 46 463
130 48 59
130 49 817
130 51 574
130 52 483
130 53 165
130 54 603
130 55 280
130 57 380
130 61 966
130 63 338
130 64 140
130 66 963
130 67 821
130 68 289
130 69 117
130 70 128
130 71 564
130 72 548
130 75 281
130 78 140
130 79 518
130 80 901
130 82 918
130 83 887
130 88 535
130 89 934
130 90 460
130 92 923
130 95 131
130 96 505
130 98 887
130 100 982
130 103 495
130 107 186
130 108 140
130 111 640
130 114 771
130 115 620
130 121 885
130 123 643
130 126 64
131 2 54
131 3 199
131 4 126
131 7 689
131 9 868
131 11 243
131 13 633
131 16 259
131 20 522
131 22 343
131 23 756
131 30 437
131 38 144
131 39 247
131 44 853
131 45 453
131 47 178
131 48 398
131 50 92
131 51 234
131 52 401
131 53 234
131 55 63
131 56 945
131 58 296
131 59 162
131 60 539
131 61 19
131 64 368
131 66 793
131 67 373
131 70 495
131 72 731
131 74 259
131 76 369
131 79 646
131 81 510
131 89 827
131 92 939
131 93 472
131 94 39
131 96 361
131 99 3
131 100 742
131 101 293
131 102 279
131 106 673
131 107 423
131 115 708
131 116 95
131 117 641
131 118 620
131 119 126
131 120 401
131 123 570
131 124 474
131 125 67
131 127 325
131 130 646
132 1 233
132 2 235
132 3 19
132 5 650
132 7 258
132 8 862
132 10 966
132 12 988
132 13 626
132 15 988
132 16 452
132 17 347
132 18 411
132 20 352
132 22 708
132 23 432
132 24 233
132 25 163
132 26 898
132 27 182
132 30 786
132 32 812
132 33 372
132 35 732
132 36 462
132 38 298
132 40 175
132 41 953
132 46 892
132 48 394
132 51 98
132 52 634
132 56 529
132 59 376
132 62 23
132 64 634
132 66 220
132 67 5
132 68 129
132 70 782
132 71 774
132 72 454
132 73 682
132 74 790
132 78 795
132 81 941
132 82 18
132 83 948
132 88 336
132 89 932
132 90 973
132 94 777
132 95 185
132 98 3
132 103 294
132 105 794
132 107 192
132 108 27
132 109 335
132 113 371
132 115 879
132 118 215
132 120 517
132 121 218
132 122 671
132 125 167
132 127 383
132 128 931
133 2 987
133 6 590
133 8 580
133 9 234
133 14 381
133 15 468
133 16 876
133 20 936
133 24 872
133 25 757
133 32 950
133 33 154
133 34 493
133 35 766
133 36 250
133 38 648
133 39 253
133 40 597
133 41 135
133 42 103
133 44 527
133 45 52
133 47 866
133 49 821
133 54 832
133 59 453
133 60 372
133 63 349
133 65 222
133 66 488
133 67 713
133 68 352
133 69 524
133 71 12
133 74 663
133 75 848
133 77 970
133 81 14
133 82 985
133 83 452
133 84 45
133 87 972
133 88 67
133 89 694
133 91 405
133 96 924
133 99 497
133 103 961
133 105 940
133 110 86
133 112 804
133 114 8
133 115 335
133 118 761
133 121 941
133 123 964
133 124 302
133 125 364
133 126 637
133 127 283
133 130 61
134 1 558
134 4 332
134 6 350
134 9 29
134 11 110
134 13 484
134 17 53
134 19 550
134 20 36
134 22 139
134 26 186
134 28 637
134 31 542
134 32 140
134 34 160
134 35 421
134 36 629
134 40 208
134 41 533
134 42 670
134 43 304
134 45 144
134 46 710
134 48 595
134 50 909
134 51 284
134 54 504
134 55 807
134 58 396
134 61 254
134 66 308
134 67 477
134 68 21
134 71 108
134 74 285
134 75 675
134 76 16
134 80 677
134 81 767
134 88 637
134 89 512
134 90 208
134 93 213
134 94 911
134 96 518
134 98 877
134 99 208
134 100 306
134 104 167
134 105 251
134 107 832
134 109 545
134 111 974
134 112 381
134 113 767
134 114 102
134 115 74
134 119 715
134 121 526
134 122 599
134 126 605
134 127 213
134 129 317
134 131 793
135 2 972
135 3 884
135 8 164
135 10 865
135 11 905
135 13 768
135 14 623
135 15 765
135 16 789
135 18 138
135 21 303
135 26 358
135 27 399
135 28 720
135 29 199
135 34 899
135 35 364
135 36 590
135 37 679
135 41 815
135 42 688
135 43 606
135 44 869
135 45 388
135 48 2
135 49 467
135 50 820
135 52 146
135 55 513
135 63 275
135 73 84
135 74 763
135 76 262
135 77 935
135 78 376
135 80 1000
135 83 716
135 86 464
135 88 204
135 89 753
135 90 813
135 91 996
135 92 520
135 94 636
135 96 522
135 101 52
135 102 773
135 107 224
135 108 60
135 111 367
135 113 101
135 114 281
135 116 617
135 118 267
135 121 465
135 124 710
135 125 603
135 126 114
135 128 393
135 129 368
135 130 393
135 132 285
135 133 752
136 2 212
136 3 229
136 4 724
136 7 623
136 8 345
136 9 479
136 10 322
136 12 719
136 13 247
136 15 50
136 17 362
136 19 736
136 24 471
136 25 809
136 26 80
136 27 700
136 29 51
136 32 543
136 34 277
136 39 773
136 43 470
136 50 777
136 51 123
136 54 700
136 55 140
136 57 74
136 59 778
136 60 375
136 61 1000
136 63 891
136 65 447
136 66 213
136 68 126
136 69 114
136 72 410
136 73 401
136 78 631
136 79 501
136 80 259
136 81 783
136 82 138
136 85 675
136 88 718
136 89 408
136 93 31
136 94 184
136 98 983
136 99 190
136 100 579
136 103 759
136 109 579
136 110 495
136 112 972
136 114 219
136 117 668
136 118 93
136 119 28
136 121 903
136 122 527
136 127 960
136 128 891
136 130 412
136 134 765
137 1 678
137 2 588
137 4 397
137 6 223
137 8 530
137 14 65
137 22 209
137 23 791
137 28 121
137 29 39
137 32 106
137 35 777
137 36 469
137 40 440
137 41 106
137 42 543
137 44 624
137 52 577
137 55 791
137 57 656
137 58 441
137 64 924
137 65 30
137 66 354
137 68 434
137 69 241
137 70 400
137 71 623
137 74 96
137 76 126
137 79 70
137 82 359
137 85 789
137 86 757
137 87 993
137 88 782
137 93 450
137 94 234
137 95 479
137 96 117
137 99 583
137 101 337
137 102 102
137 103 714
137 104 479
137 105 904
137 106 44
137 109 56
137 110 379
137 111 406
137 112 927
137 113 799
137 114 151
137 117 714
137 118 535
137 120 449
137 123 245
137 124 568
137 125 896
137 129 720
137 133 954
137 135 550
138 3 632
138 4 939
138 5 801
138 9 206
138 12 379
138 13 300
138 18 198
138 21 127
138 22 189
138 23 955
138 26 239
138 28 714
138 29 914
138 31 533
138 32 410
138 37 710
138 38 199
138 40 746
138 41 941
138 42 675
138 43 996
138 47 566
138 51 391
138 58 926
138 64 157
138 65 321
138 67 262
138 69 786
138 70 813
138 74 109
138 75 939
138 76 143
138 78 320
138 79 131
138 83 156
138 86 708
138 87 156
138 91 611
138 92 850
138 97 859
138 98 934
138 99 265
138 100 656
138 102 430
138 105 386
138 106 348
138 108 26
138 109 312
138 110 311
138 114 551
138 115 72
138 116 368
138 124 513
138 126 81
138 127 640
138 131 356
138 133 914
138 134 916
138 135 804
138 136 583
138 137 814
139 2 759
139 3 820
139 4 426
139 6 834
139 8 673
139 11 338
139 14 960
139 18 988
139 19 153
139 20 951
139 22 940
139 30 790
139 32 611
139 33 718
139 36 816
139 37 973
139 39 274
139 41 125
139 45 182
139 46 21
139 48 14
139 50 696
139 51 705
139 53 754
139 55 354
139 56 475
139 58 370
139 60 908
139 61 222
139 62 853
139 63 164
139 65 380
139 67 13
139 68 103
139 69 541
139 70 47
139 71 976
139 73 545
139 74 559
139 75 218
139 76 837
139 79 943
139 81 312
139 83 599
139 85 246
139 86 829
139 90 537
139 95 321
139 96 665
139 101 843
139 102 699
139 103 357
139 104 294
139 106 537
139 108 724
139 109 98
139 113 19
139 116 439
139 118 881
139 120 546
139 121 171
139 123 574
139 124 278
139 126 327
139 127 90
139 129 99
139 130 910
139 132 534
139 137 967
140 8 84
140 9 900
140 10 724
140 12 163
140 16 404
140 18 460
140 19 475
140 20 127
140 21 832
140 22 533
140 26 910
140 27 631
140 30 316
140 32 964
140 33 428
140 34 346
140 38 754
140 46 653
140 48 143
140 49 45
140 50 160
140 52 646
140 55 536
140 57 958
140 58 625
140 62 905
140 63 268
140 68 168
140 69 750
140 70 250
140 80 22
140 81 363
140 82 235
140 85 852
140 87 748
140 90 205
140 92 560
140 95 499
140 96 647
140 97 475
140 98 866
140 99 562
140 100 442
140 101 603
140 102 474
140 106 802
140 107 974
140 108 967
140 109 307
140 111 202
140 112 785
140 113 869
140 115 922
140 116 14
140 120 439
140 125 462
140 126 985
140 128 439
140 129 634
140 130 680
140 132 846
140 133 673
140 134 91
140 136 694
140 137 602
140 138 314
141 1 851
141 2 922
141 3 556
141 4 22
141 6 427
141 8 417
141 9 952
141 10 341
141 11 773
141 14 406
141 15 567
141 17 108
141 20 331
141 21 965
141 22 105
141 24 727
141 25 536
141 26 156
141 27 481
141 28 732
141 30 206
141 31 705
141 32 749
141 33 495
141 34 843
141 37 724
141 38 959
141 39 409
141 43 969
141 46 704
141 50 485
141 52 307
141 54 781
141 61 802
141 63 332
141 65 585
141 66 611
141 70 831
141 71 275
141 72 564
141 74 385
141 79 357
141 80 547
141 81 977
141 83 439
141 84 482
141 85 873
141 87 408
141 88 981
141 90 495
141 91 414
141 92 864
141 94 617
141 97 838
141 99 967
141 102 344
141 106 329
141 107 618
141 108 969
141 109 549
141 110 64
141 112 191
141 113 478
141 115 812
141 116 864
141 117 149
141 118 553
141 129 258
141 136 766
142 3 961
142 4 892
142 5 816
142 11 362
142 12 718
142 14 998
142 15 898
142 16 137
142 17 252
142 19 291
142 20 190
142 21 3
142 23 230
142 24 79
142 25 19
142 26 379
142 28 771
142 29 520
142 33 116
142 35 69
142 38 491
142 42 45
142 44 433
142 46 168
142 48 185
142 51 542
142 53 996
142 55 635
142 57 74
142 59 571
142 62 331
142 64 387
142 65 520
142 67 555
142 68 476
142 69 493
142 71 353
142 72 901
142 75 548
142 76 711
142 77 396
142 80 55
142 81 977
142 82 935
142 83 80
142 84 602
142 87 28
142 88 597
142 89 928
142 91 605
142 92 805
142 97 606
142 100 886
142 102 640
142 103 920
142 104 945
142 106 383
142 108 190
142 109 926
142 112 977
142 113 734
142 116 805
142 118 22
142 120 392
142 122 585
142 124 872
142 126 707
142 127 578
142 128 960
142 130 357
142 134 766
142 135 224
142 137 532
142 139 143
142 140 582
143 4 374
143 10 746
143 11 315
143 12 751
143 13 590
143 16 865
143 20 561
143 22 60
143 23 498
143 24 786
143 25 500
143 28 620
143 31 987
143 32 824
143 33 705
143 34 843
143 38 845
143 39 932
143 40 88
143 47 119
143 48 862
143 50 441
143 52 657
143 63 96
143 65 460
143 66 586
143 67 129
143 69 972
143 70 366
143 74 760
143 75 335
143 77 335
143 80 881
143 83 523
143 85 130
143 87 62
143 90 818
143 91 537
143 93 110
143 95 932
143 96 778
143 97 770
143 98 618
143 99 218
143 100 362
143 102 640
143 107 775
143 108 811
143 110 485
143 111 934
143 112 520
143 113 146
143 115 113
143 116 296
143 117 579
143 119 572
143 122 396
143 123 583
143 128 435
143 129 744
143 131 546
143 135 674
144 4 831
144 5 750
144 6 666
144 9 520
144 10 610
144 14 705
144 15 983
144 16 234
144 18 88
144 21 454
144 24 305
144 29 230
144 32 639
144 36 778
144 37 875
144 39 970
144 41 206
144 45 549
144 49 619
144 50 109
144 51 183
144 52 783
144 54 138
144 58 34
144 59 458
144 61 697
144 63 936
144 65 239
144 72 119
144 75 851
144 77 666
144 80 57
144 82 610
144 84 989
144 85 770
144 88 702
144 90 696
144 92 526
144 96 759
144 97 657
144 98 450
144 100 63
144 101 301
144 104 861
144 107 354
144 108 289
144 110 936
144 112 965
144 114 890
144 115 528
144 117 744
144 118 811
144 120 895
144 122 479
144 123 843
144 124 873
144 127 491
144 128 501
144 130 250
144 132 402
144 133 528
144 134 903
144 135 34
144 139 845
144 141 926
144 143 420
145 1 908
145 5 328
145 9 987
145 10 138
145 11 589
145 12 459
145 13 684
145 15 613
145 17 315
145 18 444
145 21 358
145 26 941
145 28 69
145 38 631
145 40 525
145 42 463
145 43 968
145 44 989
145 45 505
145 48 649
145 50 429
145 51 697
145 53 402
145 54 224
145 55 549
145 56 920
145 60 491
145 62 170
145 63 111
145 66 669
145 67 475
145 68 616
145 70 63
145 71 536
145 72 99
145 73 842
145 74 826
145 77 345
145 81 417
145 82 255
145 85 69
145 86 534
145 88 525
145 89 336
145 90 952
145 95 250
145 96 328
145 97 138
145 98 883
145 100 638
145 101 698
145 102 875
145 104 737
145 106 232
145 107 931
145 109 629
145 110 761
145 112 333
145 113 483
145 114 273
145 117 387
145 119 954
145 120 311
145 122 171
145 124 889
145 125 709
145 126 111
145 127 538
145 133 419
145 138 887
145 139 436
145 140 16
145 141 864
145 144 170
146 2 526
146 5 600
146 10 73
146 12 216
146 14 122
146 17 156
146 20 425
146 21 267
146 22 615
146 24 387
146 25 66
146 27 509
146 28 271
146 29 543
146 31 637
146 32 937
146 33 483
146 36 666
146 38 743
146 39 812
146 40 691
146 45 824
146 49 311
146 50 737
146 51 987
146 52 273
146 55 220
146 56 266
146 62 678
146 63 70
146 64 442
146 68 856
146 71 99
146 72 271
146 73 815
146 76 421
146 78 387
146 81 338
146 82 160
146 85 842
146 87 102
146 90 692
146 91 89
146 92 340
146 97 46
146 98 598
146 99 956
146 100 889
146 103 139
146 105 106
146 107 817
146 108 476
146 111 766
146 112 335
146 113 441
146 114 45
146 115 679
146 116 141
146 117 825
146 119 428
146 120 970
146 121 643
146 122 786
146 123 30
146 126 132
146 127 116
146 128 883
146 130 620
146 134 620
146 137 593
146 138 893
146 140 555
146 141 201
146 142 206
146 144 694
147 1 31
147 2 617
147 6 148
147 7 645
147 8 572
147 12 499
147 13 917
147 16 372
147 17 414
147 19 229
147 20 898
147 22 13
147 24 66
147 25 937
147 26 188
147 28 302
147 32 412
147 33 521
147 34 473
147 35 208
147 37 215
147 38 314
147 43 323
147 44 895
147 51 502
147 52 739
147 53 225
147 54 798
147 55 62
147 57 209
147 58 951
147 59 275
147 60 290
147 61 301
147 64 420
147 66 696
147 67 235
147 69 348
147 70 730
147 71 396
147 72 63
147 73 783
147 76 888
147 77 723
147 83 498
147 84 986
147 87 588
147 92 592
147 93 466
147 95 42
147 96 562
147 97 45
147 98 419
147 99 469
147 101 440
147 104 112
147 105 925
147 107 116
147 108 393
147 109 461
147 110 736
147 112 886
147 113 888
147 115 376
147 119 120
147 120 862
147 122 72
147 123 310
147 125 635
147 126 629
147 127 894
147 129 713
147 130 277
147 131 278
147 132 553
147 133 541
147 134 306
147 139 630
147 140 698
147 144 922
147 145 507
148 2 826
148 3 987
148 8 358
148 9 181
148 10 807
148 14 110
148 17 232
148 19 11
148 23 286
148 25 53
148 27 848
148 33 881
148 34 556
148 38 180
148 39 600
148 41 495
148 43 415
148 44 250
148 45 976
148 48 153
148 49 829
148 51 308
148 52 153
148 53 257
148 55 319
148 56 361
148 57 838
148 58 140
148 59 114
148 64 890
148 66 539
148 67 655
148 69 481
148 70 485
148 72 556
148 73 331
148 74 423
148 76 257
148 77 857
148 78 146
148 79 314
148 80 241
148 81 36
148 82 887
148 84 751
148 85 960
148 87 552
148 88 544
148 89 914
148 92 167
148 94 53
148 97 285
148 98 999
148 101 279
148 102 39
148 103 393
148 104 387
148 105 751
148 106 91
148 107 943
148 108 669
148 111 795
148 117 968
148 121 388
148 122 801
148 126 591
148 127 540
148 130 37
148 131 434
148 133 580
148 135 382
148 136 873
148 137 979
148 138 478
148 139 447
148 140 568
148 141 401
148 142 870
148 144 429
148 147 142
149 1 338
149 2 13
149 5 774
149 7 287
149 8 580
149 10 138
149 11 875
149 12 688
149 18 312
149 19 290
149 22 994
149 24 906
149 27 654
149 28 975
149 30 389
149 32 57
149 33 239
149 34 920
149 37 422
149 39 745
149 40 460
149 42 654
149 43 288
149 45 925
149 49 440
149 50 307
149 53 727
149 54 163
149 55 83
149 58 635
149 59 560
149 65 741
149 66 7
149 69 864
149 70 414
149 71 40
149 73 108
149 74 402
149 75 673
149 81 661
149 82 263
149 83 409
149 84 716
149 85 925
149 86 249
149 87 573
149 89 95
149 90 986
149 91 50
149 95 146
149 97 969
149 101 365
149 102 373
149 103 699
149 104 509
149 106 561
149 109 27
149 112 278
149 114 729
149 115 664
149 116 921
149 117 963
149 118 532
149 120 996
149 121 777
149 122 96
149 124 626
149 125 821
149 126 658
149 127 54
149 128 860
149 129 220
149 131 617
149 132 957
149 133 671
149 134 105
149 135 572
149 137 544
149 141 383
149 142 55
149 143 767
149 145 848
149 146 84
150 1 807
150 2 78
150 4 377
150 5 633
150 8 888
150 9 251
150 10 987
150 13 273
150 14 282
150 16 179
150 20 616
150 21 318
150 28 362
150 30 451
150 31 254
150 32 630
150 35 442
150 36 375
150 39 417
150 40 461
150 41 361
150 42 185
150 45 952
150 46 161
150 51 811
150 56 869
150 61 719
150 62 173
150 63 400
150 71 675
150 72 181
150 73 859
150 74 33
150 75 620
150 76 153
150 80 645
150 81 716
150 82 237
150 83 911
150 86 212
150 89 388
150 92 663
150 93 771
150 95 254
150 96 626
150 97 23
150 98 379
150 101 238
150 105 667
150 108 334
150 109 150
150 111 355
150 115 608
150 117 129
150 119 561
150 120 655
150 121 280
150 122 513
150 124 428
150 127 509
150 128 870
150 129 142
150 130 11
150 133 287
150 134 490
150 135 626
150 137 279
150 138 870
150 140 45
150 144 351
150 146 885
150 148 233
150 149 601
