150
2 1 233
3 1 218
4 1 397
4 3 968
6 1 944
6 4 414
7 1 13
7 2 445
7 3 797
7 5 897
7 6 643
8 1 685
8 3 423
8 4 183
8 6 184
8 7 636
9 4 786
9 7 836
10 2 294
10 4 755
10 5 922
10 6 683
10 7 163
11 2 118
11 3 837
11 5 434
11 6 400
11 10 602
12 3 702
12 4 971
12 5 259
12 7 652
12 8 615
12 9 508
12 11 125
13 2 893
13 7 881
13 8 325
13 11 228
14 1 586
14 2 841
14 3 407
14 7 416
14 8 307
14 13 749
15 5 974
15 6 954
15 9 482
15 10 973
15 11 871
15 14 573
16 2 409
16 5 454
16 6 762
16 7 695
16 8 650
16 9 289
16 10 662
16 11 244
16 15 982
17 2 228
17 3 87
17 4 894
17 5 993
17 6 142
17 7 327
17 8 324
17 9 894
17 10 567
17 13 594
17 15 972
18 1 738
18 2 316
18 4 443
18 5 628
18 10 949
18 12 153
18 16 718
19 1 923
19 5 619
19 6 272
19 9 389
19 10 227
19 12 253
19 16 741
19 18 671
20 1 404
20 2 305
20 3 928
20 8 323
20 9 380
20 10 211
20 13 809
20 14 861
20 15 449
20 16 127
20 18 956
21 1 255
21 2 798
21 4 339
21 8 154
21 11 982
21 14 778
21 16 720
21 18 444
21 19 76
22 2 3
22 3 73
22 5 985
22 7 837
22 12 582
22 15 120
22 16 724
22 19 194
22 21 549
23 2 993
23 6 736
23 7 959
23 10 11
23 12 6
23 16 399
23 20 882
23 21 999
23 22 928
24 2 191
24 3 961
24 6 631
24 8 608
24 9 335
24 13 665
24 14 475
24 15 967
24 16 377
24 17 909
24 19 336
24 20 169
25 2 14
25 4 422
25 7 43
25 8 933
25 13 475
25 16 84
25 17 105
25 19 239
25 20 418
25 21 125
26 3 414
26 4 369
26 5 529
26 7 863
26 8 25
26 10 536
26 22 221
26 23 766
27 3 818
27 5 805
27 7 340
27 11 187
27 13 341
27 15 191
27 17 299
27 19 7
27 24 944
28 1 234
28 2 784
28 5 729
28 7 466
28 9 309
28 10 950
28 11 969
28 13 204
28 14 480
28 18 545
28 20 564
28 25 966
28 27 782
29 1 257
29 2 725
29 3 349
29 5 423
29 6 528
29 7 599
29 9 458
29 10 131
29 19 712
29 24 406
29 25 170
29 27 384
30 1 390
30 2 473
30 3 255
30 6 565
30 7 446
30 8 866
30 10 825
30 14 622
30 15 445
30 20 798
30 22 241
30 26 184
30 28 258
31 1 447
31 2 866
31 5 646
31 6 55
31 10 661
31 12 263
31 15 751
31 17 144
31 18 185
31 19 812
31 21 506
31 22 642
31 23 2
31 24 462
31 25 177
31 26 631
31 27 543
31 28 971
31 30 399
32 1 686
32 2 610
32 4 147
32 8 61
32 9 13
32 13 115
32 14 268
32 15 512
32 17 547
32 18 926
32 19 507
32 21 605
32 23 740
32 24 87
32 26 286
32 30 821
32 31 552
33 1 863
33 3 269
33 5 744
33 7 621
33 8 732
33 9 711
33 12 933
33 13 197
33 15 251
33 16 516
33 17 567
33 18 274
33 19 58
33 20 963
33 21 817
33 23 870
33 24 858
33 27 2
33 28 345
33 29 328
33 31 841
34 1 81
34 4 754
34 5 871
34 8 211
34 10 457
34 11 37
34 17 574
34 18 424
34 21 720
34 22 965
34 26 606
34 27 465
34 28 676
34 29 980
34 30 229
34 31 624
34 32 270
34 33 524
35 1 751
35 2 682
35 3 53
35 5 870
35 7 582
35 9 644
35 12 380
35 13 260
35 16 403
35 17 319
35 18 137
35 19 504
35 22 678
35 24 294
35 30 334
35 32 682
35 34 214
36 1 22
36 2 601
36 3 969
36 5 949
36 6 885
36 9 3
36 10 583
36 11 549
36 12 358
36 15 875
36 17 667
36 20 77
36 23 444
36 29 921
36 30 708
36 31 222
36 34 200
37 1 357
37 4 65
37 5 668
37 9 958
37 10 854
37 13 210
37 14 245
37 16 522
37 19 893
37 20 260
37 31 844
37 35 7
37 36 648
38 4 150
38 6 888
38 9 762
38 10 755
38 11 355
38 13 413
38 16 4
38 19 176
38 20 651
38 22 280
38 23 778
38 24 478
38 26 495
38 27 428
38 30 271
38 31 104
38 36 29
39 2 216
39 3 287
39 4 160
39 6 12
39 8 33
39 9 742
39 10 536
39 12 30
39 13 699
39 14 308
39 15 106
39 16 355
39 17 314
39 20 978
39 23 223
39 24 187
39 25 384
39 27 227
39 28 804
39 30 571
39 31 633
39 32 669
39 33 474
39 36 68
40 4 477
40 5 436
40 9 399
40 10 3
40 11 588
40 17 526
40 20 401
40 21 604
40 22 767
40 25 293
40 27 487
40 33 515
40 34 398
40 37 968
40 38 184
40 39 771
41 4 897
41 6 868
41 7 322
41 9 645
41 11 989
41 14 741
41 19 334
41 21 99
41 26 611
41 27 306
41 29 999
41 32 116
41 33 895
41 35 68
41 37 637
41 39 520
41 40 35
42 2 966
42 3 479
42 4 52
42 5 611
42 8 209
42 9 938
42 15 943
42 16 863
42 17 375
42 20 354
42 21 931
42 22 858
42 30 127
42 31 889
42 37 527
42 38 381
42 39 116
43 1 746
43 3 69
43 5 855
43 6 693
43 7 687
43 8 915
43 12 960
43 14 55
43 15 755
43 19 124
43 20 969
43 21 261
43 22 652
43 25 184
43 27 354
43 32 55
43 33 883
43 34 923
43 36 349
43 37 72
43 38 121
43 39 79
43 40 8
43 41 355
44 1 325
44 5 444
44 6 487
44 8 586
44 11 875
44 15 538
44 19 414
44 20 847
44 21 244
44 22 853
44 23 878
44 24 707
44 26 845
44 29 899
44 31 338
44 33 579
44 34 410
44 35 696
44 36 626
44 38 715
44 39 148
44 42 89
44 43 19
45 1 973
45 2 139
45 4 517
45 5 664
45 7 150
45 9 743
45 11 69
45 17 970
45 21 167
45 25 207
45 28 483
45 29 68
45 30 733
45 31 974
45 34 545
45 35 480
45 36 831
45 37 433
45 38 265
45 39 394
45 41 770
45 42 166
46 2 302
46 6 447
46 8 933
46 15 761
46 18 319
46 22 648
46 23 19
46 25 57
46 26 103
46 27 549
46 29 933
46 31 411
46 32 999
46 36 263
46 37 235
46 38 549
46 40 212
46 41 386
46 42 167
46 44 560
46 45 532
47 3 373
47 9 133
47 10 193
47 13 129
47 15 355
47 16 771
47 17 822
47 18 874
47 19 120
47 23 365
47 24 476
47 25 518
47 26 820
47 36 884
47 38 570
47 39 660
47 40 798
47 45 239
47 46 176
48 1 694
48 2 345
48 3 984
48 5 171
48 7 535
48 9 427
48 11 563
48 12 77
48 13 369
48 14 111
48 19 197
48 20 555
48 21 813
48 22 925
48 27 609
48 30 974
48 32 474
48 33 49
48 34 984
48 35 276
48 36 339
48 37 185
48 40 541
48 41 700
48 44 130
48 47 646
49 7 871
49 8 396
49 14 117
49 15 418
49 16 132
49 17 635
49 20 751
49 21 946
49 22 96
49 26 315
49 29 878
49 32 839
49 33 35
49 38 883
49 43 34
49 44 273
49 48 109
50 2 268
50 4 75
50 5 119
50 7 291
50 8 360
50 10 212
50 11 828
50 12 723
50 13 467
50 14 491
50 16 347
50 17 798
50 20 450
50 21 312
50 24 648
50 26 548
50 34 860
50 35 628
50 38 373
50 39 796
50 40 573
50 41 644
50 43 930
50 44 258
50 47 45
50 48 612
50 49 414
51 2 192
51 3 470
51 4 648
51 6 847
51 7 105
51 8 795
51 10 975
51 11 901
51 14 65
51 16 276
51 17 94
51 18 895
51 19 16
51 22 766
51 23 621
51 26 406
51 27 292
51 28 29
51 31 151
51 32 155
51 33 953
51 34 486
51 35 150
51 36 758
51 39 576
51 40 594
51 41 102
51 43 870
51 44 925
51 46 740
51 47 119
51 49 653
51 50 122
52 3 256
52 5 508
52 8 863
52 11 489
52 12 288
52 13 469
52 15 208
52 17 45
52 18 546
52 19 214
52 22 350
52 23 109
52 24 176
52 26 89
52 27 221
52 29 784
52 30 202
52 31 640
52 32 21
52 33 230
52 34 287
52 36 268
52 37 740
52 38 135
52 39 163
52 41 563
52 42 433
52 46 664
52 47 497
52 48 957
52 50 377
53 1 344
53 6 275
53 8 431
53 9 742
53 10 72
53 11 458
53 14 928
53 19 908
53 20 822
53 22 481
53 23 324
53 25 886
53 26 790
53 28 235
53 29 864
53 32 52
53 33 496
53 34 899
53 37 899
53 38 433
53 40 10
53 48 765
53 50 571
53 51 922
53 52 752
54 2 548
54 3 102
54 4 319
54 5 28
54 6 12
54 7 583
54 8 232
54 9 951
54 12 684
54 14 173
54 15 766
54 18 277
54 19 198
54 22 677
54 24 189
54 26 191
54 32 582
54 33 404
54 34 62
54 43 859
54 44 316
54 46 718
54 48 871
54 51 654
54 53 246
55 1 671
55 2 856
55 3 748
55 7 91
55 9 388
55 12 525
55 13 827
55 17 360
55 19 754
55 21 152
55 22 738
55 23 708
55 25 908
55 28 926
55 29 991
55 31 55
55 32 322
55 35 335
55 37 395
55 38 208
55 39 805
55 41 536
55 43 805
55 47 572
55 48 401
55 50 692
55 51 980
55 52 292
55 54 909
56 6 331
56 10 358
56 11 295
56 16 457
56 21 659
56 23 667
56 24 119
56 25 875
56 26 621
56 28 977
56 30 325
56 31 972
56 33 845
56 35 827
56 36 257
56 39 102
56 40 571
56 42 60
56 43 835
56 45 967
56 47 731
56 48 432
56 49 658
56 51 921
56 52 201
56 55 994
57 2 792
57 4 746
57 6 468
57 7 444
57 8 395
57 11 688
57 13 929
57 15 175
57 16 574
57 19 51
57 21 39
57 25 613
57 29 767
57 32 983
57 35 96
57 37 815
57 38 620
57 39 977
57 42 590
57 43 137
57 44 95
57 45 654
57 50 925
57 52 173
57 55 147
57 56 827
58 1 169
58 2 995
58 4 529
58 6 369
58 7 330
58 8 279
58 12 341
58 13 539
58 14 100
58 15 721
58 17 766
58 22 888
58 24 621
58 25 425
58 26 533
58 28 908
58 29 40
58 31 424
58 33 667
58 34 794
58 35 779
58 37 965
58 39 743
58 40 92
58 42 612
58 48 430
58 50 906
58 53 377
58 55 646
59 1 426
59 2 661
59 6 404
59 7 2
59 8 15
59 9 233
59 11 166
59 12 411
59 15 127
59 17 464
59 22 122
59 23 427
59 26 762
59 27 224
59 31 632
59 34 3
59 35 810
59 36 608
59 38 445
59 39 63
59 41 746
59 43 441
59 44 298
59 45 340
59 47 919
59 49 384
59 50 220
59 52 962
59 54 583
59 55 519
59 57 249
59 58 965
60 1 821
60 4 513
60 7 265
60 9 429
60 11 335
60 13 671
60 16 604
60 17 963
60 21 311
60 22 749
60 23 502
60 24 106
60 27 753
60 28 785
60 29 15
60 31 462
60 34 183
60 35 113
60 39 936
60 41 143
60 44 390
60 46 380
60 50 157
60 51 173
60 52 772
60 53 507
60 55 724
60 57 209
61 1 218
61 3 446
61 7 88
61 8 74
61 9 340
61 10 296
61 13 716
61 14 837
61 16 818
61 18 416
61 19 911
61 22 506
61 24 986
61 26 310
61 28 148
61 31 682
61 32 824
61 33 56
61 34 633
61 35 730
61 37 689
61 38 7
61 41 333
61 45 605
61 51 40
61 52 514
61 53 391
61 54 356
61 55 995
61 56 370
61 59 618
61 60 762
62 5 855
62 7 764
62 10 418
62 13 721
62 14 890
62 15 525
62 16 484
62 19 329
62 20 493
62 21 705
62 22 901
62 24 995
62 25 968
62 26 148
62 29 858
62 30 377
62 33 912
62 35 221
62 36 860
62 37 939
62 40 202
62 42 180
62 46 824
62 47 978
62 50 380
62 51 413
62 52 6
62 53 78
62 54 134
62 58 502
62 61 422
63 1 451
63 4 913
63 7 107
63 8 363
63 9 262
63 10 586
63 11 192
63 12 397
63 13 685
63 15 917
63 16 356
63 21 517
63 22 232
63 28 168
63 30 168
63 31 726
63 34 897
63 35 351
63 38 974
63 39 672
63 40 364
63 41 135
63 42 11
63 44 455
63 45 354
63 47 342
63 49 419
63 53 210
63 55 446
63 56 657
63 58 580
63 59 434
63 60 639
64 2 328
64 3 326
64 4 463
64 10 19
64 11 564
64 12 808
64 14 396
64 16 21
64 21 362
64 30 827
64 31 791
64 33 439
64 34 525
64 39 514
64 46 36
64 47 149
64 50 992
64 55 27
64 59 359
64 60 69
64 63 541
65 1 893
65 3 862
65 7 327
65 8 500
65 11 901
65 12 543
65 14 550
65 17 743
65 21 891
65 25 519
65 26 930
65 28 782
65 32 768
65 34 113
65 35 155
65 36 536
65 37 113
65 38 364
65 40 100
65 41 735
65 42 937
65 43 564
65 45 819
65 46 885
65 47 860
65 48 512
65 49 678
65 50 459
65 51 216
65 52 244
65 53 880
65 56 40
65 60 943
65 61 951
65 62 788
66 1 982
66 5 614
66 6 267
66 7 865
66 9 338
66 11 617
66 12 117
66 14 568
66 15 533
66 16 957
66 18 614
66 19 147
66 20 197
66 21 312
66 22 696
66 23 748
66 24 363
66 25 29
66 29 643
66 30 184
66 32 942
66 33 14
66 34 913
66 38 5
66 40 520
66 42 224
66 44 557
66 48 554
66 49 155
66 51 977
66 52 572
66 53 681
66 54 651
66 59 883
66 61 685
66 62 54
66 63 77
66 64 250
66 65 861
67 6 355
67 7 208
67 9 297
67 14 800
67 15 663
67 16 822
67 20 690
67 22 328
67 26 186
67 27 481
67 30 522
67 32 813
67 38 229
67 39 883
67 40 98
67 41 287
67 43 489
67 44 552
67 48 919
67 51 494
67 52 728
67 53 320
67 55 839
67 56 961
67 57 980
67 58 390
67 60 920
67 65 987
67 66 521
68 1 554
68 5 609
68 6 763
68 7 924
68 8 686
68 9 771
68 10 951
68 12 96
68 14 199
68 15 694
68 18 373
68 19 362
68 20 984
68 21 607
68 26 651
68 29 673
68 30 932
68 31 245
68 33 911
68 34 82
68 35 876
68 42 305
68 43 686
68 48 630
68 49 705
68 51 346
68 55 852
68 57 179
68 65 872
68 66 815
68 67 754
69 2 829
69 5 109
69 6 575
69 8 568
69 9 673
69 10 65
69 11 614
69 12 829
69 15 333
69 20 807
69 21 31
69 22 847
69 23 785
69 28 637
69 30 264
69 31 698
69 32 800
69 33 26
69 35 276
69 36 232
69 37 883
69 38 402
69 39 193
69 40 802
69 44 796
69 49 145
69 52 725
69 53 632
69 54 583
69 57 567
69 62 494
69 64 566
69 66 670
69 67 179
70 1 482
70 3 559
70 4 649
70 5 236
70 8 778
70 9 179
70 13 105
70 15 516
70 16 144
70 18 741
70 19 726
70 23 878
70 24 411
70 26 384
70 28 160
70 31 991
70 32 224
70 36 886
70 38 337
70 40 244
70 41 774
70 42 90
70 45 313
70 46 811
70 50 408
70 51 496
70 53 660
70 54 837
70 56 405
70 58 471
70 60 932
70 64 1000
70 65 601
70 67 290
71 1 599
71 2 281
71 3 839
71 4 557
71 5 779
71 6 48
71 8 740
71 9 488
71 10 559
71 12 732
71 13 702
71 14 804
71 16 749
71 22 680
71 24 389
71 30 544
71 31 413
71 34 454
71 36 925
71 37 893
71 38 871
71 39 477
71 40 198
71 41 204
71 42 117
71 44 412
71 46 976
71 47 697
71 48 607
71 52 582
71 53 931
71 54 61
71 56 188
71 58 269
71 59 825
71 64 409
71 67 871
71 68 289
71 70 657
72 1 238
72 2 618
72 3 449
72 4 648
72 5 432
72 9 283
72 13 543
72 14 318
72 20 106
72 21 81
72 22 294
72 24 579
72 27 4
72 28 385
72 29 143
72 30 566
72 32 964
72 34 402
72 35 82
72 36 498
72 37 914
72 38 827
72 40 19
72 42 878
72 43 554
72 44 846
72 46 495
72 47 534
72 51 847
72 55 554
72 57 670
72 58 200
72 62 264
72 63 487
72 65 112
72 66 853
72 68 911
72 70 711
72 71 263
73 5 706
73 6 650
73 12 608
73 14 514
73 28 52
73 30 151
73 31 164
73 32 491
73 34 351
73 37 545
73 38 706
73 40 162
73 45 743
73 46 651
73 51 568
73 61 418
73 62 46
73 64 589
73 65 422
73 67 370
73 69 659
74 2 708
74 5 662
74 6 938
74 7 335
74 8 560
74 9 33
74 10 562
74 11 151
74 12 616
74 13 660
74 17 739
74 19 714
74 20 868
74 21 687
74 22 152
74 25 949
74 29 426
74 30 155
74 31 876
74 32 590
74 33 698
74 34 414
74 38 155
74 39 455
74 40 954
74 43 220
74 48 277
74 51 267
74 52 816
74 53 977
74 54 111
74 55 971
74 56 322
74 57 815
74 58 791
74 60 71
74 61 482
74 62 16
74 64 385
74 65 830
74 67 933
74 68 692
74 69 106
74 70 423
74 73 307
75 2 926
75 5 323
75 6 984
75 7 910
75 8 257
75 10 291
75 12 158
75 14 679
75 15 815
75 17 181
75 18 453
75 19 791
75 20 613
75 21 507
75 24 21
75 27 428
75 28 934
75 29 830
75 32 308
75 33 627
75 35 593
75 36 292
75 40 20
75 42 669
75 43 30
75 46 303
75 48 824
75 49 46
75 58 95
75 68 624
75 69 890
75 70 207
75 71 628
75 72 575
75 74 95
76 3 321
76 4 590
76 6 356
76 7 702
76 9 693
76 14 271
76 17 416
76 18 858
76 19 827
76 20 556
76 22 796
76 23 51
76 24 716
76 25 548
76 26 675
76 27 113
76 28 368
76 29 666
76 30 742
76 31 196
76 37 843
76 39 258
76 43 323
76 44 238
76 45 237
76 46 686
76 48 168
76 52 222
76 55 493
76 57 851
76 58 433
76 59 25
76 61 829
76 64 785
76 67 151
76 69 361
76 71 103
76 73 807
76 74 974
77 2 450
77 4 898
77 5 202
77 6 146
77 7 908
77 9 711
77 11 566
77 12 190
77 13 172
77 14 242
77 17 258
77 20 110
77 21 876
77 23 992
77 27 873
77 29 758
77 30 368
77 32 486
77 34 340
77 36 380
77 37 711
77 39 987
77 40 888
77 43 222
77 45 356
77 47 894
77 49 601
77 50 173
77 51 229
77 54 807
77 55 849
77 56 239
77 57 772
77 59 113
77 65 648
77 66 855
77 72 610
77 73 533
77 76 494
78 1 164
78 2 971
78 4 760
78 7 25
78 8 810
78 9 602
78 10 338
78 11 647
78 12 69
78 13 239
78 15 878
78 16 738
78 22 968
78 28 346
78 31 954
78 32 511
78 34 674
78 35 427
78 38 724
78 39 796
78 41 795
78 43 788
78 44 46
78 45 18
78 47 380
78 48 316
78 49 897
78 50 199
78 55 521
78 57 979
78 58 527
78 59 797
78 60 235
78 61 953
78 62 707
78 63 480
78 66 788
78 71 657
78 72 487
78 76 102
78 77 257
79 5 954
79 6 563
79 11 94
79 15 15
79 19 114
79 23 115
79 24 254
79 25 473
79 27 453
79 32 466
79 33 869
79 40 543
79 41 790
79 43 588
79 46 694
79 48 423
79 50 955
79 52 542
79 54 320
79 57 324
79 58 78
79 60 583
79 62 307
79 66 428
79 67 428
79 71 692
79 72 480
79 76 822
79 78 245
80 2 17
80 3 994
80 4 371
80 5 999
80 8 947
80 12 766
80 13 239
80 14 188
80 15 916
80 16 855
80 20 552
80 23 911
80 29 699
80 32 746
80 33 285
80 34 782
80 37 652
80 39 549
80 40 284
80 42 206
80 43 179
80 47 411
80 49 294
80 51 432
80 54 209
80 55 681
80 56 796
80 58 259
80 60 407
80 62 43
80 63 996
80 64 18
80 65 777
80 67 509
80 68 447
80 69 41
80 71 96
80 73 286
80 75 877
80 77 128
81 1 147
81 8 888
81 10 858
81 12 148
81 13 463
81 14 565
81 15 672
81 20 823
81 22 708
81 23 751
81 27 683
81 29 584
81 30 826
81 35 474
81 37 707
81 42 530
81 44 354
81 45 245
81 48 387
81 51 379
81 54 492
81 57 991
81 58 988
81 59 31
81 60 984
81 66 643
81 67 93
81 69 272
81 71 293
81 72 295
81 73 677
81 79 287
82 4 972
82 6 762
82 8 25
82 14 21
82 17 174
82 18 29
82 26 73
82 30 918
82 33 56
82 35 592
82 36 406
82 37 896
82 38 522
82 41 345
82 44 69
82 46 387
82 50 637
82 52 207
82 54 574
82 55 798
82 58 386
82 61 720
82 63 797
82 64 108
82 66 337
82 68 693
82 69 801
82 71 286
82 72 303
82 73 417
82 75 418
82 76 852
82 77 346
82 78 908
83 2 417
83 4 678
83 6 62
83 7 978
83 10 128
83 12 784
83 14 523
83 15 38
83 16 907
83 17 552
83 22 186
83 23 102
83 24 676
83 25 674
83 26 329
83 27 949
83 28 193
83 30 572
83 31 663
83 32 457
83 34 979
83 37 275
83 42 561
83 43 169
83 49 397
83 50 670
83 56 859
83 57 195
83 58 991
83 59 13
83 60 866
83 66 346
83 68 765
83 69 56
83 70 197
83 73 533
83 76 698
83 78 732
83 80 718
83 81 39
84 1 31
84 2 382
84 4 511
84 6 954
84 8 500
84 10 878
84 11 71
84 13 608
84 14 427
84 19 78
84 21 324
84 22 473
84 23 803
84 25 728
84 27 745
84 28 566
84 31 369
84 34 524
84 35 592
84 37 672
84 38 379
84 41 402
84 42 96
84 44 725
84 45 915
84 47 253
84 48 796
84 52 159
84 54 158
84 55 679
84 59 8
84 61 809
84 62 857
84 64 173
84 65 577
84 66 859
84 69 514
84 71 185
84 72 44
84 74 506
84 78 239
84 79 265
84 80 406
84 82 967
84 83 417
85 2 476
85 3 531
85 4 526
85 5 687
85 6 989
85 8 144
85 9 424
85 11 637
85 13 418
85 14 902
85 15 952
85 17 403
85 19 907
85 21 315
85 22 530
85 24 755
85 27 545
85 29 803
85 33 680
85 34 741
85 37 852
85 39 759
85 42 865
85 43 507
85 46 262
85 47 227
85 48 693
85 49 952
85 51 570
85 55 35
85 57 686
85 60 82
85 61 229
85 63 186
85 64 79
85 67 967
85 68 644
85 69 441
85 73 480
85 76 866
85 77 170
85 79 430
85 80 583
85 83 298
85 84 835
86 1 953
86 2 901
86 6 824
86 10 464
86 11 798
86 12 309
86 13 338
86 15 454
86 16 676
86 17 60
86 18 75
86 20 173
86 21 744
86 22 254
86 23 766
86 25 979
86 26 989
86 28 132
86 30 215
86 32 348
86 33 174
86 34 108
86 36 224
86 37 463
86 38 154
86 39 994
86 45 929
86 46 539
86 47 688
86 48 790
86 50 300
86 51 912
86 53 792
86 56 757
86 57 7
86 59 828
86 61 612
86 63 230
86 68 548
86 69 916
86 73 407
86 74 398
86 76 364
86 78 436
86 79 995
86 81 483
86 83 156
87 1 604
87 4 173
87 5 168
87 7 611
87 8 295
87 9 965
87 10 575
87 11 435
87 13 131
87 14 163
87 16 415
87 17 66
87 20 243
87 21 919
87 28 16
87 29 919
87 30 43
87 35 867
87 37 697
87 38 719
87 39 404
87 42 901
87 43 613
87 45 816
87 50 596
87 51 622
87 54 219
87 62 169
87 70 408
87 71 371
87 73 262
87 74 20
87 75 49
87 77 460
87 80 204
87 82 306
87 83 252
87 85 276
87 86 564
88 1 110
88 3 744
88 4 319
88 5 412
88 7 566
88 10 681
88 11 425
88 12 810
88 13 873
88 14 802
88 18 997
88 19 266
88 20 41
88 21 569
88 22 91
88 23 86
88 25 430
88 28 207
88 29 823
88 32 140
88 33 748
88 34 829
88 36 315
88 37 60
88 41 954
88 43 791
88 44 266
88 47 751
88 51 277
88 52 972
88 53 300
88 54 641
88 57 352
88 63 993
88 68 742
88 69 186
88 74 151
88 75 313
88 77 262
88 80 254
88 82 356
88 84 380
88 85 195
88 86 991
88 87 79
89 1 174
89 4 522
89 5 558
89 9 386
89 10 148
89 12 758
89 15 435
89 17 421
89 18 661
89 20 627
89 23 920
89 24 447
89 27 949
89 28 293
89 31 673
89 34 147
89 36 144
89 37 942
89 41 872
89 42 30
89 45 528
89 47 285
89 50 134
89 56 721
89 58 23
89 59 579
89 61 484
89 63 363
89 65 833
89 67 103
89 71 195
89 73 576
89 74 654
89 75 173
89 77 900
89 78 823
89 83 78
89 85 947
90 1 367
90 2 84
90 4 521
90 7 626
90 8 997
90 11 257
90 12 19
90 13 603
90 14 11
90 15 695
90 17 99
90 20 530
90 24 102
90 26 385
90 30 745
90 36 325
90 38 807
90 39 179
90 44 622
90 47 821
90 48 511
90 49 648
90 52 861
90 55 348
90 56 524
90 57 29
90 58 548
90 61 286
90 64 841
90 67 849
90 68 869
90 69 99
90 70 456
90 72 20
90 76 948
90 77 64
90 79 548
90 80 843
90 82 972
90 83 992
90 85 436
90 86 69
90 88 93
90 89 995
91 4 626
91 8 147
91 9 850
91 13 38
91 14 809
91 17 362
91 19 870
91 20 553
91 22 549
91 24 811
91 25 223
91 31 336
91 32 242
91 37 764
91 38 963
91 41 635
91 42 529
91 43 415
91 44 433
91 45 799
91 46 390
91 49 629
91 50 705
91 51 698
91 52 270
91 53 28
91 54 172
91 55 60
91 59 871
91 63 677
91 65 975
91 66 288
91 69 543
91 71 708
91 72 950
91 74 892
91 75 148
91 77 450
91 81 638
91 82 364
91 83 292
91 86 533
91 89 855
91 90 435
92 4 26
92 5 565
92 6 423
92 7 540
92 9 653
92 10 177
92 13 662
92 16 1
92 19 651
92 20 31
92 22 355
92 23 743
92 24 460
92 25 491
92 26 472
92 29 670
92 33 949
92 34 1
92 36 597
92 37 302
92 39 165
92 41 444
92 42 952
92 45 853
92 48 434
92 49 462
92 52 750
92 53 139
92 59 999
92 61 469
92 62 948
92 63 919
92 64 926
92 65 250
92 68 730
92 69 38
92 70 858
92 71 738
92 73 749
92 75 67
92 77 993
92 78 410
92 80 817
92 81 11
92 84 73
92 86 392
92 88 584
92 90 181
93 2 723
93 4 717
93 9 529
93 15 389
93 17 201
93 19 163
93 21 925
93 23 45
93 26 518
93 30 795
93 31 163
93 35 857
93 36 437
93 38 510
93 41 125
93 44 957
93 45 583
93 48 980
93 49 958
93 50 13
93 51 124
93 52 530
93 54 897
93 59 90
93 60 368
93 61 38
93 62 18
93 64 382
93 66 765
93 67 83
93 68 498
93 69 105
93 71 869
93 72 97
93 74 405
93 78 260
93 81 995
93 85 303
93 87 869
93 89 874
93 91 415
93 92 821
94 2 992
94 3 321
94 5 946
94 6 678
94 7 278
94 9 926
94 11 419
94 12 307
94 14 275
94 15 250
94 20 482
94 22 381
94 23 680
94 25 25
94 26 782
94 27 866
94 28 312
94 29 843
94 32 435
94 33 863
94 34 131
94 35 946
94 36 27
94 37 787
94 40 844
94 41 56
94 45 338
94 46 140
94 48 883
94 49 497
94 51 694
94 57 469
94 59 167
94 66 523
94 70 820
94 71 662
94 73 152
94 75 48
94 76 122
94 77 203
94 78 677
94 79 386
94 81 888
94 86 640
94 88 887
94 89 396
95 2 411
95 5 300
95 7 363
95 13 42
95 16 101
95 17 526
95 18 223
95 20 946
95 22 401
95 23 185
95 26 247
95 27 454
95 28 66
95 29 9
95 30 191
95 32 965
95 33 711
95 37 414
95 39 76
95 41 227
95 42 745
95 43 367
95 45 260
95 48 396
95 53 684
95 54 305
95 55 347
95 56 234
95 57 919
95 58 206
95 59 194
95 61 301
95 62 773
95 63 45
95 64 145
95 67 503
95 72 621
95 73 909
95 75 156
95 80 114
95 82 634
95 87 661
95 88 657
95 93 250
95 94 214
96 1 973
96 2 904
96 3 809
96 5 192
96 7 165
96 8 716
96 10 286
96 11 379
96 13 165
96 18 88
96 20 267
96 22 348
96 23 169
96 28 849
96 38 372
96 39 995
96 41 255
96 44 814
96 47 181
96 49 425
96 50 424
96 53 943
96 54 704
96 57 203
96 60 758
96 61 529
96 62 543
96 64 246
96 67 593
96 69 635
96 70 167
96 74 414
96 75 505
96 77 135
96 79 970
96 82 115
96 83 201
96 84 802
96 87 545
96 88 874
96 89 164
96 90 86
96 91 468
96 93 423
96 95 646
97 1 891
97 3 64
97 4 128
97 9 377
97 13 734
97 16 640
97 17 65
97 18 716
97 19 332
97 20 712
97 21 380
97 23 771
97 24 399
97 26 184
97 27 367
97 28 876
97 29 244
97 31 312
97 34 623
97 42 915
97 43 15
97 46 457
97 49 408
97 53 556
97 55 815
97 57 509
97 60 760
97 63 492
97 64 134
97 66 497
97 67 168
97 68 536
97 69 862
97 73 746
97 74 207
97 78 171
97 80 488
97 82 456
97 83 976
97 85 718
97 86 106
97 88 284
97 89 42
97 92 888
97 93 215
97 94 298
98 1 281
98 2 783
98 10 580
98 12 767
98 14 876
98 15 776
98 17 858
98 18 677
98 22 51
98 25 315
98 26 333
98 28 754
98 31 415
98 34 261
98 35 660
98 37 846
98 39 661
98 43 99
98 44 380
98 46 492
98 47 734
98 48 253
98 54 764
98 55 815
98 56 715
98 57 772
98 64 722
98 66 563
98 68 364
98 72 236
98 73 391
98 75 885
98 76 10
98 77 686
98 78 328
98 80 238
98 82 797
98 84 373
98 85 144
98 86 958
98 87 454
98 88 653
98 89 683
98 92 104
98 96 55
98 97 936
99 1 354
99 3 565
99 10 558
99 11 292
99 18 285
99 20 404
99 25 904
99 27 900
99 29 559
99 32 129
99 34 243
99 35 512
99 36 680
99 37 598
99 40 220
99 44 835
99 45 604
99 46 498
99 47 128
99 52 542
99 53 555
99 57 723
99 62 845
99 64 344
99 65 254
99 66 681
99 67 374
99 68 730
99 69 62
99 71 901
99 72 202
99 75 410
99 77 503
99 78 250
99 81 863
99 83 101
99 89 988
99 91 88
99 92 617
99 94 108
99 95 900
99 96 406
99 98 141
100 1 629
100 2 205
100 12 652
100 19 748
100 20 754
100 21 485
100 22 762
100 23 885
100 24 615
100 25 87
100 28 218
100 29 536
100 33 114
100 34 699
100 35 569
100 42 957
100 44 940
100 47 911
100 52 479
100 53 130
100 58 539
100 59 62
100 60 55
100 61 720
100 64 718
100 65 486
100 66 240
100 69 117
100 70 773
100 72 33
100 73 742
100 77 34
100 79 967
100 80 538
100 81 981
100 82 126
100 85 500
100 87 408
100 88 207
100 89 578
100 92 342
100 94 589
100 99 752
101 2 937
101 4 483
101 9 154
101 13 92
101 14 324
101 16 922
101 17 586
101 19 160
101 20 358
101 21 413
101 24 177
101 25 60
101 26 500
101 27 221
101 31 753
101 32 389
101 33 933
101 35 859
101 37 43
101 38 936
101 41 356
101 42 701
101 45 615
101 48 982
101 49 975
101 50 438
101 51 851
101 53 279
101 56 449
101 59 746
101 61 458
101 62 906
101 63 509
101 65 985
101 68 66
101 70 689
101 74 943
101 77 318
101 78 138
101 79 214
101 81 120
101 82 272
101 83 132
101 84 48
101 85 383
101 87 57
101 88 530
101 93 785
101 95 475
101 97 300
101 99 458
101 100 312
102 1 175
102 2 713
102 5 772
102 6 220
102 11 294
102 12 358
102 13 991
102 14 15
102 15 911
102 16 830
102 19 761
102 21 811
102 22 204
102 26 264
102 30 346
102 32 104
102 35 197
102 36 641
102 37 716
102 41 684
102 43 339
102 47 87
102 49 252
102 51 379
102 53 233
102 57 765
102 58 679
102 60 523
102 64 495
102 65 762
102 68 783
102 71 424
102 73 781
102 75 793
102 76 381
102 77 356
102 78 537
102 83 170
102 84 713
102 85 254
102 86 684
102 87 115
102 88 60
102 90 240
102 91 198
102 94 760
102 101 7
103 3 267
103 5 498
103 7 161
103 8 902
103 11 300
103 13 176
103 16 597
103 20 135
103 26 548
103 27 300
103 28 301
103 31 875
103 32 465
103 33 200
103 34 47
103 36 712
103 38 897
103 40 365
103 42 588
103 43 1
103 44 394
103 46 291
103 49 155
103 52 632
103 54 886
103 57 825
103 60 570
103 62 237
103 63 752
103 64 920
103 66 510
103 67 518
103 69 130
103 71 820
103 72 563
103 80 274
103 85 599
103 86 147
103 88 512
103 92 755
103 95 423
103 96 281
103 97 170
103 99 335
103 100 674
104 1 476
104 5 992
104 9 806
104 10 920
104 13 381
104 14 558
104 16 943
104 18 380
104 23 845
104 24 560
104 31 485
104 33 825
104 35 453
104 36 752
104 37 803
104 42 478
104 46 369
104 47 349
104 48 853
104 50 568
104 52 810
104 53 908
104 55 56
104 58 122
104 60 526
104 61 379
104 63 842
104 64 791
104 65 922
104 67 564
104 69 22
104 72 140
104 73 717
104 76 759
104 78 898
104 79 9
104 81 531
104 82 135
104 84 483
104 86 316
104 88 843
104 95 26
104 101 773
104 102 924
105 1 731
105 4 647
105 6 367
105 7 181
105 9 945
105 10 2
105 13 512
105 16 401
105 20 457
105 23 394
105 27 339
105 28 161
105 31 350
105 32 744
105 33 581
105 34 214
105 35 385
105 36 418
105 37 393
105 38 768
105 43 766
105 45 113
105 47 807
105 48 85
105 49 440
105 50 626
105 51 740
105 53 989
105 54 814
105 55 710
105 57 783
105 58 845
105 62 587
105 64 117
105 68 60
105 74 826
105 77 214
105 79 642
105 80 469
105 81 810
105 83 405
105 84 678
105 85 747
105 92 249
105 93 568
105 94 332
105 95 307
105 97 317
105 100 139
105 102 428
105 103 656
105 104 7
106 2 773
106 6 671
106 11 506
106 12 574
106 13 164
106 17 27
106 19 660
106 20 942
106 22 87
106 23 15
106 26 659
106 27 286
106 28 353
106 30 737
106 33 423
106 36 110
106 37 377
106 38 241
106 40 379
106 41 368
106 42 9
106 43 445
106 44 129
106 46 480
106 47 300
106 48 944
106 51 49
106 53 325
106 60 636
106 63 896
106 66 820
106 68 796
106 69 851
106 70 819
106 71 416
106 73 952
106 77 562
106 78 873
106 79 778
106 80 443
106 83 713
106 84 219
106 85 962
106 86 166
106 87 354
106 88 965
106 89 43
106 90 867
106 91 838
106 92 364
106 93 186
106 96 384
106 97 387
106 103 529
106 104 784
107 1 396
107 3 326
107 4 812
107 9 539
107 12 180
107 14 217
107 16 439
107 18 912
107 20 882
107 23 347
107 25 389
107 26 607
107 28 359
107 31 936
107 32 922
107 33 624
107 34 949
107 35 327
107 36 406
107 38 928
107 40 563
107 41 402
107 43 397
107 44 452
107 46 876
107 52 414
107 53 200
107 54 510
107 55 487
107 57 967
107 60 947
107 61 197
107 62 425
107 63 530
107 66 287
107 69 683
107 71 282
107 72 837
107 73 42
107 76 973
107 77 242
107 78 524
107 79 949
107 80 19
107 86 980
107 89 971
107 90 30
107 94 604
107 95 946
107 96 804
107 102 697
107 103 575
107 104 799
107 106 14
108 2 432
108 3 497
108 5 980
108 6 742
108 11 708
108 13 919
108 14 165
108 16 546
108 17 18
108 18 173
108 20 333
108 22 495
108 24 849
108 28 911
108 30 582
108 33 653
108 37 345
108 39 931
108 40 579
108 41 564
108 43 456
108 45 535
108 46 395
108 49 642
108 50 936
108 51 554
108 52 484
108 54 877
108 55 767
108 56 59
108 57 208
108 58 737
108 60 877
108 61 22
108 62 182
108 63 806
108 65 727
108 66 260
108 68 226
108 69 424
108 70 225
108 71 629
108 72 352
108 73 452
108 74 632
108 75 156
108 77 734
108 79 513
108 81 745
108 82 818
108 83 960
108 85 601
108 86 774
108 87 277
108 88 100
108 89 746
108 90 768
108 92 497
108 94 895
108 95 522
108 98 771
108 99 520
108 102 883
108 104 387
108 105 562
108 106 115
109 2 348
109 3 701
109 5 751
109 8 247
109 14 180
109 15 828
109 16 618
109 17 237
109 21 842
109 22 209
109 23 179
109 24 71
109 27 540
109 30 587
109 34 203
109 38 215
109 39 154
109 41 322
109 42 169
109 49 483
109 52 102
109 54 523
109 56 210
109 58 516
109 63 888
109 70 535
109 72 457
109 73 14
109 74 26
109 76 865
109 77 564
109 79 823
109 80 548
109 81 443
109 82 294
109 83 546
109 85 831
109 87 230
109 88 256
109 89 99
109 94 627
109 95 164
109 97 27
109 98 487
109 99 860
109 100 163
109 103 324
109 104 242
109 107 934
109 108 143
110 1 847
110 2 774
110 3 170
110 7 224
110 8 15
110 9 311
110 10 826
110 11 501
110 12 895
110 15 502
110 16 31
110 17 153
110 19 205
110 24 566
110 26 151
110 27 495
110 29 802
110 30 242
110 31 597
110 32 758
110 33 593
110 34 550
110 35 154
110 36 727
110 38 32
110 39 473
110 40 198
110 41 145
110 43 112
110 44 239
110 45 815
110 46 551
110 52 922
110 53 680
110 55 642
110 57 926
110 59 682
110 60 631
110 61 534
110 63 335
110 66 214
110 67 190
110 68 362
110 70 898
110 71 276
110 74 614
110 75 793
110 76 939
110 77 52
110 78 628
110 80 268
110 83 131
110 84 251
110 86 385
110 89 310
110 92 737
110 93 303
110 94 983
110 98 326
110 99 695
110 102 422
110 103 692
110 104 476
110 105 404
110 107 974
110 108 55
111 2 978
111 3 699
111 4 646
111 7 916
111 8 781
111 11 470
111 14 367
111 18 183
111 21 237
111 22 360
111 24 652
111 25 149
111 29 711
111 30 898
111 31 40
111 33 171
111 34 57
111 37 168
111 43 604
111 44 370
111 46 511
111 47 797
111 49 932
111 50 370
111 51 773
111 53 154
111 54 540
111 60 595
111 61 950
111 63 361
111 64 607
111 65 877
111 66 994
111 68 901
111 69 387
111 70 196
111 71 389
111 73 218
111 74 292
111 76 407
111 77 870
111 79 450
111 80 201
111 81 683
111 83 508
111 84 209
111 86 908
111 87 320
111 90 271
111 91 460
111 92 853
111 94 487
111 96 243
111 97 749
111 99 704
111 100 726
111 102 747
111 104 8
111 105 965
111 106 783
111 107 712
111 108 83
111 109 959
112 2 418
112 4 681
112 10 666
112 15 434
112 19 723
112 20 340
112 23 488
112 25 770
112 27 578
112 28 291
112 29 261
112 31 992
112 33 650
112 34 284
112 35 233
112 36 285
112 37 426
112 38 391
112 39 174
112 40 113
112 44 488
112 45 508
112 46 704
112 47 841
112 50 285
112 54 695
112 55 67
112 59 189
112 60 613
112 64 721
112 65 94
112 66 635
112 67 443
112 68 58
112 71 140
112 72 84
112 73 384
112 75 356
112 78 587
112 82 509
112 84 187
112 85 294
112 86 941
112 87 933
112 91 967
112 93 334
112 96 164
112 97 290
112 98 299
112 101 478
112 103 959
112 104 785
112 105 887
112 106 521
112 107 457
113 1 436
113 2 978
113 3 965
113 4 648
113 7 68
113 10 34
113 11 345
113 12 118
113 13 255
113 16 109
113 17 406
113 19 61
113 21 591
113 22 417
113 27 436
113 29 325
113 32 89
113 35 588
113 37 177
113 42 681
113 49 371
113 50 245
113 51 588
113 53 745
113 54 659
113 55 870
113 57 185
113 58 721
113 60 822
113 64 57
113 67 160
113 69 950
113 70 987
113 72 93
113 74 375
113 75 146
113 82 363
113 83 108
113 88 582
113 89 674
113 91 250
113 93 386
113 94 100
113 95 449
113 97 69
113 99 793
113 102 173
113 104 318
113 105 149
113 106 855
113 107 222
113 110 262
113 112 57
114 1 834
114 3 879
114 5 643
114 6 100
114 9 349
114 11 289
114 12 956
114 13 906
114 14 649
114 15 712
114 16 504
114 17 296
114 18 798
114 19 747
114 20 570
114 24 706
114 30 11
114 31 564
114 32 754
114 36 717
114 38 106
114 40 219
114 43 294
114 45 947
114 46 765
114 48 823
114 49 619
114 50 761
114 51 39
114 55 160
114 57 814
114 58 503
114 61 323
114 62 296
114 64 667
114 67 14
114 69 888
114 72 532
114 74 565
114 75 712
114 76 368
114 77 237
114 78 744
114 80 127
114 81 391
114 82 360
114 90 543
114 91 122
114 96 775
114 97 784
114 98 107
114 100 513
114 101 874
114 102 865
114 103 377
114 104 97
114 105 872
114 106 816
114 109 205
114 110 693
114 111 712
115 4 104
115 6 925
115 8 656
115 9 984
115 13 42
115 17 803
115 20 734
115 21 346
115 22 840
115 23 180
115 25 615
115 27 714
115 28 13
115 32 753
115 33 308
115 35 590
115 37 595
115 40 25
115 41 576
115 42 254
115 46 105
115 47 661
115 48 277
115 51 759
115 54 639
115 55 85
115 57 148
115 58 477
115 64 173
115 65 612
115 66 913
115 67 890
115 68 792
115 69 306
115 70 274
115 71 758
115 72 920
115 75 848
115 77 395
115 78 990
115 80 827
115 81 242
115 82 287
115 83 67
115 86 603
115 88 403
115 89 935
115 90 124
115 93 604
115 94 975
115 95 772
115 96 230
115 98 880
115 100 954
115 102 723
115 104 2
115 106 943
115 108 242
115 109 240
115 110 232
115 112 369
116 2 693
116 3 683
116 6 973
116 8 33
116 9 128
116 12 545
116 15 9
116 18 522
116 19 754
116 20 104
116 23 927
116 26 758
116 28 70
116 30 446
116 32 398
116 34 423
116 40 752
116 41 278
116 44 332
116 46 295
116 48 896
116 49 273
116 50 637
116 51 812
116 55 241
116 57 636
116 59 908
116 60 88
116 63 804
116 66 62
116 68 799
116 69 650
116 70 156
116 71 190
116 73 60
116 74 331
116 77 513
116 79 82
116 80 600
116 82 739
116 85 490
116 87 609
116 88 855
116 89 321
116 92 308
116 95 492
116 98 574
116 102 755
116 103 308
116 105 471
116 107 562
116 108 757
116 110 274
116 111 818
116 113 319
117 2 722
117 3 449
117 5 100
117 6 765
117 9 148
117 13 830
117 16 682
117 17 468
117 19 178
117 20 322
117 21 642
117 24 707
117 25 381
117 26 919
117 28 447
117 30 553
117 33 747
117 35 586
117 40 553
117 44 115
117 46 945
117 47 646
117 54 979
117 56 641
117 57 314
117 59 237
117 60 434
117 61 629
117 65 148
117 67 409
117 72 515
117 73 595
117 74 383
117 75 895
117 77 91
117 78 156
117 79 458
117 80 799
117 81 745
117 82 113
117 84 390
117 85 582
117 86 590
117 89 997
117 91 384
117 94 326
117 96 842
117 98 338
117 100 648
117 102 904
117 103 408
117 107 805
117 108 712
117 109 274
117 113 236
117 114 723
117 115 454
118 5 786
118 6 248
118 7 462
118 8 878
118 10 599
118 11 329
118 12 917
118 13 531
118 14 902
118 15 92
118 16 456
118 18 929
118 22 836
118 23 961
118 24 665
118 26 236
118 29 782
118 33 833
118 35 624
118 36 364
118 37 776
118 40 225
118 41 899
118 43 597
118 44 61
118 46 651
118 47 233
118 48 213
118 49 925
118 51 829
118 52 954
118 53 532
118 55 787
118 56 533
118 57 582
118 58 286
118 61 201
118 62 916
118 63 99
118 64 937
118 65 154
118 67 421
118 69 654
118 75 764
118 77 433
118 78 111
118 79 586
118 80 85
118 83 650
118 84 38
118 85 436
118 88 5
118 89 316
118 90 738
118 91 717
118 92 965
118 94 560
118 95 352
118 96 54
118 97 537
118 101 997
118 102 701
118 103 740
118 106 548
118 108 619
118 109 228
118 113 977
118 114 977
118 117 925
119 1 176
119 7 787
119 10 281
119 13 539
119 18 463
119 19 389
119 21 504
119 25 658
119 26 795
119 27 664
119 29 850
119 31 981
119 32 799
119 33 382
119 35 634
119 36 684
119 38 353
119 40 689
119 42 939
119 43 270
119 44 209
119 48 344
119 53 154
119 54 926
119 61 920
119 63 853
119 64 713
119 65 835
119 66 580
119 71 854
119 73 273
119 74 397
119 75 278
119 77 189
119 81 255
119 82 13
119 85 868
119 88 103
119 90 920
119 94 777
119 96 740
119 97 798
119 98 865
119 100 388
119 101 103
119 103 986
119 104 310
119 107 239
119 108 339
119 109 113
119 110 657
119 111 300
119 113 322
119 114 37
119 115 993
119 116 231
120 1 767
120 2 350
120 3 832
120 6 819
120 7 267
120 8 686
120 14 38
120 15 746
120 20 248
120 22 63
120 23 366
120 26 464
120 28 204
120 31 252
120 32 438
120 33 491
120 34 896
120 36 860
120 38 426
120 39 713
120 41 153
120 44 403
120 45 493
120 47 583
120 48 106
120 55 965
120 56 729
120 57 182
120 58 515
120 60 492
120 61 53
120 62 503
120 63 119
120 64 454
120 65 387
120 70 71
120 71 684
120 72 499
120 74 96
120 76 438
120 77 262
120 79 688
120 80 991
120 81 796
120 85 452
120 88 864
120 90 89
120 92 167
120 93 391
120 97 704
120 98 47
120 100 984
120 102 392
120 103 221
120 104 933
120 111 839
120 114 183
120 116 902
120 117 802
120 118 670
120 119 527
121 1 871
121 6 912
121 9 46
121 10 574
121 12 743
121 14 488
121 15 967
121 16 207
121 17 913
121 18 925
121 23 11
121 24 659
121 26 932
121 27 15
121 28 418
121 29 645
121 31 293
121 33 450
121 39 656
121 40 173
121 42 91
121 43 607
121 44 580
121 46 762
121 47 271
121 49 611
121 50 579
121 51 845
121 54 239
121 56 136
121 57 606
121 59 678
121 61 772
121 65 564
121 67 115
121 68 609
121 73 37
121 74 417
121 78 376
121 80 249
121 81 313
121 82 84
121 83 426
121 87 666
121 88 891
121 89 631
121 91 933
121 92 214
121 96 34
121 97 309
121 99 324
121 101 290
121 103 56
121 104 75
121 106 966
121 108 701
121 110 16
121 113 364
121 114 929
121 115 944
121 118 956
121 119 904
121 120 428
122 2 24
122 3 244
122 4 104
122 5 667
122 6 138
122 7 579
122 8 540
122 9 65
122 11 695
122 13 588
122 17 984
122 19 68
122 21 974
122 22 224
122 23 276
122 25 199
122 26 470
122 27 716
122 28 18
122 32 826
122 33 614
122 34 514
122 35 197
122 36 875
122 37 141
122 38 536
122 42 660
122 45 511
122 48 346
122 52 712
122 53 61
122 54 271
122 55 164
122 56 667
122 59 808
122 60 299
122 61 431
122 62 424
122 64 490
122 66 580
122 67 98
122 69 561
122 71 863
122 72 606
122 73 645
122 75 772
122 77 98
122 79 340
122 82 376
122 83 159
122 85 700
122 87 236
122 88 836
122 90 743
122 92 943
122 93 380
122 94 476
122 97 499
122 100 834
122 101 36
122 102 101
122 103 521
122 104 235
122 107 353
122 108 999
122 109 639
122 111 861
122 115 539
122 119 321
122 120 939
122 121 9
123 2 584
123 3 928
123 7 952
123 8 9
123 10 151
123 11 181
123 12 937
123 13 697
123 17 698
123 19 436
123 20 488
123 21 582
123 25 794
123 28 47
123 30 262
123 31 796
123 32 683
123 33 822
123 34 371
123 35 634
123 38 411
123 40 545
123 41 245
123 44 505
123 45 809
123 48 662
123 49 187
123 50 796
123 51 513
123 54 52
123 55 263
123 57 148
123 59 880
123 60 723
123 61 128
123 63 930
123 68 971
123 70 256
123 73 935
123 74 821
123 75 586
123 79 986
123 87 206
123 88 286
123 94 567
123 95 11
123 96 43
123 100 528
123 103 94
123 104 198
123 105 277
123 107 712
123 108 869
123 110 840
123 113 232
123 114 325
123 115 805
123 116 160
123 117 4
123 118 757
123 119 845
123 120 174
124 1 954
124 3 171
124 8 901
124 10 580
124 11 556
124 13 923
124 16 132
124 18 682
124 23 676
124 24 499
124 25 403
124 26 566
124 27 114
124 32 267
124 37 766
124 39 182
124 40 349
124 42 484
124 48 21
124 49 451
124 56 612
124 57 658
124 60 200
124 64 552
124 65 544
124 67 680
124 68 509
124 69 473
124 70 748
124 72 339
124 75 895
124 76 95
124 78 542
124 80 511
124 85 271
124 90 850
124 91 87
124 92 469
124 93 193
124 95 740
124 96 16
124 98 895
124 99 734
124 100 774
124 103 550
124 108 357
124 111 957
124 114 209
124 117 456
124 118 723
124 119 333
124 121 630
124 123 909
125 3 674
125 7 892
125 10 134
125 12 851
125 14 708
125 15 440
125 16 947
125 19 328
125 21 45
125 23 987
125 24 947
125 26 814
125 29 813
125 30 642
125 31 68
125 36 891
125 40 565
125 42 335
125 45 340
125 46 845
125 49 419
125 52 377
125 53 70
125 54 687
125 55 661
125 58 140
125 59 262
125 61 694
125 64 613
125 69 370
125 74 858
125 77 533
125 80 282
125 83 863
125 85 714
125 87 206
125 89 701
125 90 532
125 94 188
125 96 705
125 97 380
125 98 123
125 99 253
125 101 804
125 104 667
125 105 631
125 108 781
125 110 330
125 111 874
125 112 770
125 116 190
125 117 280
125 119 916
125 120 539
125 121 110
125 123 633
126 1 967
126 5 183
126 6 265
126 9 182
126 11 377
126 12 209
126 13 810
126 14 628
126 15 493
126 16 77
126 22 454
126 23 820
126 28 481
126 30 418
126 31 882
126 32 473
126 37 271
126 40 644
126 42 871
126 44 685
126 46 229
126 47 30
126 49 642
126 53 274
126 54 767
126 58 421
126 59 688
126 61 213
126 62 540
126 63 647
126 65 675
126 66 141
126 68 993
126 70 137
126 71 181
126 72 225
126 73 927
126 74 428
126 75 214
126 76 901
126 78 814
126 81 195
126 85 596
126 86 382
126 88 155
126 89 143
126 90 77
126 91 637
126 92 564
126 96 331
126 98 697
126 102 403
126 104 444
126 108 532
126 110 837
126 111 444
126 115 371
126 116 697
126 122 688
126 123 494
126 124 704
126 125 972
127 2 328
127 5 714
127 7 346
127 8 469
127 10 858
127 12 798
127 13 194
127 14 310
127 18 14
127 19 859
127 21 200
127 22 554
127 23 378
127 24 814
127 25 787
127 28 637
127 30 415
127 32 881
127 33 194
127 34 997
127 36 194
127 37 156
127 38 709
127 41 961
127 42 408
127 45 634
127 46 552
127 48 534
127 52 661
127 53 261
127 54 625
127 56 549
127 59 854
127 60 430
127 61 440
127 62 871
127 63 508
127 65 909
127 69 1000
127 71 149
127 72 806
127 77 283
127 86 210
127 89 123
127 90 89
127 91 238
127 94 717
127 95 609
127 96 834
127 97 97
127 100 716
127 101 218
127 104 202
127 107 160
127 108 641
127 109 909
127 110 987
127 112 199
127 113 615
127 114 789
127 115 506
127 117 713
127 118 669
127 119 951
127 120 768
127 121 561
127 123 23
128 2 759
128 3 37
128 4 635
128 7 90
128 8 570
128 12 419
128 14 784
128 16 553
128 17 851
128 20 310
128 22 783
128 23 768
128 25 505
128 26 58
128 27 238
128 31 840
128 33 363
128 34 585
128 36 217
128 37 295
128 39 867
128 40 86
128 41 162
128 43 1000
128 46 692
128 49 826
128 53 796
128 55 813
128 56 715
128 57 851
128 58 908
128 63 150
128 66 544
128 68 861
128 70 292
128 74 353
128 75 157
128 76 86
128 77 354
128 79 652
128 80 599
128 81 482
128 82 975
128 84 361
128 85 346
128 87 211
128 89 942
128 90 40
128 92 901
128 93 696
128 94 476
128 95 556
128 96 131
128 98 398
128 99 607
128 100 986
128 101 579
128 102 799
128 103 452
128 106 798
128 110 398
128 111 36
128 114 708
128 115 774
128 120 469
128 123 752
128 124 492
128 127 844
129 1 751
129 2 164
129 4 705
129 5 572
129 7 393
129 9 739
129 10 609
129 11 294
129 12 322
129 16 689
129 17 861
129 19 695
129 21 343
129 22 311
129 25 525
129 29 817
129 30 431
129 32 45
129 33 514
129 34 309
129 35 434
129 36 921
129 38 775
129 39 174
129 41 455
129 43 835
129 45 172
129 48 532
129 49 812
129 50 157
129 52 412
129 53 619
129 55 26
129 57 158
129 58 238
129 61 817
129 62 815
129 63 936
129 65 344
129 67 363
129 68 425
129 72 228
129 74 207
129 76 912
129 77 534
129 78 266
129 81 816
129 84 654
129 87 609
129 90 111
129 91 929
129 95 847
129 96 566
129 98 861
129 100 954
129 101 87
129 102 255
129 104 258
129 105 652
129 106 669
129 107 366
129 108 957
129 112 848
129 116 979
129 117 6
129 120 6
129 126 988
129 127 474
130 1 154
130 4 455
130 6 93
130 7 223
130 8 182
130 9 101
130 11 835
130 16 761
130 18 341
130 19 324
130 20 130
130 21 77
130 22 592
130 23 80
130 27 571
130 28 634
130 30 120
130 35 19
130 41 829
130 42 871
130 44 700
130 49 758
130 51 648
130 53 257
130 54 234
130 55 455
130 59 872
130 60 272
130 66 958
130 68 28
130 71 207
130 73 586
130 74 332
130 77 416
130 79 340
130 80 20
130 81 191
130 83 742
130 87 324
130 88 634
130 90 969
130 91 680
130 92 67
130 93 595
130 95 324
130 96 19
130 101 980
130 103 465
130 105 829
130 108 904
130 110 787
130 112 156
130 114 621
130 116 272
130 117 725
130 118 879
130 119 141
130 121 637
130 122 679
130 123 581
131 1 650
131 2 596
131 5 487
131 8 597
131 13 854
131 14 928
131 17 671
131 19 165
131 20 135
131 27 996
131 28 512
131 30 515
131 31 610
131 32 767
131 35 676
131 36 650
131 40 263
131 41 680
131 42 972
131 44 900
131 47 774
131 55 143
131 56 530
131 57 798
131 58 51
131 60 159
131 61 756
131 62 763
131 65 988
131 67 698
131 69 972
131 72 97
131 74 992
131 76 717
131 77 551
131 78 676
131 79 375
131 81 630
131 83 278
131 87 346
131 89 920
131 93 712
131 95 68
131 96 822
131 97 585
131 98 84
131 99 27
131 101 447
131 103 549
131 104 116
131 105 176
131 106 43
131 108 177
131 109 912
131 111 728
131 112 587
131 113 571
131 118 557
131 122 465
131 123 353
131 124 828
131 125 104
131 126 659
131 129 817
131 130 124
132 5 569
132 6 126
132 7 838
132 8 858
132 9 609
132 11 414
132 12 809
132 17 905
132 24 603
132 25 104
132 27 340
132 28 154
132 32 298
132 33 386
132 36 115
132 37 521
132 38 483
132 40 333
132 42 544
132 43 972
132 44 171
132 47 121
132 48 292
132 50 408
132 52 491
132 53 996
132 56 807
132 58 252
132 62 919
132 64 901
132 65 414
132 66 225
132 68 243
132 69 517
132 72 489
132 74 290
132 76 82
132 79 831
132 80 201
132 81 204
132 82 248
132 83 395
132 85 49
132 86 34
132 87 607
132 88 587
132 89 345
132 90 675
132 94 869
132 95 591
132 96 382
132 99 964
132 101 502
132 106 69
132 112 260
132 115 334
132 119 719
132 122 169
132 123 195
132 124 935
132 127 564
132 130 453
133 1 748
133 4 526
133 5 668
133 6 18
133 9 927
133 10 781
133 12 757
133 14 187
133 15 840
133 16 974
133 17 521
133 18 859
133 19 975
133 23 901
133 26 40
133 27 771
133 28 689
133 33 968
133 36 545
133 37 556
133 38 267
133 39 248
133 40 752
133 42 199
133 44 343
133 45 725
133 46 628
133 47 206
133 48 482
133 49 411
133 50 524
133 52 398
133 53 351
133 54 830
133 55 760
133 57 206
133 60 354
133 62 903
133 64 670
133 66 90
133 67 5
133 68 877
133 73 438
133 74 258
133 76 105
133 77 491
133 78 170
133 79 538
133 83 776
133 84 444
133 86 787
133 88 146
133 94 433
133 98 675
133 99 679
133 102 951
133 103 961
133 105 228
133 106 466
133 110 927
133 111 139
133 114 789
133 120 244
133 121 716
133 124 467
133 127 626
133 128 234
133 130 363
133 131 596
134 3 144
134 4 156
134 7 196
134 11 59
134 12 357
134 14 307
134 15 624
134 17 410
134 18 359
134 19 783
134 20 895
134 21 375
134 22 811
134 24 937
134 25 48
134 26 791
134 27 695
134 28 545
134 29 175
134 30 544
134 32 898
134 34 178
134 35 820
134 38 898
134 39 156
134 41 508
134 44 498
134 45 183
134 46 801
134 48 924
134 49 658
134 50 863
134 51 776
134 52 270
134 53 775
134 54 847
134 56 845
134 57 774
134 60 858
134 62 740
134 63 634
134 65 337
134 67 237
134 68 71
134 70 309
134 71 733
134 72 135
134 73 463
134 74 525
134 75 446
134 77 675
134 78 705
134 80 588
134 82 494
134 83 321
134 85 792
134 86 322
134 87 563
134 90 926
134 92 251
134 95 403
134 96 937
134 97 24
134 99 830
134 103 690
134 107 941
134 109 325
134 114 178
134 115 852
134 118 357
134 120 918
134 124 456
134 133 460
135 2 769
135 3 508
135 4 276
135 5 138
135 6 871
135 7 522
135 8 552
135 11 260
135 13 111
135 15 175
135 17 145
135 21 588
135 23 414
135 29 91
135 30 659
135 31 911
135 33 607
135 34 603
135 35 985
135 36 655
135 39 867
135 42 787
135 49 549
135 52 635
135 53 30
135 54 866
135 56 585
135 57 3
135 59 429
135 60 212
135 61 88
135 67 963
135 68 136
135 69 696
135 71 468
135 72 600
135 74 448
135 76 727
135 77 216
135 78 640
135 80 291
135 82 616
135 84 733
135 87 931
135 90 674
135 92 497
135 93 912
135 94 462
135 96 773
135 97 31
135 98 401
135 100 391
135 101 597
135 104 23
135 106 304
135 109 765
135 111 205
135 113 291
135 115 317
135 116 29
135 118 935
135 123 883
135 124 879
135 127 418
135 128 530
135 129 132
135 131 294
135 132 192
135 133 280
135 134 696
136 1 208
136 6 996
136 8 102
136 9 222
136 10 724
136 14 947
136 17 332
136 19 848
136 20 861
136 21 144
136 25 49
136 26 950
136 27 222
136 28 814
136 29 876
136 31 90
136 36 713
136 38 753
136 39 162
136 40 831
136 41 440
136 42 381
136 43 318
136 46 119
136 49 403
136 53 202
136 54 975
136 55 778
136 62 981
136 64 178
136 66 985
136 67 92
136 72 268
136 73 208
136 74 855
136 75 525
136 76 771
136 77 479
136 78 16
136 79 823
136 80 215
136 84 195
136 86 619
136 91 974
136 92 614
136 93 466
136 94 533
136 95 685
136 102 926
136 103 233
136 106 862
136 107 513
136 111 250
136 112 942
136 113 685
136 115 301
136 116 963
136 119 273
136 121 368
136 124 490
136 125 197
136 126 333
136 128 96
136 131 989
136 133 677
136 135 421
137 5 198
137 6 803
137 9 65
137 10 216
137 13 552
137 14 994
137 15 614
137 18 8
137 20 603
137 21 965
137 22 502
137 24 988
137 25 512
137 26 810
137 27 572
137 28 619
137 29 781
137 30 890
137 31 787
137 32 931
137 33 714
137 37 378
137 39 702
137 40 971
137 41 748
137 43 903
137 44 590
137 48 503
137 49 818
137 53 904
137 54 518
137 55 914
137 56 927
137 57 510
137 60 482
137 61 521
137 62 411
137 63 429
137 64 284
137 66 996
137 67 284
137 70 505
137 78 389
137 79 849
137 86 138
137 89 89
137 90 722
137 92 968
137 93 543
137 94 369
137 95 897
137 102 711
137 106 365
137 108 380
137 111 860
137 112 840
137 116 951
137 117 600
137 118 157
137 122 725
137 124 487
137 126 195
137 127 819
137 129 57
137 130 906
137 131 243
137 132 541
137 134 577
138 1 550
138 2 604
138 3 865
138 4 396
138 6 755
138 7 965
138 8 126
138 12 732
138 13 491
138 15 865
138 16 690
138 18 903
138 19 348
138 27 847
138 33 499
138 34 968
138 35 225
138 36 210
138 37 917
138 40 762
138 41 199
138 43 927
138 44 730
138 47 454
138 52 907
138 54 33
138 55 934
138 59 876
138 60 223
138 61 22
138 63 365
138 67 519
138 71 19
138 74 401
138 75 736
138 76 439
138 78 211
138 80 635
138 81 271
138 82 249
138 84 180
138 85 633
138 87 442
138 89 869
138 90 332
138 92 277
138 96 730
138 97 960
138 98 925
138 100 829
138 102 262
138 104 308
138 105 455
138 107 735
138 108 542
138 109 590
138 111 668
138 112 574
138 114 192
138 115 655
138 116 330
138 117 841
138 121 691
138 122 488
138 125 114
138 126 842
138 127 396
138 128 664
138 129 70
138 130 477
138 131 109
138 134 338
138 135 391
138 136 565
138 137 101
139 2 349
139 3 122
139 4 791
139 6 285
139 12 376
139 13 314
139 15 74
139 19 43
139 21 660
139 22 318
139 25 101
139 28 936
139 29 327
139 32 331
139 33 411
139 34 916
139 35 626
139 36 277
139 37 5
139 39 291
139 40 847
139 44 547
139 46 539
139 47 82
139 49 624
139 51 349
139 57 392
139 59 541
139 63 722
139 65 145
139 67 275
139 69 965
139 71 588
139 75 722
139 77 187
139 78 722
139 83 257
139 85 463
139 86 153
139 87 153
139 89 756
139 90 519
139 91 820
139 92 887
139 93 675
139 94 176
139 95 904
139 96 752
139 97 289
139 98 361
139 101 820
139 102 279
139 108 260
139 112 134
139 113 347
139 114 243
139 115 275
139 116 570
139 117 296
139 118 615
139 119 922
139 121 643
139 122 496
139 123 118
139 125 767
139 127 550
139 129 735
139 130 497
139 131 525
139 132 863
139 133 452
139 136 900
139 138 941
140 2 719
140 5 35
140 6 867
140 8 528
140 10 138
140 11 153
140 12 645
140 16 677
140 21 261
140 23 420
140 26 542
140 27 312
140 28 981
140 29 74
140 32 15
140 33 460
140 36 490
140 42 944
140 43 621
140 44 443
140 47 931
140 48 485
140 49 726
140 50 140
140 51 957
140 52 922
140 53 387
140 56 96
140 58 741
140 59 871
140 60 30
140 61 333
140 62 341
140 65 569
140 67 921
140 68 852
140 69 914
140 73 318
140 75 111
140 77 338
140 79 610
140 81 30
140 83 532
140 84 642
140 86 116
140 93 617
140 96 667
140 97 212
140 99 823
140 100 848
140 102 430
140 104 717
140 105 804
140 107 33
140 108 826
140 109 971
140 110 422
140 114 654
140 118 133
140 119 965
140 120 485
140 122 132
140 123 485
140 124 390
140 129 385
140 130 626
140 131 222
140 132 737
140 133 253
140 134 440
140 135 683
140 136 482
140 138 380
140 139 651
141 1 783
141 2 221
141 3 98
141 5 978
141 11 105
141 12 12
141 13 486
141 18 774
141 19 453
141 21 39
141 22 516
141 24 465
141 26 929
141 27 354
141 28 370
141 30 685
141 31 858
141 34 778
141 35 194
141 36 157
141 37 163
141 38 551
141 40 558
141 41 71
141 42 984
141 43 820
141 44 557
141 46 144
141 50 744
141 51 676
141 53 767
141 55 775
141 59 584
141 61 779
141 62 170
141 63 653
141 64 20
141 65 262
141 66 137
141 70 753
141 71 807
141 74 611
141 75 831
141 76 533
141 78 99
141 80 40
141 82 138
141 90 393
141 92 211
141 97 303
141 99 718
141 100 968
141 101 417
141 102 2
141 105 643
141 108 614
141 110 7
141 111 983
141 117 46
141 120 741
141 122 651
141 123 583
141 124 915
141 125 228
141 127 85
141 128 175
141 129 445
141 131 444
141 132 393
141 134 600
141 135 735
141 138 157
141 139 778
141 140 530
142 1 821
142 3 36
142 7 133
142 8 178
142 14 471
142 16 231
142 20 611
142 21 292
142 25 15
142 26 265
142 28 15
142 31 199
142 33 173
142 35 674
142 38 135
142 40 351
142 41 211
142 43 992
142 49 258
142 50 971
142 51 210
142 56 733
142 58 140
142 62 697
142 63 187
142 66 210
142 67 720
142 70 938
142 71 118
142 72 384
142 75 247
142 81 657
142 82 49
142 86 923
142 87 416
142 89 647
142 90 610
142 99 192
142 103 434
142 105 791
142 107 67
142 108 247
142 109 885
142 111 85
142 113 281
142 114 571
142 119 146
142 121 571
142 124 627
142 125 645
142 130 279
142 131 61
142 132 937
142 135 532
142 136 516
142 138 861
142 140 376
143 1 856
143 4 36
143 5 476
143 8 720
143 9 201
143 10 93
143 13 799
143 14 743
143 15 128
143 17 437
143 18 278
143 19 141
143 21 826
143 22 168
143 23 592
143 24 710
143 28 492
143 30 859
143 33 690
143 34 303
143 35 418
143 39 225
143 41 147
143 48 136
143 49 817
143 51 161
143 52 726
143 53 838
143 54 729
143 62 868
143 64 103
143 67 926
143 69 840
143 73 724
143 74 647
143 75 37
143 78 84
143 80 814
143 81 150
143 84 131
143 85 178
143 86 677
143 88 699
143 89 38
143 90 354
143 94 2
143 96 256
143 99 875
143 100 869
143 101 252
143 103 431
143 106 861
143 107 165
143 109 27
143 112 592
143 114 775
143 115 545
143 118 388
143 119 891
143 123 237
143 124 222
143 125 819
143 127 538
143 132 931
143 133 856
143 137 478
143 140 69
143 142 855
144 2 620
144 3 660
144 6 433
144 7 405
144 11 595
144 12 893
144 14 725
144 15 275
144 16 846
144 17 910
144 18 775
144 19 615
144 21 363
144 25 271
144 26 944
144 28 890
144 29 265
144 31 329
144 33 697
144 35 27
144 37 977
144 41 749
144 45 658
144 46 518
144 47 330
144 50 740
144 51 271
144 54 940
144 55 115
144 61 681
144 63 84
144 65 278
144 66 961
144 67 227
144 69 840
144 71 540
144 75 774
144 79 322
144 82 398
144 85 447
144 89 792
144 93 802
144 97 922
144 100 539
144 103 912
144 104 93
144 106 127
144 107 465
144 109 308
144 110 254
144 112 436
144 114 550
144 116 109
144 117 947
144 118 319
144 121 461
144 123 137
144 124 37
144 125 922
144 126 918
144 130 316
144 131 158
144 134 296
144 137 117
144 138 220
144 139 111
144 140 91
144 141 828
144 142 805
145 3 409
145 5 106
145 10 248
145 11 510
145 12 127
145 13 158
145 14 925
145 15 319
145 17 477
145 19 445
145 20 608
145 22 420
145 24 164
145 27 110
145 29 228
145 30 935
145 33 781
145 34 384
145 35 509
145 36 476
145 41 64
145 42 432
145 44 879
145 46 790
145 47 341
145 48 769
145 49 14
145 52 150
145 54 208
145 55 3
145 56 189
145 57 308
145 59 810
145 60 243
145 65 427
145 68 521
145 76 63
145 78 515
145 81 201
145 82 660
145 85 395
145 89 569
145 90 432
145 91 678
145 92 378
145 94 592
145 95 347
145 99 730
145 100 663
145 101 471
145 102 363
145 104 386
145 105 483
145 106 240
145 107 25
145 111 528
145 113 13
145 114 745
145 115 823
145 116 440
145 117 210
145 119 315
145 122 364
145 127 136
145 129 98
145 130 382
145 133 681
145 135 827
145 136 419
145 137 894
145 138 279
145 143 982
145 144 414
146 1 99
146 6 207
146 9 221
146 11 55
146 12 275
146 13 74
146 14 797
146 16 686
146 19 108
146 20 727
146 22 706
146 24 558
146 25 239
146 28 726
146 29 98
146 33 169
146 34 416
146 35 392
146 38 29
146 41 356
146 44 469
146 46 392
146 47 816
146 48 466
146 50 702
146 54 420
146 55 747
146 59 31
146 60 286
146 62 167
146 63 616
146 64 495
146 67 113
146 68 188
146 72 555
146 73 512
146 76 127
146 78 35
146 81 610
146 82 539
146 83 965
146 84 683
146 85 204
146 86 196
146 87 904
146 89 235
146 92 293
146 96 351
146 97 636
146 99 237
146 100 548
146 103 290
146 104 837
146 106 930
146 108 745
146 109 45
146 111 848
146 112 187
146 113 857
146 115 352
146 119 29
146 122 304
146 125 209
146 131 942
146 132 15
146 135 966
146 137 629
146 140 691
146 143 161
146 145 969
147 3 317
147 4 802
147 6 474
147 7 339
147 8 673
147 10 766
147 11 182
147 12 616
147 14 341
147 15 123
147 17 768
147 21 164
147 27 668
147 29 264
147 30 728
147 36 564
147 38 120
147 43 374
147 44 789
147 46 250
147 48 506
147 49 27
147 51 572
147 53 997
147 55 481
147 58 454
147 61 917
147 62 789
147 64 265
147 66 720
147 67 552
147 71 15
147 72 632
147 73 467
147 74 441
147 76 740
147 81 927
147 82 266
147 83 48
147 84 771
147 85 631
147 88 436
147 89 768
147 92 399
147 94 609
147 95 798
147 96 740
147 99 833
147 101 250
147 105 679
147 106 620
147 107 738
147 110 115
147 112 152
147 115 434
147 117 49
147 118 157
147 120 19
147 123 424
147 124 430
147 126 982
147 127 726
147 129 441
147 130 122
147 136 868
147 137 490
147 139 915
147 140 982
147 146 683
148 2 508
148 6 845
148 8 571
148 11 935
148 14 585
148 15 904
148 20 975
148 21 555
148 24 485
148 25 446
148 27 637
148 28 566
148 29 744
148 31 94
148 32 55
148 33 574
148 36 414
148 38 409
148 43 109
148 45 988
148 47 333
148 48 871
148 51 24
148 52 975
148 55 475
148 56 337
148 59 457
148 61 770
148 62 87
148 64 112
148 66 21
148 67 169
148 69 517
148 70 733
148 77 371
148 81 29
148 83 206
148 87 709
148 88 772
148 90 447
148 91 981
148 92 840
148 94 847
148 96 119
148 97 840
148 99 586
148 106 704
148 107 291
148 109 958
148 110 382
148 112 456
148 113 398
148 114 581
148 115 694
148 116 610
148 117 967
148 118 79
148 124 478
148 127 213
148 128 697
148 129 91
148 130 193
148 132 405
148 133 32
148 137 715
148 138 428
148 139 139
148 140 587
148 143 788
148 144 474
148 146 748
148 147 397
149 1 286
149 2 754
149 3 403
149 5 516
149 9 190
149 11 228
149 13 559
149 14 706
149 15 676
149 16 320
149 17 546
149 18 422
149 19 88
149 21 990
149 24 408
149 26 509
149 27 577
149 28 68
149 30 957
149 31 281
149 32 737
149 33 498
149 34 127
149 38 578
149 40 831
149 42 81
149 44 971
149 46 212
149 47 452
149 49 279
149 51 449
149 53 901
149 56 4
149 57 104
149 59 671
149 60 835
149 63 531
149 65 483
149 67 926
149 68 223
149 69 882
149 70 30
149 71 338
149 74 613
149 75 664
149 77 551
149 78 826
149 79 907
149 81 289
149 82 120
149 83 282
149 84 719
149 85 111
149 86 932
149 87 88
149 93 150
149 94 793
149 95 46
149 96 562
149 97 671
149 98 326
149 99 387
149 101 54
149 102 888
149 103 624
149 107 276
149 113 900
149 114 823
149 115 157
149 119 690
149 120 436
149 121 554
149 122 838
149 124 528
149 126 14
149 127 764
149 128 852
149 129 139
149 130 211
149 133 259
149 134 841
149 137 436
149 138 761
149 139 708
149 140 561
149 143 568
149 144 440
149 146 592
149 147 67
150 2 126
150 5 264
150 6 717
150 7 48
150 10 469
150 12 405
150 13 822
150 14 354
150 15 903
150 16 102
150 17 477
150 18 892
150 22 241
150 23 152
150 24 502
150 28 390
150 30 995
150 33 47
150 36 588
150 37 686
150 38 318
150 39 611
150 42 320
150 43 586
150 45 748
150 48 156
150 49 239
150 50 929
150 53 317
150 54 574
150 59 451
150 62 560
150 65 621
150 67 447
150 71 252
150 74 209
150 75 358
150 81 319
150 84 955
150 85 669
150 87 209
150 88 205
150 89 285
150 90 348
150 91 121
150 92 382
150 93 717
150 94 346
150 95 407
150 96 333
150 97 372
150 101 595
150 106 850
150 109 245
150 110 709
150 114 241
150 116 924
150 119 903
150 124 635
150 126 454
150 128 932
150 129 49
150 130 127
150 137 796
150 139 651
150 140 452
150 141 160
150 143 120
150 146 439
150 149 507
