150
3 1 215
3 2 801
4 2 130
5 1 765
6 1 645
6 3 129
6 5 555
7 1 41
7 2 298
7 3 111
7 4 462
7 5 356
8 1 245
8 3 116
8 4 544
8 5 654
8 6 896
8 7 199
9 2 196
9 4 558
10 1 117
10 3 643
10 4 553
10 5 49
10 7 329
10 8 776
10 9 975
11 1 82
11 5 145
11 6 57
11 9 85
11 10 355
12 2 6
12 4 951
12 8 855
12 10 383
13 1 642
13 3 586
13 5 830
13 6 1
13 7 518
13 8 163
13 9 429
13 11 575
14 1 285
14 3 829
14 6 880
14 7 242
14 8 98
14 11 428
15 2 758
15 3 805
15 4 424
15 8 586
15 9 595
15 11 350
15 12 401
15 13 660
15 14 929
16 5 769
16 7 626
16 9 432
16 11 190
16 12 791
16 15 200
17 4 318
17 10 869
17 11 29
17 12 439
17 13 987
17 15 648
17 16 160
18 2 126
18 3 705
18 5 407
18 8 570
18 9 65
18 10 338
18 13 367
18 15 49
19 2 913
19 3 733
19 4 669
19 5 992
19 6 819
19 7 584
19 13 304
19 14 504
19 15 451
19 16 503
19 17 184
20 1 893
20 4 536
20 5 880
20 6 134
20 7 724
20 8 49
20 10 196
20 13 553
20 14 289
20 15 144
20 16 298
20 19 612
21 2 548
21 3 731
21 5 813
21 8 412
21 9 979
21 11 34
21 15 711
21 16 2
21 19 856
21 20 765
22 2 228
22 3 961
22 7 882
22 14 315
22 19 293
22 20 645
23 1 532
23 2 960
23 3 523
23 4 536
23 6 173
23 10 61
23 15 635
23 19 789
23 20 33
23 22 10
24 1 957
24 4 717
24 5 425
24 7 636
24 8 996
24 9 918
24 10 948
24 11 898
24 12 294
24 14 70
24 18 559
24 19 445
24 20 861
25 1 188
25 2 265
25 3 202
25 4 930
25 5 826
25 7 330
25 8 939
25 10 257
25 15 4
25 18 758
25 19 547
25 20 165
25 21 703
25 22 388
25 23 239
26 2 481
26 3 510
26 8 28
26 9 287
26 11 579
26 12 950
26 20 600
26 21 868
26 22 263
26 23 940
27 5 44
27 6 826
27 8 166
27 11 408
27 12 693
27 14 302
27 16 340
27 20 174
27 24 393
27 26 361
28 1 313
28 2 961
28 4 411
28 5 971
28 9 819
28 10 139
28 13 114
28 14 360
28 16 626
28 19 165
28 22 835
28 23 73
28 26 583
29 1 156
29 2 944
29 3 63
29 4 545
29 5 302
29 8 775
29 9 952
29 10 741
29 11 207
29 17 747
29 18 510
29 20 783
29 21 296
29 23 380
29 24 647
29 26 496
29 27 797
30 6 80
30 8 220
30 13 249
30 14 457
30 15 945
30 16 546
30 17 757
30 19 72
30 20 726
30 21 931
30 22 325
30 23 472
30 26 246
30 27 203
30 28 794
30 29 706
31 2 699
31 3 807
31 4 676
31 10 87
31 11 312
31 14 694
31 17 468
31 19 258
31 20 487
31 21 495
31 23 796
31 27 98
31 30 425
32 2 682
32 4 520
32 6 958
32 7 205
32 8 605
32 10 949
32 11 847
32 12 603
32 14 45
32 15 414
32 16 140
32 17 197
32 20 268
32 21 131
32 22 788
32 26 861
32 27 849
32 29 331
32 30 421
33 2 431
33 5 359
33 10 579
33 11 751
33 16 134
33 22 880
33 25 215
33 29 319
33 30 149
33 32 465
34 3 923
34 4 582
34 7 376
34 8 877
34 9 274
34 12 686
34 14 945
34 16 170
34 17 904
34 18 713
34 21 708
34 23 503
34 24 202
34 25 563
34 27 863
34 29 999
34 30 232
34 31 437
34 33 916
35 1 952
35 3 495
35 7 560
35 8 797
35 10 466
35 15 848
35 16 127
35 17 832
35 18 254
35 19 279
35 20 946
35 21 303
35 24 838
35 25 941
35 26 982
35 27 989
35 29 224
35 31 574
35 32 236
35 33 184
36 1 113
36 4 619
36 6 954
36 7 810
36 10 394
36 12 87
36 15 72
36 18 562
36 19 805
36 21 310
36 24 709
36 25 947
36 29 941
36 34 24
36 35 457
37 2 65
37 5 7
37 7 405
37 14 58
37 15 476
37 16 359
37 21 165
37 24 34
37 25 926
37 27 796
37 28 430
37 32 647
37 33 238
37 34 227
37 35 253
38 1 339
38 2 710
38 3 64
38 4 22
38 7 313
38 9 725
38 11 884
38 14 615
38 16 832
38 17 449
38 20 406
38 21 288
38 24 763
38 25 552
38 26 681
38 31 817
38 33 839
38 34 362
38 35 457
39 1 69
39 2 304
39 3 309
39 5 147
39 6 606
39 7 933
39 15 695
39 20 883
39 24 963
39 26 768
39 27 372
39 28 225
39 30 192
39 31 300
39 37 775
40 2 434
40 4 413
40 5 283
40 6 453
40 11 64
40 14 365
40 15 437
40 17 614
40 21 828
40 22 240
40 24 980
40 26 672
40 29 529
40 35 486
40 36 139
41 6 76
41 8 331
41 9 957
41 15 495
41 16 689
41 18 193
41 19 115
41 22 933
41 23 86
41 25 176
41 27 736
41 30 809
41 31 202
41 32 337
41 35 126
41 36 366
41 40 231
42 1 294
42 3 806
42 6 630
42 8 170
42 11 130
42 14 743
42 15 944
42 17 944
42 18 174
42 20 468
42 21 343
42 22 978
42 23 366
42 25 355
42 27 664
42 28 557
42 30 851
42 32 780
42 33 626
42 34 471
42 35 838
42 36 97
42 39 447
43 1 167
43 3 991
43 7 951
43 8 482
43 9 912
43 10 868
43 11 715
43 13 755
43 15 357
43 18 275
43 19 959
43 22 819
43 25 301
43 27 568
43 28 74
43 30 286
43 38 205
43 42 108
44 2 243
44 4 256
44 5 498
44 8 335
44 9 382
44 11 576
44 12 394
44 13 456
44 17 589
44 18 928
44 19 181
44 22 495
44 23 246
44 30 945
44 31 736
44 32 675
44 35 848
44 38 974
44 39 632
44 41 123
44 42 425
44 43 11
45 1 813
45 2 28
45 4 681
45 6 989
45 10 897
45 12 694
45 14 12
45 15 523
45 16 616
45 21 801
45 27 828
45 28 988
45 29 616
45 31 634
45 32 195
45 36 764
45 38 689
45 41 88
45 43 14
45 44 740
46 1 894
46 2 318
46 6 25
46 9 647
46 11 152
46 14 112
46 15 567
46 19 869
46 22 231
46 23 298
46 24 551
46 25 429
46 26 703
46 27 779
46 29 270
46 30 440
46 31 773
46 32 858
46 33 253
46 38 251
46 39 248
46 41 663
46 44 672
46 45 715
47 3 391
47 9 579
47 13 184
47 14 623
47 15 911
47 16 411
47 17 974
47 18 189
47 19 459
47 20 806
47 21 411
47 22 521
47 23 987
47 25 626
47 29 530
47 30 477
47 31 648
47 32 596
47 33 897
47 34 1
47 35 277
47 37 940
47 38 242
47 40 904
47 43 351
47 45 57
47 46 515
48 2 880
48 3 334
48 4 54
48 5 317
48 8 709
48 16 522
48 18 435
48 19 489
48 20 211
48 21 46
48 24 13
48 25 974
48 26 266
48 31 536
48 32 548
48 33 814
48 35 947
48 36 865
48 38 969
48 39 442
48 40 634
48 41 811
48 43 74
48 44 521
48 47 887
49 1 885
49 2 572
49 5 44
49 6 604
49 8 391
49 14 110
49 18 917
49 19 977
49 21 644
49 22 671
49 24 97
49 25 762
49 29 900
49 34 592
49 35 838
49 37 104
49 40 841
49 42 320
49 45 905
49 46 44
49 47 96
49 48 168
50 1 938
50 2 311
50 4 814
50 5 902
50 6 898
50 7 218
50 8 551
50 9 351
50 10 712
50 12 333
50 15 955
50 16 976
50 17 313
50 19 2
50 22 971
50 24 652
50 25 135
50 26 762
50 27 854
50 28 612
50 29 570
50 30 416
50 33 753
50 34 920
50 35 342
50 36 326
50 38 896
50 39 344
50 42 34
50 43 493
50 44 743
50 46 344
51 1 347
51 2 349
51 3 534
51 5 891
51 6 602
51 8 787
51 11 466
51 12 449
51 16 508
51 20 335
51 23 142
51 25 787
51 29 814
51 31 150
51 42 614
51 43 428
51 45 142
51 46 810
51 49 9
51 50 669
52 3 792
52 5 924
52 7 395
52 10 588
52 16 111
52 17 676
52 19 663
52 22 692
52 23 93
52 26 954
52 28 251
52 30 727
52 32 845
52 34 11
52 38 729
52 42 429
52 43 752
52 46 593
52 47 985
52 50 307
53 2 683
53 4 91
53 5 113
53 6 567
53 7 432
53 11 428
53 13 220
53 17 893
53 18 452
53 19 978
53 20 343
53 21 488
53 22 357
53 25 202
53 26 535
53 29 386
53 30 693
53 32 850
53 38 819
53 40 435
53 41 388
53 42 513
53 43 363
53 46 461
53 49 228
53 51 535
53 52 874
54 1 558
54 3 317
54 5 425
54 7 913
54 9 734
54 10 458
54 12 415
54 13 415
54 16 999
54 17 705
54 18 848
54 24 172
54 26 746
54 27 967
54 28 786
54 29 603
54 31 166
54 33 148
54 36 781
54 38 332
54 41 759
54 42 261
54 43 951
54 44 422
54 46 475
54 48 760
54 49 352
54 50 214
55 1 862
55 5 688
55 7 598
55 9 55
55 10 602
55 11 908
55 13 199
55 14 601
55 19 517
55 20 345
55 27 364
55 28 767
55 30 863
55 31 454
55 33 215
55 36 558
55 38 908
55 39 295
55 40 721
55 42 613
55 45 919
55 47 791
55 50 346
56 1 837
56 2 190
56 3 636
56 6 960
56 8 787
56 14 200
56 16 265
56 18 821
56 24 791
56 28 233
56 31 423
56 33 448
56 36 583
56 37 737
56 38 712
56 39 266
56 41 954
56 44 111
56 45 742
56 50 618
56 52 228
56 53 24
57 2 608
57 4 26
57 5 548
57 9 78
57 14 294
57 15 403
57 17 807
57 20 171
57 22 611
57 26 218
57 29 24
57 31 686
57 32 573
57 33 522
57 35 322
57 36 591
57 38 597
57 39 758
57 41 204
57 42 752
57 45 466
57 47 757
57 48 236
57 51 565
57 55 784
57 56 682
58 3 866
58 4 891
58 5 328
58 11 590
58 15 496
58 16 68
58 19 486
58 22 425
58 23 271
58 24 199
58 25 756
58 26 452
58 27 283
58 29 504
58 33 921
58 34 14
58 35 748
58 39 991
58 41 524
58 43 404
58 47 793
58 51 981
58 52 851
58 54 472
58 56 906
59 1 352
59 3 960
59 4 886
59 7 671
59 11 871
59 14 316
59 19 143
59 21 503
59 23 875
59 25 215
59 26 785
59 27 583
59 34 93
59 35 322
59 37 675
59 39 179
59 41 907
59 44 794
59 45 407
59 46 718
59 48 279
59 49 31
59 52 180
59 54 872
59 56 763
59 58 81
60 2 36
60 3 604
60 4 838
60 6 836
60 9 44
60 13 364
60 14 989
60 15 589
60 16 800
60 19 452
60 24 41
60 30 144
60 31 800
60 32 677
60 33 675
60 34 152
60 37 534
60 38 874
60 39 998
60 41 63
60 42 26
60 44 815
60 45 938
60 47 824
60 48 238
60 49 542
60 51 463
60 54 657
60 55 185
60 57 9
60 58 369
61 2 963
61 3 551
61 4 529
61 10 532
61 11 299
61 12 444
61 13 196
61 18 446
61 20 406
61 21 295
61 28 867
61 31 400
61 32 773
61 33 162
61 34 365
61 36 409
61 40 823
61 41 410
61 45 479
61 46 719
61 47 111
61 49 47
61 51 221
61 53 421
61 55 647
61 59 391
62 4 304
62 7 605
62 8 920
62 9 972
62 12 24
62 13 108
62 14 718
62 17 251
62 25 229
62 26 52
62 27 879
62 28 858
62 29 625
62 31 442
62 32 572
62 33 17
62 34 696
62 37 429
62 39 224
62 44 416
62 46 11
62 48 134
62 49 449
62 51 65
62 54 301
62 55 855
62 56 323
62 57 281
62 60 518
63 2 485
63 4 652
63 5 377
63 10 566
63 11 523
63 12 226
63 13 418
63 14 28
63 18 577
63 20 317
63 21 1
63 24 4
63 25 190
63 28 29
63 29 903
63 32 543
63 37 643
63 38 238
63 42 1
63 45 800
63 46 758
63 47 563
63 49 218
63 53 817
63 54 805
63 55 400
63 57 351
63 59 140
63 60 883
63 61 51
64 3 159
64 5 917
64 6 299
64 9 875
64 11 690
64 13 944
64 15 865
64 18 720
64 20 745
64 23 554
64 24 545
64 26 513
64 30 27
64 31 912
64 32 454
64 34 797
64 38 62
64 40 355
64 41 656
64 46 354
64 48 818
64 49 332
64 51 576
64 52 158
64 55 382
64 57 623
65 1 420
65 3 193
65 4 47
65 7 997
65 9 696
65 11 200
65 12 420
65 14 274
65 15 402
65 16 860
65 18 360
65 21 319
65 23 152
65 28 87
65 29 765
65 30 364
65 33 929
65 34 535
65 37 542
65 39 774
65 43 802
65 44 104
65 46 744
65 48 450
65 50 183
65 51 93
65 53 909
65 54 141
65 55 426
65 56 971
65 59 860
65 60 906
65 62 504
65 63 134
65 64 530
66 3 976
66 4 37
66 5 840
66 6 19
66 7 7
66 12 3
66 13 114
66 15 845
66 16 340
66 17 649
66 18 59
66 20 541
66 22 32
66 23 337
66 26 814
66 27 300
66 28 598
66 31 669
66 32 678
66 35 227
66 36 281
66 37 562
66 38 640
66 43 642
66 46 785
66 47 433
66 48 690
66 49 428
66 51 672
66 52 116
66 55 722
66 56 69
66 57 89
66 58 255
66 59 930
66 60 548
66 63 550
66 65 31
67 2 790
67 11 947
67 12 82
67 13 880
67 18 460
67 22 170
67 23 891
67 26 325
67 27 367
67 29 690
67 35 970
67 37 720
67 40 109
67 44 198
67 47 997
67 52 38
67 54 210
67 55 250
67 56 618
67 59 20
67 60 342
67 62 171
67 65 74
68 1 248
68 3 907
68 5 15
68 8 316
68 9 368
68 11 813
68 14 61
68 18 272
68 19 618
68 23 682
68 24 295
68 26 855
68 27 530
68 28 239
68 29 281
68 32 164
68 34 192
68 35 171
68 36 49
68 38 890
68 39 23
68 46 31
68 47 20
68 48 891
68 50 578
68 51 356
68 52 424
68 57 818
68 58 293
68 59 700
68 61 513
68 62 346
69 5 202
69 7 273
69 9 408
69 10 947
69 14 572
69 15 208
69 16 454
69 17 485
69 20 748
69 21 839
69 23 532
69 25 22
69 26 177
69 29 247
69 33 383
69 35 656
69 36 415
69 37 334
69 38 607
69 40 138
69 41 363
69 42 274
69 43 494
69 45 288
69 48 9
69 49 854
69 52 372
69 54 351
69 55 5
69 63 903
69 65 106
69 67 390
69 68 161
70 1 734
70 4 3
70 5 298
70 7 480
70 10 680
70 11 608
70 12 580
70 13 978
70 15 556
70 17 545
70 18 463
70 19 772
70 22 287
70 24 20
70 25 489
70 26 379
70 29 549
70 34 608
70 37 374
70 39 966
70 42 871
70 43 202
70 48 125
70 50 666
70 51 583
70 54 302
70 57 740
70 58 131
70 61 721
70 64 656
70 69 549
71 3 460
71 5 317
71 7 347
71 8 192
71 9 72
71 10 230
71 11 634
71 12 365
71 13 208
71 16 545
71 19 604
71 22 90
71 26 486
71 27 389
71 28 20
71 30 741
71 31 347
71 36 680
71 38 868
71 39 269
71 40 726
71 42 712
71 45 902
71 50 728
71 52 475
71 54 289
71 57 260
71 60 339
71 63 256
71 65 6
71 66 998
71 67 703
71 68 197
71 69 881
72 1 955
72 2 109
72 3 377
72 4 849
72 5 921
72 6 706
72 7 419
72 12 387
72 13 260
72 14 903
72 15 527
72 17 771
72 18 947
72 20 901
72 25 324
72 26 705
72 31 677
72 33 645
72 35 210
72 36 537
72 37 764
72 38 537
72 39 659
72 44 28
72 49 450
72 50 990
72 51 503
72 55 45
72 56 64
72 57 182
72 58 927
72 59 244
72 60 817
72 61 419
72 63 154
72 64 244
72 65 712
72 67 159
72 68 403
72 70 848
72 71 201
73 2 810
73 8 905
73 10 184
73 11 23
73 13 688
73 15 57
73 17 76
73 18 535
73 19 885
73 20 452
73 22 216
73 25 5
73 26 460
73 31 883
73 33 751
73 39 434
73 40 76
73 44 80
73 47 159
73 48 118
73 50 607
73 52 565
73 54 974
73 55 867
73 56 798
73 57 558
73 60 102
73 61 701
73 67 410
73 70 692
73 71 57
73 72 763
74 1 961
74 2 890
74 3 38
74 6 136
74 11 279
74 12 180
74 13 512
74 18 112
74 20 248
74 21 125
74 23 763
74 24 548
74 25 47
74 26 26
74 27 684
74 29 795
74 33 867
74 34 828
74 37 351
74 38 959
74 41 495
74 43 827
74 49 160
74 50 869
74 51 987
74 54 389
74 60 919
74 64 547
74 67 945
74 69 72
74 70 48
74 72 926
75 3 795
75 5 100
75 6 967
75 8 725
75 10 388
75 13 797
75 14 900
75 17 942
75 21 995
75 22 39
75 23 14
75 25 129
75 26 722
75 29 338
75 32 549
75 40 899
75 41 932
75 43 436
75 44 325
75 48 416
75 49 488
75 50 568
75 53 725
75 56 209
75 57 358
75 59 419
75 60 462
75 62 613
75 64 987
75 67 686
75 69 995
75 70 230
75 72 347
75 73 283
76 2 44
76 6 153
76 7 519
76 8 432
76 10 308
76 13 612
76 16 754
76 17 812
76 20 191
76 22 369
76 23 304
76 24 574
76 26 378
76 28 206
76 29 737
76 30 549
76 34 853
76 35 344
76 38 820
76 39 994
76 43 244
76 44 689
76 48 772
76 49 62
76 50 304
76 51 590
76 52 807
76 55 598
76 57 904
76 58 75
76 64 181
76 65 430
76 71 308
76 72 884
76 74 967
76 75 468
77 2 117
77 9 280
77 11 40
77 12 168
77 13 685
77 16 45
77 17 706
77 18 813
77 24 623
77 25 856
77 27 716
77 30 154
77 31 484
77 33 849
77 34 594
77 41 630
77 42 821
77 43 987
77 45 99
77 47 651
77 49 523
77 53 996
77 56 250
77 57 791
77 59 371
77 61 630
77 62 495
77 64 907
77 65 617
77 66 219
77 68 560
77 71 334
77 72 310
77 73 664
77 74 710
77 75 3
77 76 137
78 1 21
78 2 846
78 7 247
78 12 594
78 13 592
78 15 248
78 16 154
78 18 401
78 22 876
78 23 186
78 26 162
78 30 788
78 31 10
78 33 690
78 34 284
78 35 97
78 37 648
78 38 225
78 39 253
78 40 761
78 41 315
78 42 311
78 45 531
78 46 495
78 49 262
78 51 958
78 53 676
78 54 88
78 55 576
78 56 350
78 58 988
78 63 119
78 64 370
78 65 423
78 66 128
78 68 356
78 69 151
78 71 15
78 76 274
79 1 974
79 2 42
79 4 5
79 5 63
79 6 61
79 7 993
79 11 740
79 12 828
79 13 868
79 16 951
79 17 611
79 18 566
79 20 996
79 21 745
79 22 290
79 23 137
79 27 711
79 28 750
79 31 663
79 33 235
79 35 492
79 36 533
79 39 789
79 40 536
79 43 258
79 46 655
79 47 130
79 48 380
79 50 945
79 51 40
79 52 501
79 53 646
79 55 693
79 56 210
79 61 304
79 63 968
79 64 840
79 65 358
79 66 317
79 67 102
79 69 75
79 70 805
79 73 271
79 76 209
79 77 670
80 2 197
80 4 408
80 5 452
80 7 10
80 10 977
80 11 961
80 12 834
80 14 182
80 15 649
80 16 102
80 21 181
80 22 21
80 24 830
80 25 530
80 26 793
80 27 917
80 30 375
80 31 232
80 32 610
80 33 724
80 35 403
80 40 578
80 43 335
80 49 454
80 52 300
80 63 290
80 64 377
80 65 704
80 66 687
80 69 4
80 73 383
81 4 656
81 5 304
81 6 759
81 7 827
81 10 250
81 12 89
81 13 717
81 16 100
81 17 271
81 22 71
81 23 280
81 26 362
81 27 920
81 28 412
81 29 519
81 30 123
81 31 346
81 32 429
81 33 53
81 34 372
81 35 182
81 36 942
81 38 151
81 39 146
81 41 509
81 43 423
81 49 210
81 51 558
81 56 290
81 59 789
81 60 570
81 61 277
81 64 867
81 68 125
81 69 744
81 70 499
81 77 871
81 79 99
81 80 236
82 2 258
82 4 677
82 5 458
82 7 142
82 8 579
82 9 396
82 10 432
82 17 342
82 19 909
82 21 123
82 23 313
82 24 205
82 25 89
82 27 154
82 29 636
82 30 543
82 33 68
82 36 153
82 37 530
82 39 13
82 45 73
82 47 677
82 48 614
82 53 945
82 55 805
82 58 983
82 59 16
82 61 376
82 65 333
82 67 229
82 69 246
82 70 390
82 71 370
82 74 478
82 75 677
82 76 338
82 77 994
82 81 98
83 4 146
83 5 298
83 6 349
83 7 936
83 9 213
83 11 965
83 13 485
83 15 493
83 19 466
83 21 274
83 22 490
83 25 888
83 26 192
83 28 526
83 32 654
83 36 166
83 37 386
83 38 745
83 41 35
83 42 968
83 44 278
83 45 384
83 46 519
83 52 493
83 53 710
83 57 744
83 58 171
83 63 840
83 64 619
83 66 691
83 70 341
83 71 840
83 72 301
83 73 380
83 75 930
83 77 343
83 79 140
83 80 727
83 81 923
83 82 718
84 6 518
84 7 829
84 9 31
84 11 670
84 12 63
84 16 89
84 19 643
84 20 641
84 21 119
84 22 173
84 23 290
84 24 803
84 25 512
84 27 906
84 28 211
84 31 995
84 32 877
84 33 310
84 37 120
84 38 1
84 40 755
84 41 94
84 42 163
84 44 184
84 45 338
84 46 192
84 49 579
84 50 139
84 52 769
84 54 658
84 56 253
84 57 660
84 60 736
84 62 244
84 63 633
84 65 260
84 66 251
84 67 15
84 68 229
84 71 741
84 72 385
84 74 609
84 76 166
84 78 527
84 79 694
84 80 249
84 81 668
84 82 981
85 1 157
85 2 440
85 3 827
85 5 643
85 7 911
85 8 602
85 9 100
85 12 856
85 15 426
85 16 604
85 19 650
85 20 258
85 24 155
85 25 498
85 26 332
85 28 817
85 30 750
85 32 489
85 35 681
85 37 770
85 39 368
85 41 493
85 43 83
85 44 479
85 47 832
85 50 794
85 52 148
85 53 868
85 55 182
85 61 559
85 64 264
85 65 832
85 66 451
85 67 175
85 69 948
85 71 836
85 74 679
85 75 450
85 78 853
85 79 301
85 80 570
85 81 117
85 83 817
85 84 718
86 8 523
86 9 413
86 11 877
86 16 467
86 17 738
86 18 145
86 19 105
86 20 636
86 23 881
86 24 931
86 25 993
86 26 34
86 28 987
86 29 414
86 30 508
86 31 856
86 32 983
86 36 638
86 38 31
86 39 186
86 41 126
86 42 84
86 45 177
86 47 554
86 50 234
86 51 858
86 52 734
86 53 738
86 54 664
86 56 380
86 59 606
86 60 641
86 62 473
86 63 654
86 64 865
86 66 766
86 67 59
86 69 335
86 70 93
86 72 285
86 73 354
86 74 523
86 77 553
86 81 955
86 83 537
87 1 678
87 3 496
87 4 14
87 8 704
87 9 527
87 11 457
87 12 23
87 13 780
87 14 49
87 15 272
87 17 194
87 19 434
87 20 32
87 23 850
87 26 911
87 27 274
87 30 119
87 32 860
87 36 927
87 37 219
87 40 835
87 41 270
87 44 99
87 45 125
87 46 665
87 48 30
87 50 175
87 51 711
87 52 325
87 53 258
87 55 826
87 56 650
87 60 573
87 66 433
87 67 942
87 68 975
87 72 835
87 73 177
87 75 926
87 77 157
87 80 507
87 81 902
87 82 357
87 83 297
87 85 108
87 86 732
88 2 442
88 4 800
88 6 373
88 7 682
88 10 639
88 11 194
88 18 377
88 19 953
88 21 989
88 22 456
88 25 704
88 26 509
88 27 672
88 28 151
88 29 196
88 32 741
88 33 272
88 35 218
88 36 659
88 46 224
88 47 120
88 49 489
88 50 708
88 51 282
88 52 436
88 54 911
88 55 232
88 61 784
88 65 195
88 66 122
88 67 800
88 70 825
88 74 86
88 75 141
88 77 412
88 78 908
88 79 850
88 81 361
88 82 726
88 83 423
88 84 499
88 86 460
88 87 896
89 1 921
89 7 649
89 8 746
89 11 645
89 12 418
89 13 402
89 14 965
89 17 220
89 18 575
89 19 734
89 20 584
89 21 721
89 23 984
89 24 445
89 25 8
89 26 126
89 27 632
89 31 547
89 35 998
89 39 331
89 40 335
89 43 205
89 45 482
89 46 916
89 47 240
89 55 672
89 56 950
89 57 490
89 58 231
89 59 359
89 61 683
89 63 325
89 66 279
89 68 35
89 70 205
89 71 734
89 73 278
89 79 990
89 80 184
89 83 503
89 85 539
89 86 469
89 87 669
89 88 974
90 1 54
90 2 73
90 3 909
90 5 181
90 6 113
90 7 237
90 8 570
90 11 140
90 15 660
90 16 502
90 17 233
90 19 414
90 20 374
90 21 238
90 27 830
90 30 310
90 33 948
90 36 588
90 39 870
90 40 220
90 41 587
90 42 784
90 47 954
90 49 661
90 50 901
90 51 378
90 54 386
90 55 950
90 57 435
90 58 172
90 60 595
90 61 629
90 63 602
90 67 288
90 68 25
90 69 682
90 70 152
90 71 630
90 73 709
90 75 650
90 77 867
90 78 163
90 82 400
90 83 133
90 84 66
90 85 382
90 87 137
91 1 828
91 2 114
91 3 215
91 6 774
91 12 443
91 13 558
91 15 102
91 19 814
91 20 952
91 21 969
91 23 41
91 26 90
91 28 990
91 32 976
91 33 107
91 35 946
91 36 742
91 38 940
91 40 987
91 41 215
91 47 706
91 49 70
91 50 48
91 51 880
91 53 285
91 54 296
91 55 194
91 56 562
91 59 778
91 60 253
91 61 642
91 62 132
91 63 213
91 66 853
91 69 483
91 70 495
91 71 996
91 72 570
91 73 92
91 74 96
91 75 325
91 77 700
91 79 204
91 81 471
91 83 176
91 85 233
91 86 586
91 88 348
91 89 751
92 1 529
92 2 874
92 5 709
92 6 89
92 7 71
92 8 222
92 10 894
92 12 408
92 13 511
92 15 1
92 16 394
92 18 879
92 21 203
92 22 831
92 24 299
92 25 631
92 26 52
92 28 87
92 29 925
92 30 54
92 32 986
92 33 31
92 36 343
92 37 497
92 38 615
92 40 126
92 42 479
92 45 766
92 46 785
92 47 743
92 53 537
92 55 298
92 56 188
92 59 14
92 61 57
92 62 911
92 63 358
92 64 465
92 65 204
92 67 935
92 69 300
92 70 154
92 73 823
92 75 157
92 76 128
92 77 6
92 78 549
92 82 172
92 83 170
92 84 796
92 86 107
92 87 468
92 88 935
92 89 88
92 90 332
92 91 532
93 1 257
93 2 441
93 3 465
93 7 672
93 8 356
93 9 170
93 11 838
93 12 133
93 13 445
93 14 858
93 29 210
93 32 282
93 40 336
93 41 16
93 45 384
93 47 364
93 49 489
93 50 135
93 51 255
93 52 138
93 53 617
93 54 102
93 57 494
93 59 315
93 60 498
93 61 156
93 63 543
93 64 71
93 66 506
93 68 826
93 71 47
93 72 114
93 76 462
93 77 619
93 82 218
93 83 847
93 85 621
93 86 304
93 87 153
93 91 442
94 3 865
94 7 486
94 10 44
94 11 123
94 13 249
94 15 845
94 16 534
94 17 795
94 22 696
94 23 100
94 28 127
94 31 287
94 33 661
94 34 790
94 36 123
94 37 647
94 40 173
94 41 831
94 42 481
94 46 108
94 49 586
94 52 512
94 53 723
94 54 490
94 59 66
94 60 647
94 61 878
94 63 161
94 66 79
94 67 71
94 68 535
94 69 884
94 71 125
94 72 527
94 73 727
94 75 147
94 76 238
94 77 954
94 81 209
94 83 278
94 84 239
94 86 403
94 90 741
94 92 490
94 93 174
95 1 846
95 3 745
95 4 163
95 5 156
95 7 236
95 8 597
95 9 154
95 10 861
95 12 441
95 15 813
95 20 299
95 22 184
95 24 921
95 25 307
95 28 283
95 29 59
95 31 802
95 35 42
95 37 746
95 38 307
95 39 192
95 40 639
95 41 381
95 45 500
95 46 395
95 47 3
95 48 147
95 49 719
95 55 812
95 56 126
95 57 686
95 58 929
95 61 458
95 62 109
95 63 992
95 64 364
95 66 493
95 67 284
95 70 695
95 71 651
95 74 112
95 75 415
95 76 527
95 78 674
95 79 380
95 80 135
95 84 953
95 86 245
95 88 327
95 89 445
95 90 175
95 91 116
95 93 750
96 3 521
96 5 167
96 6 348
96 8 160
96 9 875
96 10 12
96 15 918
96 17 583
96 20 468
96 25 188
96 26 114
96 27 151
96 28 685
96 29 333
96 31 511
96 33 933
96 35 618
96 36 160
96 38 323
96 39 512
96 40 884
96 42 80
96 43 389
96 44 429
96 45 303
96 46 252
96 50 918
96 51 410
96 53 116
96 54 237
96 58 39
96 61 460
96 62 954
96 64 234
96 65 839
96 66 305
96 69 921
96 70 511
96 73 788
96 74 825
96 75 814
96 79 857
96 81 302
96 83 420
96 89 194
96 90 271
97 1 950
97 2 376
97 3 412
97 4 283
97 5 711
97 6 516
97 7 812
97 9 992
97 10 557
97 12 485
97 14 591
97 15 340
97 16 927
97 18 564
97 20 591
97 21 504
97 30 710
97 32 1000
97 33 573
97 34 412
97 36 981
97 37 327
97 40 337
97 42 765
97 43 583
97 47 241
97 48 127
97 50 120
97 52 562
97 53 409
97 55 650
97 58 158
97 62 777
97 63 890
97 65 501
97 70 978
97 71 672
97 72 864
97 74 352
97 75 66
97 79 917
97 81 502
97 86 694
97 87 744
97 88 142
98 2 237
98 4 956
98 6 733
98 7 554
98 8 755
98 10 97
98 14 838
98 16 516
98 17 553
98 22 234
98 24 47
98 25 527
98 27 909
98 30 381
98 32 1000
98 33 653
98 34 422
98 37 293
98 40 945
98 42 658
98 43 690
98 45 630
98 47 482
98 49 659
98 52 672
98 53 678
98 56 253
98 58 40
98 59 563
98 61 433
98 62 633
98 63 51
98 64 417
98 65 443
98 67 948
98 71 505
98 73 194
98 76 283
98 79 915
98 81 21
98 84 932
98 85 258
98 86 549
98 87 786
98 89 386
98 90 365
98 91 183
98 92 863
98 94 638
98 97 907
99 4 186
99 5 202
99 6 678
99 9 778
99 11 596
99 12 999
99 13 190
99 17 784
99 19 74
99 20 420
99 21 867
99 23 125
99 29 402
99 30 288
99 33 497
99 36 380
99 39 110
99 40 50
99 41 247
99 44 151
99 45 287
99 48 841
99 49 366
99 50 926
99 51 171
99 54 101
99 55 721
99 56 375
99 60 304
99 63 904
99 65 50
99 66 908
99 69 195
99 76 496
99 77 548
99 79 174
99 80 561
99 81 536
99 83 541
99 86 483
99 89 291
99 90 664
99 93 125
99 94 483
99 96 524
99 97 862
99 98 793
100 2 816
100 3 212
100 5 583
100 7 836
100 11 942
100 13 32
100 15 155
100 16 942
100 18 912
100 20 510
100 21 353
100 25 3
100 26 423
100 27 476
100 31 148
100 33 225
100 34 927
100 35 643
100 37 291
100 38 99
100 40 323
100 41 876
100 42 738
100 43 130
100 44 481
100 47 866
100 48 941
100 49 79
100 53 159
100 55 240
100 56 403
100 57 131
100 60 78
100 61 955
100 62 487
100 63 368
100 64 184
100 66 552
100 67 863
100 70 883
100 71 363
100 74 674
100 75 604
100 77 626
100 78 525
100 80 740
100 81 25
100 83 382
100 86 982
100 87 211
100 89 90
100 91 955
100 92 452
100 93 378
100 94 484
100 95 726
101 1 371
101 4 63
101 8 375
101 9 439
101 10 303
101 12 102
101 15 589
101 19 96
101 23 349
101 25 394
101 26 568
101 28 618
101 29 960
101 30 309
101 32 47
101 35 418
101 37 626
101 38 472
101 39 103
101 40 62
101 41 649
101 43 75
101 44 408
101 45 485
101 46 195
101 47 531
101 49 838
101 53 110
101 54 189
101 56 747
101 57 187
101 61 789
101 69 51
101 71 882
101 73 733
101 74 5
101 75 795
101 77 343
101 80 143
101 83 462
101 84 707
101 85 586
101 86 360
101 87 180
101 89 94
101 90 447
101 92 444
101 99 110
101 100 416
102 1 520
102 4 801
102 7 15
102 12 720
102 13 358
102 14 452
102 15 639
102 17 693
102 18 997
102 23 902
102 24 173
102 25 909
102 27 993
102 29 715
102 30 346
102 31 854
102 32 539
102 33 132
102 37 150
102 39 165
102 41 731
102 42 963
102 45 359
102 46 860
102 47 715
102 51 545
102 55 666
102 58 832
102 62 750
102 65 411
102 67 314
102 68 798
102 70 490
102 71 608
102 72 810
102 73 787
102 75 139
102 77 711
102 78 117
102 79 642
102 80 929
102 82 671
102 85 153
102 88 230
102 92 817
102 93 657
102 97 855
102 98 872
102 99 164
102 100 496
103 3 660
103 7 58
103 8 797
103 10 965
103 11 412
103 13 853
103 15 242
103 18 623
103 22 338
103 23 83
103 26 115
103 27 626
103 32 166
103 33 776
103 40 240
103 41 514
103 42 919
103 46 589
103 47 27
103 48 907
103 49 176
103 51 809
103 54 887
103 56 667
103 57 970
103 58 422
103 59 597
103 63 187
103 66 755
103 67 907
103 68 218
103 70 341
103 73 975
103 76 157
103 77 405
103 78 850
103 80 446
103 82 698
103 83 753
103 85 97
103 86 746
103 90 781
103 93 295
103 102 410
104 1 247
104 2 191
104 5 562
104 9 121
104 12 919
104 16 581
104 18 591
104 19 899
104 20 505
104 22 700
104 23 267
104 24 412
104 26 799
104 27 832
104 29 955
104 31 973
104 33 212
104 34 285
104 35 584
104 36 656
104 38 414
104 40 866
104 44 260
104 46 861
104 47 881
104 48 162
104 49 554
104 50 982
104 51 330
104 53 784
104 54 344
104 56 778
104 57 347
104 59 594
104 60 975
104 63 745
104 64 132
104 65 347
104 66 949
104 67 524
104 68 679
104 71 836
104 72 845
104 73 387
104 75 898
104 77 11
104 79 863
104 81 422
104 85 666
104 87 190
104 93 630
104 94 108
104 95 926
104 97 515
104 98 543
104 99 900
104 100 915
104 101 245
105 1 355
105 2 208
105 8 981
105 13 841
105 15 757
105 18 954
105 19 553
105 20 108
105 21 858
105 23 364
105 24 247
105 25 62
105 26 267
105 27 154
105 32 765
105 33 857
105 34 723
105 39 28
105 40 118
105 41 812
105 42 383
105 43 22
105 45 179
105 46 460
105 47 896
105 48 47
105 53 379
105 56 5
105 57 325
105 58 169
105 59 844
105 60 3
105 62 441
105 66 72
105 68 96
105 70 340
105 71 945
105 72 872
105 74 366
105 76 975
105 78 648
105 80 216
105 81 592
105 84 616
105 93 190
105 97 996
105 98 197
105 100 868
105 103 902
105 104 434
106 1 422
106 6 392
106 7 106
106 8 931
106 9 690
106 17 516
106 18 373
106 19 592
106 20 228
106 24 382
106 25 852
106 29 393
106 30 595
106 31 219
106 33 599
106 34 489
106 35 175
106 36 65
106 43 898
106 45 148
106 46 584
106 50 569
106 52 781
106 54 976
106 56 83
106 58 443
106 62 393
106 64 556
106 65 740
106 66 598
106 69 175
106 74 602
106 75 557
106 80 832
106 81 728
106 87 450
106 88 144
106 91 826
106 95 184
106 97 50
106 99 198
106 103 969
106 105 926
107 2 592
107 3 17
107 4 653
107 5 216
107 6 529
107 7 454
107 9 198
107 10 962
107 14 606
107 17 15
107 18 172
107 20 549
107 21 264
107 22 703
107 23 564
107 26 112
107 27 123
107 28 88
107 29 872
107 30 324
107 33 80
107 35 76
107 38 308
107 43 208
107 45 550
107 47 802
107 50 573
107 52 272
107 53 764
107 54 159
107 55 135
107 56 938
107 57 378
107 61 435
107 64 835
107 65 646
107 67 946
107 68 126
107 69 705
107 70 485
107 71 370
107 72 730
107 73 111
107 75 902
107 77 11
107 82 862
107 84 906
107 86 619
107 87 126
107 89 514
107 93 151
107 94 478
107 97 591
107 98 800
107 102 11
107 103 429
107 106 510
108 1 892
108 5 555
108 6 892
108 7 446
108 10 170
108 11 62
108 12 120
108 13 986
108 15 156
108 16 615
108 17 602
108 19 108
108 26 645
108 27 81
108 32 235
108 35 749
108 36 335
108 37 367
108 38 578
108 41 572
108 44 188
108 45 868
108 46 464
108 47 137
108 49 933
108 58 992
108 59 31
108 60 665
108 62 224
108 63 289
108 65 756
108 70 571
108 74 569
108 75 68
108 77 693
108 80 174
108 81 885
108 83 685
108 84 949
108 88 512
108 92 284
108 96 64
108 100 243
108 101 491
108 103 529
108 106 5
108 107 917
109 1 864
109 2 125
109 4 518
109 5 740
109 7 855
109 8 436
109 9 515
109 11 675
109 12 625
109 13 43
109 18 371
109 19 345
109 20 59
109 22 749
109 26 115
109 28 465
109 29 525
109 30 651
109 31 206
109 33 273
109 35 341
109 37 609
109 40 917
109 44 65
109 45 918
109 47 596
109 49 676
109 50 914
109 53 342
109 62 642
109 63 258
109 64 790
109 65 668
109 67 561
109 69 369
109 70 668
109 71 782
109 74 842
109 75 211
109 76 875
109 79 795
109 81 93
109 82 767
109 83 926
109 84 313
109 89 570
109 92 432
109 96 493
109 100 803
109 101 112
109 102 487
109 106 417
110 5 889
110 11 208
110 13 207
110 15 889
110 16 816
110 17 447
110 18 783
110 21 199
110 24 48
110 25 138
110 26 438
110 30 195
110 33 735
110 35 629
110 36 650
110 38 577
110 41 344
110 45 447
110 46 263
110 50 419
110 51 550
110 52 887
110 53 387
110 54 98
110 55 761
110 56 433
110 58 915
110 59 117
110 60 462
110 62 56
110 63 292
110 67 614
110 68 121
110 69 83
110 73 360
110 74 816
110 75 178
110 78 271
110 79 447
110 82 596
110 83 104
110 84 671
110 85 730
110 87 373
110 89 800
110 92 321
110 93 316
110 94 582
110 96 409
110 97 987
110 99 862
110 100 883
110 101 914
110 104 192
110 107 704
110 109 134
111 2 607
111 3 328
111 6 474
111 7 988
111 10 380
111 11 907
111 12 220
111 13 984
111 14 950
111 15 872
111 16 982
111 19 278
111 21 476
111 22 512
111 25 550
111 27 934
111 29 225
111 32 925
111 35 774
111 36 678
111 37 274
111 39 47
111 40 719
111 43 922
111 44 133
111 46 879
111 47 20
111 49 416
111 50 221
111 51 512
111 52 440
111 53 783
111 54 449
111 55 273
111 57 387
111 64 96
111 66 254
111 67 961
111 69 92
111 70 408
111 75 131
111 76 46
111 78 8
111 79 381
111 81 119
111 82 906
111 83 454
111 84 685
111 85 121
111 87 684
111 88 74
111 89 36
111 91 336
111 93 450
111 95 958
111 96 767
111 105 523
112 1 57
112 2 654
112 3 768
112 8 694
112 11 875
112 12 495
112 13 70
112 14 504
112 16 620
112 17 432
112 22 689
112 24 357
112 25 66
112 26 180
112 27 400
112 28 130
112 29 78
112 30 203
112 31 870
112 33 110
112 42 264
112 46 294
112 47 773
112 53 308
112 54 892
112 57 370
112 58 566
112 59 812
112 60 134
112 63 267
112 68 315
112 70 870
112 72 924
112 73 694
112 76 442
112 80 98
112 81 924
112 82 824
112 84 426
112 86 348
112 87 436
112 88 683
112 90 150
112 91 662
112 92 998
112 93 184
112 95 844
112 96 864
112 101 323
112 102 644
112 104 89
113 1 272
113 4 103
113 5 102
113 7 684
113 10 5
113 11 68
113 14 123
113 15 856
113 16 620
113 24 994
113 30 244
113 35 25
113 36 188
113 41 71
113 43 511
113 46 186
113 48 584
113 56 565
113 57 908
113 59 321
113 64 79
113 65 621
113 66 181
113 68 599
113 69 273
113 74 248
113 77 386
113 78 447
113 79 538
113 83 508
113 84 930
113 85 958
113 86 137
113 87 853
113 89 387
113 90 879
113 93 737
113 100 702
113 102 877
113 104 468
113 105 354
113 106 892
113 108 158
113 110 73
113 111 870
113 112 246
114 1 739
114 3 226
114 4 479
114 5 797
114 7 274
114 8 312
114 10 70
114 11 64
114 16 849
114 17 403
114 18 524
114 21 811
114 24 14
114 26 83
114 27 171
114 30 579
114 31 767
114 32 660
114 33 539
114 35 522
114 36 987
114 37 673
114 38 698
114 39 838
114 40 592
114 41 397
114 43 979
114 46 413
114 47 433
114 48 446
114 49 991
114 50 381
114 51 907
114 52 260
114 53 30
114 54 751
114 55 280
114 57 595
114 60 601
114 63 636
114 64 133
114 65 701
114 66 401
114 68 787
114 69 591
114 70 929
114 71 643
114 72 756
114 73 958
114 76 548
114 82 31
114 83 239
114 88 54
114 91 183
114 92 373
114 93 606
114 96 475
114 97 392
114 98 87
114 99 967
114 100 729
114 101 770
114 102 992
114 103 185
114 104 659
114 105 188
114 107 363
114 110 689
114 113 107
115 2 520
115 3 681
115 5 108
115 6 532
115 7 604
115 9 514
115 10 114
115 11 541
115 15 908
115 16 650
115 18 349
115 22 806
115 26 961
115 27 895
115 29 345
115 32 656
115 35 554
115 37 944
115 39 165
115 44 553
115 45 566
115 46 257
115 49 613
115 50 478
115 53 793
115 58 330
115 59 320
115 61 750
115 62 927
115 67 779
115 68 831
115 69 104
115 72 977
115 74 938
115 76 226
115 77 953
115 81 764
115 83 826
115 84 136
115 85 915
115 87 407
115 93 483
115 95 345
115 96 774
115 98 235
115 101 465
115 102 577
115 105 377
115 107 872
116 2 155
116 5 813
116 9 138
116 10 834
116 11 41
116 12 942
116 13 231
116 14 528
116 16 26
116 18 228
116 20 63
116 21 221
116 22 70
116 24 713
116 25 671
116 27 566
116 28 561
116 29 575
116 30 924
116 32 548
116 33 928
116 34 181
116 36 773
116 37 887
116 39 676
116 41 425
116 42 732
116 45 822
116 48 839
116 50 785
116 51 775
116 56 235
116 57 387
116 58 985
116 62 437
116 64 257
116 66 958
116 69 708
116 74 520
116 75 35
116 77 623
116 80 603
116 81 189
116 84 427
116 86 19
116 87 235
116 90 929
116 92 118
116 94 952
116 95 733
116 99 83
116 101 449
116 105 341
116 107 440
117 2 550
117 3 875
117 5 560
117 6 550
117 7 764
117 10 786
117 12 937
117 18 778
117 22 450
117 23 510
117 24 390
117 27 343
117 28 693
117 29 856
117 31 85
117 32 767
117 33 458
117 35 13
117 36 322
117 37 945
117 38 403
117 40 188
117 42 509
117 49 194
117 50 827
117 51 303
117 52 368
117 54 421
117 57 516
117 58 55
117 59 816
117 63 996
117 64 960
117 68 592
117 69 900
117 71 591
117 76 19
117 79 478
117 83 867
117 86 90
117 87 887
117 89 419
117 91 444
117 94 214
117 96 43
117 98 547
117 99 689
117 100 49
117 101 451
117 102 195
117 105 964
117 110 994
117 111 776
117 113 234
117 116 36
118 1 546
118 4 95
118 5 61
118 7 115
118 8 760
118 13 506
118 16 39
118 21 599
118 25 3
118 28 174
118 29 528
118 30 947
118 32 546
118 33 743
118 34 29
118 36 455
118 37 193
118 38 448
118 39 640
118 41 699
118 42 594
118 43 376
118 45 123
118 47 879
118 48 705
118 49 909
118 51 74
118 52 614
118 53 335
118 54 582
118 57 224
118 59 767
118 60 468
118 61 788
118 64 791
118 65 565
118 66 883
118 67 641
118 71 685
118 73 95
118 74 216
118 75 271
118 76 244
118 80 461
118 82 851
118 85 234
118 88 194
118 89 708
118 90 429
118 93 817
118 95 512
118 96 31
118 100 706
118 102 84
118 105 447
118 106 606
118 107 877
118 108 584
118 110 715
118 115 365
118 116 459
119 1 709
119 2 260
119 5 657
119 6 82
119 10 682
119 11 705
119 14 698
119 15 821
119 16 826
119 17 917
119 19 328
119 21 60
119 22 120
119 23 553
119 24 387
119 25 8
119 27 189
119 28 768
119 29 904
119 30 817
119 32 520
119 34 165
119 35 781
119 37 265
119 38 326
119 39 658
119 41 573
119 46 31
119 49 543
119 51 535
119 53 921
119 55 624
119 58 441
119 59 578
119 60 926
119 63 910
119 70 988
119 72 969
119 74 804
119 75 448
119 76 186
119 78 34
119 79 550
119 80 366
119 82 339
119 86 881
119 87 884
119 89 601
119 90 545
119 95 657
119 96 186
119 97 59
119 98 835
119 99 202
119 102 984
119 105 367
119 106 677
119 107 999
119 108 279
119 109 426
119 112 751
119 113 185
119 114 765
119 116 868
119 117 321
120 3 959
120 4 319
120 5 110
120 6 144
120 7 718
120 10 332
120 12 949
120 14 97
120 15 272
120 16 852
120 17 48
120 22 918
120 23 894
120 25 768
120 28 11
120 32 648
120 33 384
120 34 70
120 35 387
120 42 990
120 43 672
120 46 830
120 51 278
120 52 905
120 53 700
120 54 985
120 56 279
120 58 700
120 59 71
120 64 442
120 65 225
120 67 80
120 70 451
120 71 820
120 72 687
120 76 356
120 77 494
120 83 960
120 84 55
120 85 673
120 87 276
120 88 758
120 92 955
120 93 937
120 94 489
120 95 915
120 96 600
120 100 966
120 101 876
120 102 942
120 103 992
120 104 519
120 105 605
120 107 630
120 108 166
120 109 838
120 113 743
120 114 134
120 115 656
120 116 204
120 118 609
120 119 722
121 1 266
121 2 136
121 3 127
121 5 988
121 6 612
121 9 778
121 12 791
121 16 188
121 17 631
121 20 68
121 23 371
121 24 9
121 25 130
121 27 886
121 31 115
121 34 313
121 35 133
121 36 108
121 44 143
121 45 45
121 47 317
121 48 785
121 49 855
121 50 895
121 52 950
121 61 613
121 63 718
121 65 882
121 67 504
121 68 127
121 71 764
121 73 41
121 74 669
121 75 803
121 76 99
121 79 336
121 80 252
121 81 1000
121 83 286
121 84 622
121 86 265
121 87 393
121 88 666
121 89 314
121 90 578
121 92 257
121 93 91
121 94 58
121 96 998
121 100 710
121 101 836
121 102 898
121 103 239
121 104 662
121 105 790
121 109 308
121 110 495
121 114 35
121 117 503
121 118 22
122 1 489
122 5 464
122 6 523
122 10 535
122 11 426
122 13 874
122 15 629
122 18 164
122 20 203
122 23 465
122 24 875
122 25 405
122 26 189
122 28 865
122 31 603
122 32 468
122 36 822
122 37 270
122 38 312
122 39 462
122 41 844
122 44 940
122 46 890
122 49 624
122 51 504
122 53 831
122 56 547
122 58 351
122 60 464
122 61 171
122 63 785
122 64 954
122 66 629
122 69 538
122 70 299
122 71 438
122 73 957
122 74 863
122 76 505
122 77 884
122 79 39
122 81 10
122 82 140
122 84 516
122 87 487
122 89 494
122 91 566
122 94 792
122 96 53
122 97 662
122 98 791
122 99 216
122 101 91
122 103 729
122 104 659
122 105 723
122 106 703
122 109 897
122 112 178
122 113 708
122 117 127
122 119 752
122 121 451
123 2 953
123 4 182
123 5 651
123 7 515
123 8 961
123 10 261
123 14 709
123 15 626
123 16 688
123 17 281
123 18 782
123 19 836
123 20 512
123 25 706
123 29 801
123 31 881
123 32 730
123 33 153
123 39 816
123 40 706
123 41 407
123 49 341
123 51 489
123 53 260
123 54 711
123 56 910
123 57 630
123 58 147
123 59 282
123 60 989
123 63 419
123 67 356
123 69 45
123 74 481
123 75 482
123 77 606
123 78 720
123 82 604
123 83 575
123 88 874
123 92 515
123 93 753
123 94 700
123 95 842
123 96 855
123 97 499
123 100 973
123 102 725
123 105 382
123 106 73
123 109 86
123 110 138
123 111 984
123 113 337
123 115 422
123 117 726
123 118 710
123 119 889
123 122 127
124 1 984
124 2 714
124 4 26
124 5 856
124 6 305
124 7 345
124 10 710
124 11 471
124 12 760
124 14 339
124 16 849
124 18 410
124 19 506
124 22 633
124 23 844
124 25 530
124 26 714
124 28 99
124 29 823
124 30 939
124 32 229
124 33 727
124 35 901
124 38 757
124 40 174
124 42 925
124 43 393
124 44 540
124 45 381
124 47 386
124 49 339
124 50 822
124 51 36
124 54 937
124 57 915
124 60 696
124 61 773
124 62 314
124 65 461
124 67 458
124 70 471
124 72 182
124 73 158
124 74 273
124 75 98
124 76 474
124 78 287
124 79 380
124 81 433
124 83 621
124 86 516
124 88 923
124 91 840
124 92 975
124 93 158
124 94 725
124 95 544
124 97 487
124 99 169
124 101 155
124 102 274
124 104 625
124 105 309
124 107 281
124 114 632
124 115 59
124 116 561
124 117 625
124 118 632
124 119 825
124 120 59
124 123 335
125 1 311
125 2 989
125 3 520
125 4 489
125 6 79
125 7 142
125 8 472
125 11 761
125 12 753
125 16 157
125 20 668
125 22 864
125 23 132
125 25 610
125 26 753
125 28 301
125 30 387
125 31 749
125 33 602
125 34 557
125 36 739
125 39 120
125 42 526
125 43 479
125 44 938
125 49 572
125 50 139
125 51 756
125 55 427
125 57 119
125 59 884
125 61 339
125 67 754
125 68 27
125 70 764
125 73 992
125 76 711
125 77 659
125 78 323
125 80 731
125 81 858
125 82 618
125 83 361
125 85 776
125 86 807
125 96 286
125 98 790
125 101 29
125 103 799
125 105 959
125 109 611
125 110 331
125 113 978
125 115 895
125 117 504
125 118 726
125 119 75
125 120 68
125 121 804
125 122 807
125 124 9
126 3 416
126 4 117
126 9 533
126 12 451
126 13 147
126 15 253
126 16 874
126 19 306
126 20 778
126 21 959
126 23 555
126 25 885
126 26 914
126 27 872
126 31 157
126 32 609
126 34 587
126 35 739
126 37 728
126 38 25
126 40 920
126 41 982
126 43 440
126 45 462
126 47 418
126 48 231
126 53 37
126 55 305
126 56 992
126 57 39
126 58 933
126 59 692
126 61 409
126 62 583
126 64 734
126 65 416
126 66 635
126 68 331
126 70 677
126 71 977
126 73 50
126 74 283
126 75 495
126 77 797
126 78 491
126 79 941
126 81 164
126 84 387
126 85 437
126 86 925
126 87 413
126 88 493
126 89 493
126 93 577
126 94 539
126 95 436
126 97 643
126 99 947
126 100 110
126 101 561
126 105 41
126 106 255
126 107 773
126 109 128
126 110 154
126 111 476
126 112 366
126 113 728
126 116 665
126 117 411
126 120 876
126 122 73
126 123 783
126 124 905
126 125 729
127 2 536
127 3 755
127 4 799
127 5 744
127 6 19
127 7 240
127 11 872
127 12 772
127 14 587
127 15 491
127 16 803
127 19 394
127 22 978
127 28 357
127 30 465
127 34 691
127 35 804
127 36 395
127 38 711
127 39 267
127 41 353
127 46 856
127 48 819
127 49 929
127 50 19
127 52 464
127 53 322
127 56 57
127 58 474
127 59 973
127 63 504
127 64 682
127 67 751
127 70 799
127 71 366
127 73 563
127 74 7
127 75 996
127 77 687
127 78 857
127 79 208
127 82 524
127 84 782
127 86 546
127 88 399
127 90 882
127 92 710
127 93 706
127 94 102
127 95 290
127 96 947
127 100 502
127 102 776
127 103 185
127 108 24
127 109 887
127 110 307
127 111 272
127 112 787
127 114 991
127 116 944
127 119 408
127 120 33
127 126 741
128 1 111
128 3 939
128 4 680
128 5 627
128 6 80
128 7 749
128 8 226
128 12 316
128 13 674
128 15 798
128 16 415
128 17 274
128 18 319
128 19 438
128 23 52
128 25 831
128 26 202
128 27 474
128 28 506
128 29 289
128 30 866
128 31 497
128 32 840
128 33 987
128 34 609
128 36 115
128 40 111
128 41 725
128 42 75
128 46 238
128 47 851
128 49 1000
128 50 767
128 54 783
128 57 300
128 58 649
128 59 767
128 60 806
128 61 295
128 66 200
128 71 464
128 75 627
128 81 83
128 84 610
128 87 402
128 90 745
128 92 465
128 93 804
128 94 38
128 97 788
128 98 705
128 101 66
128 107 994
128 108 545
128 111 211
128 113 26
128 114 210
128 115 247
128 116 472
128 120 810
128 122 105
128 123 614
128 124 37
128 127 30
129 4 619
129 7 687
129 9 853
129 12 520
129 14 847
129 15 839
129 17 384
129 18 608
129 20 290
129 21 857
129 22 852
129 23 937
129 24 136
129 26 958
129 28 83
129 29 27
129 30 59
129 32 999
129 34 827
129 36 261
129 40 228
129 44 234
129 46 432
129 48 798
129 50 437
129 51 156
129 53 784
129 55 202
129 56 465
129 58 337
129 59 493
129 62 191
129 65 87
129 67 930
129 68 228
129 71 73
129 75 38
129 76 417
129 77 431
129 78 310
129 79 920
129 82 999
129 83 40
129 84 921
129 88 734
129 90 545
129 92 513
129 94 287
129 95 752
129 97 610
129 99 930
129 101 512
129 103 611
129 104 329
129 106 797
129 107 499
129 109 562
129 110 713
129 111 466
129 114 134
129 115 236
129 117 98
129 118 810
129 119 113
129 120 868
129 121 670
129 125 68
129 128 903
130 1 345
130 3 388
130 4 212
130 7 795
130 8 133
130 10 150
130 11 879
130 12 706
130 15 423
130 17 574
130 18 814
130 19 950
130 21 501
130 23 431
130 27 654
130 28 434
130 31 326
130 35 802
130 36 47
130 44 922
130 45 134
130 48 191
130 49 37
130 55 943
130 57 812
130 65 517
130 66 385
130 67 677
130 69 714
130 72 109
130 73 331
130 74 710
130 76 172
130 78 316
130 79 118
130 81 92
130 84 248
130 85 517
130 86 215
130 87 603
130 88 942
130 92 148
130 93 39
130 95 297
130 96 478
130 107 644
130 108 360
130 111 332
130 113 491
130 118 267
130 119 583
130 120 551
130 122 174
130 123 868
130 124 224
130 127 754
131 1 524
131 3 364
131 4 459
131 7 643
131 8 641
131 9 572
131 10 168
131 12 999
131 13 654
131 18 895
131 19 331
131 24 285
131 26 933
131 30 198
131 33 28
131 34 261
131 35 554
131 36 755
131 40 761
131 42 524
131 43 337
131 45 212
131 48 900
131 49 188
131 51 567
131 52 572
131 54 777
131 57 101
131 60 254
131 62 866
131 63 44
131 69 991
131 70 833
131 71 669
131 73 449
131 74 313
131 76 927
131 81 632
131 82 906
131 83 479
131 85 310
131 86 558
131 89 86
131 90 873
131 92 735
131 93 397
131 95 30
131 96 824
131 97 890
131 98 43
131 99 200
131 100 353
131 101 555
131 104 948
131 110 279
131 111 250
131 117 844
131 118 272
131 119 141
131 120 221
131 122 650
131 124 206
132 2 729
132 5 189
132 6 764
132 10 56
132 12 755
132 15 843
132 16 22
132 18 4
132 19 57
132 20 641
132 21 63
132 23 679
132 24 749
132 25 79
132 27 92
132 28 891
132 30 67
132 33 786
132 36 873
132 37 403
132 39 944
132 40 998
132 42 814
132 44 156
132 46 140
132 47 285
132 49 698
132 53 580
132 55 279
132 56 687
132 59 146
132 60 631
132 61 81
132 63 840
132 64 655
132 65 135
132 66 635
132 67 627
132 70 491
132 71 3
132 73 335
132 74 415
132 75 108
132 77 588
132 78 966
132 82 478
132 86 341
132 87 288
132 88 925
132 89 846
132 90 165
132 91 491
132 92 516
132 94 14
132 95 380
132 99 55
132 101 613
132 103 79
132 104 916
132 106 675
132 109 609
132 110 761
132 111 895
132 115 970
132 118 458
132 119 921
132 120 443
132 122 564
132 126 490
132 130 313
133 2 910
133 3 125
133 4 35
133 7 861
133 10 272
133 11 114
133 14 1000
133 17 584
133 20 334
133 21 414
133 23 511
133 24 857
133 27 952
133 28 709
133 29 990
133 31 913
133 33 877
133 34 676
133 35 108
133 36 109
133 39 845
133 40 241
133 44 230
133 45 530
133 46 436
133 58 279
133 59 697
133 60 12
133 63 442
133 65 143
133 66 908
133 68 873
133 72 507
133 73 598
133 74 406
133 75 442
133 77 755
133 79 214
133 80 988
133 81 894
133 84 112
133 87 699
133 88 721
133 90 436
133 91 633
133 92 890
133 94 155
133 98 525
133 100 681
133 101 577
133 102 710
133 103 282
133 104 460
133 105 522
133 107 811
133 109 73
133 110 132
133 112 464
133 113 380
133 114 153
133 115 519
133 117 405
133 120 504
133 122 617
133 123 220
133 124 153
133 125 425
133 126 437
133 128 940
133 129 707
133 131 233
134 1 199
134 2 910
134 5 177
134 10 947
134 13 119
134 15 521
134 21 162
134 22 50
134 23 806
134 24 300
134 25 177
134 26 177
134 35 12
134 37 969
134 39 744
134 41 399
134 46 164
134 47 940
134 49 446
134 50 942
134 52 465
134 56 180
134 57 685
134 58 571
134 61 946
134 65 898
134 69 699
134 72 461
134 79 84
134 81 940
134 83 225
134 84 475
134 89 225
134 91 262
134 92 706
134 93 708
134 94 977
134 96 373
134 97 141
134 98 812
134 100 962
134 101 32
134 108 912
134 110 925
134 113 368
134 115 93
134 123 907
134 128 919
134 133 887
135 1 336
135 2 728
135 3 798
135 5 941
135 7 898
135 10 133
135 11 665
135 15 773
135 17 964
135 19 717
135 22 926
135 25 322
135 31 274
135 32 165
135 33 748
135 38 373
135 48 302
135 49 411
135 50 667
135 51 875
135 52 288
135 53 671
135 55 240
135 58 909
135 60 160
135 61 986
135 65 352
135 67 25
135 69 446
135 70 48
135 71 178
135 74 135
135 76 48
135 80 583
135 83 877
135 84 392
135 85 925
135 86 3
135 88 753
135 90 981
135 92 477
135 94 415
135 96 384
135 97 351
135 98 123
135 99 597
135 103 610
135 105 919
135 107 945
135 112 989
135 113 234
135 115 644
135 116 55
135 117 176
135 119 556
135 120 267
135 123 566
135 127 835
135 129 226
135 131 718
135 132 284
135 133 372
135 134 237
136 1 89
136 2 365
136 5 871
136 6 333
136 7 975
136 11 838
136 13 279
136 16 568
136 20 806
136 24 896
136 25 986
136 26 633
136 28 627
136 33 971
136 40 487
136 41 812
136 46 792
136 49 859
136 50 461
136 52 435
136 54 250
136 55 67
136 58 186
136 60 274
136 61 341
136 68 966
136 70 647
136 72 339
136 73 231
136 74 386
136 76 711
136 77 535
136 82 529
136 83 776
136 85 743
136 86 522
136 87 359
136 88 47
136 89 429
136 90 641
136 91 736
136 94 975
136 95 659
136 96 927
136 99 947
136 102 146
136 103 443
136 104 138
136 108 260
136 112 497
136 114 260
136 115 658
136 118 891
136 120 850
136 121 397
136 122 954
136 124 558
136 125 445
136 126 678
136 127 771
136 128 771
136 130 370
136 131 878
136 133 842
136 134 744
137 2 592
137 3 948
137 8 650
137 9 24
137 12 832
137 13 361
137 14 91
137 15 165
137 16 196
137 17 787
137 21 985
137 24 304
137 25 641
137 29 208
137 30 664
137 31 356
137 32 647
137 33 246
137 35 458
137 38 661
137 42 677
137 46 783
137 49 343
137 50 141
137 52 110
137 53 89
137 55 180
137 56 821
137 59 478
137 60 869
137 63 333
137 64 414
137 65 339
137 66 662
137 71 402
137 72 286
137 74 794
137 77 453
137 78 935
137 80 466
137 81 701
137 82 901
137 84 513
137 86 241
137 87 362
137 88 275
137 89 278
137 90 812
137 93 371
137 94 951
137 95 959
137 97 108
137 98 97
137 102 348
137 104 255
137 105 34
137 106 803
137 108 364
137 110 675
137 113 217
137 114 56
137 116 186
137 118 872
137 120 709
137 123 576
137 127 942
137 128 512
137 129 563
137 130 114
137 132 260
137 134 688
137 135 727
138 1 737
138 2 468
138 3 231
138 4 437
138 6 81
138 10 5
138 12 538
138 13 838
138 14 537
138 16 99
138 20 974
138 21 362
138 23 710
138 24 207
138 26 833
138 32 691
138 33 932
138 41 58
138 43 252
138 44 550
138 45 230
138 50 303
138 51 167
138 57 560
138 61 208
138 63 200
138 64 864
138 66 306
138 69 778
138 70 891
138 72 312
138 74 583
138 77 706
138 80 663
138 81 413
138 82 405
138 83 80
138 84 222
138 86 715
138 88 34
138 89 722
138 90 557
138 92 745
138 93 977
138 95 875
138 97 635
138 99 261
138 100 166
138 101 54
138 104 923
138 105 725
138 109 270
138 110 807
138 111 67
138 113 533
138 114 711
138 115 62
138 117 15
138 118 738
138 119 37
138 120 952
138 121 4
138 123 311
138 124 127
138 126 361
138 127 929
138 129 238
138 130 400
138 134 39
138 135 628
138 136 841
139 3 30
139 6 215
139 7 489
139 8 916
139 10 613
139 15 451
139 22 858
139 23 765
139 24 522
139 25 478
139 26 721
139 27 357
139 28 374
139 30 560
139 31 984
139 32 138
139 34 286
139 35 489
139 36 622
139 39 349
139 40 719
139 44 790
139 47 61
139 50 522
139 51 635
139 52 385
139 53 323
139 58 361
139 59 712
139 62 856
139 63 451
139 65 572
139 68 431
139 69 69
139 72 422
139 76 829
139 77 938
139 78 957
139 79 330
139 80 822
139 82 259
139 83 35
139 88 862
139 89 345
139 91 24
139 94 968
139 98 102
139 100 23
139 105 724
139 107 705
139 108 966
139 109 606
139 110 359
139 113 930
139 114 17
139 116 364
139 118 173
139 120 949
139 122 926
139 124 63
139 126 363
139 130 455
139 131 390
139 132 684
139 133 463
139 134 777
139 136 916
139 138 185
140 3 132
140 4 324
140 5 373
140 6 5
140 10 649
140 12 467
140 14 700
140 16 711
140 19 895
140 23 347
140 24 929
140 25 127
140 26 624
140 27 111
140 30 653
140 31 547
140 32 961
140 37 82
140 39 769
140 42 31
140 43 308
140 46 404
140 52 896
140 56 601
140 59 596
140 60 149
140 64 593
140 65 269
140 66 307
140 73 188
140 74 405
140 76 672
140 78 316
140 80 486
140 84 363
140 88 463
140 91 122
140 92 1
140 94 711
140 95 471
140 96 554
140 98 761
140 99 428
140 101 922
140 103 504
140 107 131
140 109 632
140 113 384
140 115 17
140 116 335
140 118 380
140 119 283
140 120 933
140 124 889
140 128 186
140 129 365
140 132 662
140 134 961
140 136 754
140 137 393
140 139 387
141 1 563
141 2 220
141 5 588
141 8 436
141 9 123
141 10 435
141 11 925
141 13 982
141 14 867
141 18 601
141 22 749
141 23 129
141 25 295
141 29 218
141 30 92
141 31 972
141 35 932
141 36 642
141 38 446
141 42 523
141 45 731
141 46 930
141 51 255
141 52 623
141 55 441
141 56 55
141 61 14
141 63 222
141 64 273
141 65 57
141 68 281
141 70 595
141 71 731
141 75 939
141 79 214
141 81 319
141 82 795
141 83 55
141 84 196
141 86 948
141 87 779
141 88 958
141 89 45
141 91 355
141 93 877
141 97 842
141 98 39
141 99 409
141 103 527
141 104 987
141 111 785
141 112 97
141 113 544
141 114 504
141 115 353
141 116 381
141 118 745
141 119 298
141 122 773
141 124 821
141 125 962
141 126 863
141 127 12
141 129 478
141 130 589
141 134 95
141 135 898
141 138 283
141 140 61
142 2 219
142 5 24
142 6 82
142 8 565
142 9 518
142 14 854
142 15 305
142 16 881
142 17 823
142 19 913
142 21 309
142 22 206
142 23 154
142 24 959
142 25 540
142 26 539
142 28 65
142 29 40
142 30 921
142 32 69
142 33 183
142 35 59
142 37 362
142 40 48
142 41 963
142 42 819
142 43 207
142 46 804
142 48 212
142 49 280
142 51 649
142 52 210
142 54 126
142 56 449
142 57 391
142 62 575
142 63 306
142 66 588
142 68 138
142 72 80
142 74 809
142 79 700
142 80 122
142 81 204
142 86 207
142 88 283
142 89 188
142 91 993
142 92 148
142 94 979
142 95 969
142 96 764
142 97 874
142 100 112
142 101 84
142 102 105
142 108 203
142 110 935
142 111 860
142 112 676
142 115 111
142 117 159
142 120 302
142 122 884
142 127 827
142 128 78
142 129 880
142 130 387
142 135 71
142 139 233
142 140 930
142 141 752
143 1 153
143 2 899
143 3 707
143 4 887
143 5 325
143 6 623
143 7 190
143 8 165
143 9 792
143 10 655
143 11 777
143 13 449
143 14 98
143 15 140
143 16 905
143 17 836
143 18 300
143 20 145
143 23 865
143 25 700
143 28 386
143 29 14
143 32 45
143 34 648
143 35 340
143 36 485
143 37 667
143 38 696
143 39 124
143 41 410
143 42 435
143 44 475
143 46 92
143 47 3
143 48 13
143 49 398
143 50 964
143 53 564
143 54 83
143 55 207
143 56 607
143 57 735
143 59 491
143 60 218
143 62 266
143 63 794
143 64 565
143 66 714
143 67 197
143 68 457
143 72 976
143 75 8
143 76 273
143 77 821
143 80 963
143 81 758
143 82 528
143 83 840
143 85 1000
143 86 1000
143 87 382
143 88 485
143 91 636
143 92 420
143 93 757
143 94 608
143 95 780
143 96 886
143 98 430
143 99 254
143 103 45
143 104 176
143 106 221
143 107 487
143 108 935
143 109 817
143 111 655
143 112 574
143 113 537
143 114 146
143 119 298
143 120 455
143 121 16
143 122 473
143 123 209
143 124 299
143 130 329
143 134 879
143 139 962
144 1 203
144 3 226
144 4 450
144 5 338
144 9 192
144 12 286
144 13 81
144 16 354
144 18 487
144 19 588
144 21 798
144 22 757
144 25 170
144 28 855
144 29 241
144 31 295
144 37 336
144 39 220
144 40 322
144 41 45
144 42 250
144 43 649
144 49 654
144 52 28
144 53 807
144 56 890
144 57 754
144 62 998
144 66 838
144 67 9
144 69 563
144 77 843
144 84 552
144 86 23
144 88 511
144 91 299
144 93 325
144 94 734
144 97 858
144 99 594
144 101 225
144 102 337
144 103 797
144 104 17
144 106 135
144 107 838
144 112 553
144 114 62
144 116 365
144 120 48
144 121 588
144 122 469
144 127 339
144 128 146
144 129 562
144 130 819
144 131 215
144 133 698
144 134 83
144 136 173
144 137 314
144 138 977
144 139 47
144 141 14
144 142 874
144 143 253
145 4 55
145 6 676
145 9 88
145 10 690
145 12 746
145 14 30
145 15 234
145 16 651
145 18 432
145 20 231
145 21 660
145 22 729
145 23 404
145 25 126
145 27 608
145 28 458
145 30 612
145 32 34
145 34 209
145 35 347
145 38 237
145 39 167
145 40 604
145 43 532
145 44 248
145 45 353
145 47 863
145 51 357
145 52 815
145 54 904
145 57 168
145 58 625
145 60 998
145 63 38
145 64 648
145 65 336
145 69 724
145 70 96
145 72 965
145 73 906
145 75 665
145 76 364
145 79 647
145 80 105
145 81 778
145 83 337
145 87 291
145 88 206
145 89 8
145 90 798
145 92 957
145 101 73
145 102 454
145 103 291
145 106 841
145 107 247
145 111 908
145 114 392
145 115 916
145 116 60
145 117 69
145 121 225
145 126 117
145 129 285
145 134 575
145 135 49
145 136 187
145 140 245
145 143 829
146 4 425
146 6 430
146 8 563
146 10 621
146 12 120
146 13 278
146 14 639
146 17 712
146 19 996
146 21 372
146 33 136
146 37 81
146 39 906
146 41 46
146 42 178
146 44 383
146 45 717
146 46 319
146 47 192
146 48 546
146 50 403
146 51 624
146 52 231
146 54 443
146 55 620
146 61 410
146 62 667
146 65 105
146 66 339
146 67 578
146 69 730
146 70 169
146 73 885
146 76 964
146 83 5
146 84 480
146 85 340
146 87 575
146 89 397
146 93 935
146 94 868
146 97 233
146 99 669
146 104 271
146 107 185
146 108 293
146 109 311
146 112 200
146 115 343
146 116 804
146 119 395
146 120 512
146 122 333
146 123 701
146 128 147
146 131 512
146 136 33
146 137 162
146 139 152
146 140 408
146 141 898
146 142 694
146 143 576
147 1 970
147 2 152
147 4 716
147 5 895
147 6 569
147 7 951
147 8 34
147 9 846
147 10 800
147 11 956
147 13 504
147 15 586
147 17 59
147 20 901
147 24 547
147 26 697
147 27 761
147 29 25
147 30 268
147 34 338
147 37 735
147 40 788
147 43 491
147 44 487
147 46 963
147 54 433
147 57 968
147 58 45
147 60 750
147 62 544
147 63 276
147 67 504
147 70 351
147 77 48
147 78 758
147 80 397
147 84 876
147 86 249
147 87 312
147 91 309
147 92 668
147 93 703
147 94 928
147 95 741
147 96 650
147 100 896
147 101 596
147 102 853
147 104 200
147 108 85
147 109 430
147 112 943
147 114 403
147 115 674
147 117 159
147 118 554
147 119 380
147 122 679
147 123 587
147 124 683
147 126 641
147 127 325
147 131 803
147 132 378
147 133 208
147 134 851
147 135 448
147 136 58
147 137 515
147 139 137
147 140 397
147 141 484
147 142 901
147 143 382
147 145 257
148 1 367
148 2 955
148 3 776
148 4 92
148 5 852
148 6 267
148 9 332
148 10 781
148 11 220
148 15 971
148 16 759
148 19 381
148 20 404
148 21 428
148 23 119
148 24 24
148 28 132
148 29 837
148 30 60
148 32 11
148 34 21
148 35 913
148 36 469
148 37 61
148 39 12
148 40 926
148 42 114
148 44 498
148 46 937
148 47 197
148 49 875
148 50 331
148 52 908
148 54 172
148 55 662
148 58 742
148 60 166
148 62 197
148 63 650
148 64 91
148 66 923
148 67 322
148 68 765
148 70 101
148 73 582
148 75 750
148 77 61
148 81 729
148 83 704
148 90 423
148 91 378
148 93 843
148 96 471
148 99 987
148 101 43
148 102 457
148 103 88
148 106 109
148 107 662
148 109 86
148 110 95
148 111 82
148 112 170
148 114 579
148 115 646
148 117 620
148 119 123
148 120 267
148 122 378
148 123 991
148 125 654
148 126 745
148 127 289
148 128 629
148 129 374
148 133 536
148 135 518
148 136 323
148 137 208
148 140 908
148 143 238
148 144 784
148 145 933
149 1 996
149 4 917
149 6 246
149 8 659
149 10 946
149 13 273
149 16 280
149 17 553
149 18 916
149 19 906
149 21 311
149 22 725
149 23 195
149 25 179
149 27 53
149 28 539
149 30 699
149 36 178
149 37 637
149 38 402
149 39 999
149 40 804
149 41 285
149 43 774
149 45 463
149 47 582
149 51 668
149 52 45
149 53 242
149 54 859
149 59 116
149 61 352
149 62 218
149 65 762
149 66 131
149 67 340
149 68 586
149 70 144
149 72 655
149 74 35
149 78 952
149 79 810
149 81 551
149 82 284
149 84 130
149 91 692
149 96 997
149 97 118
149 99 334
149 100 750
149 101 797
149 103 328
149 107 36
149 111 453
149 112 523
149 113 344
149 114 69
149 117 607
149 119 204
149 120 924
149 121 449
149 124 368
149 128 918
149 130 882
149 133 91
149 134 924
149 136 843
149 137 127
149 138 7
149 140 463
149 143 639
149 144 290
149 145 262
149 146 790
149 147 718
150 1 892
150 3 559
150 5 493
150 6 611
150 8 117
150 9 125
150 10 190
150 11 214
150 12 388
150 13 400
150 15 917
150 17 689
150 19 313
150 24 500
150 25 611
150 27 992
150 28 998
150 30 480
150 31 766
150 32 618
150 33 317
150 34 213
150 38 182
150 39 108
150 40 970
150 43 473
150 44 802
150 47 478
150 49 581
150 53 994
150 56 220
150 57 824
150 59 424
150 60 645
150 62 203
150 63 805
150 67 471
150 72 361
150 73 183
150 74 525
150 77 658
150 78 525
150 79 895
150 80 53
150 82 816
150 83 521
150 86 438
150 87 208
150 88 521
150 89 369
150 92 897
150 93 789
150 95 504
150 96 704
150 99 346
150 103 417
150 107 867
150 108 533
150 109 171
150 111 187
150 112 948
150 114 645
150 115 730
150 117 111
150 118 998
150 121 620
150 123 593
150 124 630
150 125 161
150 127 161
150 128 955
150 131 113
150 132 799
150 133 542
150 135 733
150 137 370
150 140 547
150 142 627
150 143 449
150 144 933
150 145 742
150 149 686
