150
2 1 578
4 2 776
4 3 193
6 1 548
6 3 218
7 3 598
7 4 761
7 6 770
8 2 1
8 3 674
8 6 464
9 1 869
9 3 104
9 5 71
10 1 872
10 3 765
10 6 932
10 7 426
11 1 535
11 3 62
11 7 981
11 8 843
11 9 336
11 10 394
12 4 256
12 10 172
13 1 998
13 2 410
13 5 86
13 10 115
14 7 217
14 10 516
15 1 951
15 2 299
15 4 450
15 5 435
15 8 583
15 9 453
15 10 924
15 11 567
15 12 888
16 5 846
16 7 345
16 9 662
16 10 136
16 12 308
17 1 272
17 5 631
17 6 493
17 10 212
17 13 689
17 15 500
17 16 218
18 1 156
18 3 529
18 5 731
18 6 922
18 7 223
18 10 482
18 12 250
18 15 520
18 16 222
19 2 52
19 3 886
19 9 158
19 10 999
19 12 595
19 14 115
19 16 475
20 2 736
20 3 485
20 4 887
20 6 300
20 7 898
20 8 531
20 12 744
20 15 397
20 16 405
20 17 143
20 18 851
21 1 549
21 2 834
21 5 271
21 6 985
21 7 136
21 8 424
21 11 469
21 15 208
21 16 276
21 17 331
21 18 429
21 19 258
22 4 766
22 6 61
22 9 907
22 11 777
22 12 108
22 13 116
22 14 553
22 15 795
22 16 720
22 17 348
22 18 265
23 4 684
23 6 863
23 7 630
23 8 633
23 9 607
23 11 908
23 12 819
23 13 289
23 14 451
23 16 886
23 20 152
23 21 964
24 2 64
24 5 954
24 6 143
24 10 450
24 11 47
24 13 876
24 15 521
24 17 812
24 18 657
24 19 373
24 20 149
24 22 428
24 23 15
25 1 331
25 2 80
25 3 712
25 5 159
25 6 466
25 7 556
25 11 804
25 12 223
25 14 86
25 15 153
25 16 858
25 18 597
25 19 138
25 22 458
25 24 558
26 2 296
26 3 767
26 5 781
26 6 835
26 7 87
26 8 575
26 11 661
26 14 467
26 18 842
26 20 417
26 24 701
27 1 556
27 3 183
27 6 647
27 7 12
27 8 780
27 12 836
27 13 58
27 15 367
27 17 550
27 19 947
27 21 368
27 22 39
27 23 169
27 24 291
27 25 12
27 26 461
28 1 6
28 2 272
28 3 920
28 6 875
28 7 95
28 11 938
28 13 561
28 14 790
28 15 222
28 18 903
28 19 823
28 21 596
28 22 48
28 23 906
28 24 102
29 7 194
29 10 127
29 11 37
29 13 59
29 14 430
29 17 239
29 18 978
29 19 440
29 22 792
29 28 174
30 2 702
30 4 954
30 5 48
30 9 500
30 11 765
30 14 12
30 15 434
30 16 868
30 25 949
30 26 817
31 2 346
31 3 117
31 6 312
31 7 876
31 9 168
31 14 50
31 21 868
31 25 648
32 1 44
32 3 820
32 4 571
32 5 163
32 8 252
32 11 594
32 12 171
32 16 514
32 17 537
32 21 449
32 24 438
32 27 483
32 28 943
32 31 284
33 1 671
33 4 867
33 6 618
33 9 904
33 11 300
33 12 996
33 13 754
33 14 518
33 16 43
33 17 27
33 18 204
33 19 315
33 22 824
33 24 316
33 29 875
33 30 763
33 32 396
34 3 204
34 4 23
34 5 750
34 7 643
34 8 164
34 11 65
34 14 24
34 15 69
34 17 719
34 19 411
34 20 423
34 21 924
34 24 452
34 26 268
34 28 254
34 30 493
34 31 94
35 5 216
35 6 344
35 7 644
35 9 97
35 10 103
35 11 697
35 16 835
35 19 346
35 20 532
35 22 470
35 23 654
35 24 857
35 26 808
35 27 556
35 28 687
35 30 269
35 33 120
35 34 411
36 1 785
36 11 215
36 19 836
36 23 310
36 26 178
36 27 833
36 28 346
36 32 437
36 33 638
36 34 288
36 35 786
37 2 671
37 3 786
37 4 800
37 5 22
37 7 380
37 8 724
37 9 298
37 10 27
37 11 698
37 13 414
37 14 169
37 15 228
37 16 347
37 18 248
37 21 187
37 22 175
37 24 793
37 26 274
37 31 357
37 32 311
37 33 346
37 35 290
37 36 894
38 3 773
38 4 633
38 5 220
38 7 148
38 10 348
38 12 769
38 14 463
38 16 58
38 17 23
38 18 400
38 21 255
38 22 621
38 23 912
38 24 648
38 26 556
38 29 992
38 31 258
38 32 143
39 1 108
39 2 793
39 5 166
39 7 609
39 10 752
39 11 699
39 16 920
39 17 627
39 19 54
39 23 31
39 26 305
39 29 850
39 31 220
39 37 167
39 38 654
40 1 91
40 5 786
40 11 101
40 12 408
40 13 343
40 14 641
40 17 916
40 23 380
40 25 811
40 31 459
40 32 155
40 33 939
40 34 315
40 35 72
40 36 584
40 38 396
40 39 711
41 1 829
41 3 650
41 5 560
41 6 15
41 19 756
41 20 465
41 21 14
41 22 958
41 25 123
41 26 116
41 29 210
41 30 478
41 31 780
41 33 748
41 34 808
41 35 401
41 36 389
41 37 417
41 38 224
41 39 154
42 2 168
42 3 314
42 4 818
42 9 228
42 11 709
42 17 40
42 18 348
42 19 104
42 20 512
42 24 86
42 25 902
42 26 538
42 28 145
42 29 390
42 30 354
42 31 956
42 32 990
42 33 411
42 34 745
42 36 523
42 38 463
42 40 319
43 1 443
43 2 260
43 4 354
43 5 604
43 6 996
43 8 596
43 10 376
43 12 731
43 14 226
43 15 857
43 19 670
43 21 132
43 22 559
43 26 295
43 27 762
43 28 288
43 30 995
43 32 354
43 39 870
43 40 379
43 41 581
43 42 915
44 5 296
44 7 149
44 10 910
44 11 46
44 16 984
44 19 255
44 20 718
44 21 765
44 25 597
44 26 311
44 31 807
44 33 597
44 35 574
44 37 3
44 38 408
44 39 810
44 42 893
44 43 607
45 1 352
45 2 370
45 4 497
45 10 122
45 11 144
45 12 814
45 14 807
45 19 256
45 21 140
45 22 147
45 23 673
45 24 269
45 25 232
45 27 846
45 28 54
45 30 360
45 35 30
45 36 361
45 37 50
45 40 694
45 41 74
45 42 977
46 2 429
46 4 920
46 6 707
46 8 446
46 11 763
46 16 504
46 17 801
46 18 725
46 21 755
46 25 603
46 26 197
46 27 992
46 28 149
46 36 144
46 37 784
46 39 65
46 40 140
46 44 283
47 1 424
47 3 834
47 4 93
47 5 133
47 6 979
47 8 437
47 9 661
47 13 373
47 14 275
47 19 582
47 20 832
47 22 1
47 24 137
47 26 358
47 27 773
47 29 536
47 31 98
47 33 976
47 34 308
47 41 681
47 44 941
47 45 919
48 1 914
48 6 518
48 7 486
48 8 820
48 12 11
48 15 996
48 17 191
48 20 565
48 23 257
48 24 361
48 25 64
48 28 130
48 29 836
48 31 278
48 33 806
48 34 322
48 37 804
48 38 341
48 40 342
48 41 199
48 42 45
48 44 8
48 46 786
49 1 385
49 4 469
49 5 766
49 8 700
49 10 857
49 11 378
49 13 651
49 15 406
49 18 768
49 20 769
49 26 932
49 28 315
49 29 573
49 30 446
49 31 234
49 33 581
49 34 902
49 38 995
49 40 229
49 41 794
49 43 942
49 44 174
49 45 447
49 46 727
49 47 218
50 2 168
50 3 949
50 6 577
50 8 840
50 9 893
50 13 565
50 15 507
50 17 100
50 18 403
50 20 242
50 21 35
50 29 648
50 30 918
50 31 640
50 32 604
50 36 517
50 39 522
50 40 998
50 41 449
50 42 881
50 43 451
50 45 839
50 48 644
50 49 247
51 1 639
51 2 948
51 3 423
51 7 831
51 8 657
51 9 359
51 10 400
51 13 274
51 19 497
51 20 6
51 22 59
51 26 153
51 30 31
51 36 875
51 37 881
51 38 1000
51 42 981
51 44 749
51 46 69
51 48 740
51 49 150
52 1 507
52 3 982
52 6 185
52 8 787
52 10 241
52 11 391
52 13 218
52 14 848
52 16 265
52 17 200
52 19 50
52 21 578
52 23 280
52 26 984
52 27 391
52 28 56
52 32 75
52 35 809
52 38 218
52 39 754
52 42 211
52 44 873
52 45 411
52 46 130
52 47 828
52 49 929
52 51 691
53 1 202
53 2 245
53 3 387
53 4 309
53 5 638
53 6 993
53 7 404
53 8 205
53 9 202
53 14 297
53 18 591
53 19 501
53 20 699
53 21 469
53 22 551
53 23 606
53 24 962
53 25 519
53 27 711
53 28 375
53 29 292
53 30 854
53 31 969
53 34 225
53 35 281
53 36 343
53 37 30
53 38 826
53 42 781
53 43 989
53 44 464
53 49 644
53 52 301
54 1 578
54 2 73
54 6 703
54 8 329
54 11 564
54 17 420
54 20 459
54 23 22
54 24 620
54 26 556
54 28 101
54 31 421
54 32 155
54 34 251
54 35 373
54 37 63
54 38 73
54 39 831
54 40 674
54 42 230
54 44 356
54 45 438
54 46 729
54 47 579
54 48 582
54 49 251
54 52 865
54 53 611
55 3 917
55 4 309
55 5 116
55 6 165
55 7 495
55 12 995
55 18 109
55 20 941
55 22 445
55 24 408
55 25 434
55 26 914
55 27 811
55 29 881
55 30 149
55 31 904
55 32 295
55 33 502
55 35 677
55 37 596
55 38 705
55 39 194
55 41 717
55 42 193
55 43 1000
55 48 750
55 49 493
55 50 247
55 51 439
55 52 419
55 53 930
56 3 316
56 4 128
56 5 959
56 7 731
56 8 848
56 12 586
56 14 710
56 15 740
56 16 529
56 20 632
56 21 964
56 24 277
56 26 139
56 27 76
56 28 59
56 31 351
56 32 936
56 34 558
56 35 859
56 36 720
56 38 454
56 40 316
56 41 366
56 43 212
56 45 546
56 46 835
56 47 668
56 50 235
56 51 435
57 1 294
57 2 33
57 3 348
57 6 387
57 9 270
57 10 333
57 12 873
57 13 395
57 14 548
57 16 551
57 21 832
57 23 632
57 27 81
57 29 139
57 30 219
57 31 911
57 33 961
57 35 335
57 36 926
57 40 459
57 42 882
57 45 740
57 47 511
57 49 528
57 51 810
57 52 5
57 53 137
57 55 359
58 1 925
58 2 125
58 3 935
58 4 952
58 6 221
58 8 174
58 12 589
58 14 579
58 15 259
58 16 210
58 17 405
58 19 252
58 24 713
58 25 262
58 26 529
58 28 323
58 29 713
58 31 624
58 33 177
58 35 374
58 38 398
58 39 531
58 42 168
58 44 700
58 48 674
58 50 566
58 51 467
58 55 205
58 57 753
59 1 366
59 3 258
59 4 310
59 8 157
59 11 102
59 12 83
59 16 770
59 20 985
59 21 147
59 22 965
59 23 363
59 26 872
59 28 521
59 30 456
59 32 573
59 36 418
59 40 528
59 44 252
59 45 673
59 46 54
59 48 829
59 50 271
59 51 712
59 52 522
59 54 541
59 55 752
59 57 858
60 5 451
60 9 160
60 10 840
60 13 285
60 14 279
60 15 436
60 17 794
60 18 293
60 20 377
60 21 923
60 22 761
60 23 308
60 25 858
60 27 15
60 28 748
60 29 731
60 31 26
60 32 765
60 33 622
60 34 58
60 35 433
60 36 140
60 39 562
60 41 807
60 44 595
60 46 623
60 47 506
60 49 250
60 50 415
60 56 880
60 59 895
61 3 614
61 4 534
61 5 254
61 6 620
61 7 113
61 8 884
61 10 23
61 15 67
61 16 597
61 17 803
61 20 917
61 21 740
61 22 63
61 27 118
61 29 711
61 31 458
61 32 883
61 33 956
61 35 422
61 40 402
61 41 906
61 43 126
61 45 136
61 46 553
61 48 792
61 52 94
61 55 537
61 56 670
61 57 510
62 2 340
62 4 1
62 5 566
62 7 243
62 10 520
62 16 337
62 17 403
62 18 269
62 22 814
62 23 816
62 25 631
62 26 798
62 28 400
62 29 116
62 30 132
62 35 290
62 36 72
62 37 152
62 38 604
62 39 646
62 41 619
62 46 741
62 48 401
62 49 60
62 50 86
62 52 903
62 56 502
62 58 643
63 1 928
63 2 503
63 5 86
63 7 152
63 8 893
63 10 210
63 11 250
63 14 421
63 15 656
63 18 355
63 22 8
63 26 248
63 27 785
63 28 770
63 29 553
63 33 291
63 34 351
63 37 623
63 47 756
63 48 770
63 49 407
63 50 572
63 55 333
63 57 26
63 60 687
63 61 660
63 62 320
64 2 602
64 3 422
64 5 226
64 6 207
64 10 62
64 12 550
64 13 643
64 14 871
64 16 257
64 17 850
64 18 499
64 20 961
64 21 332
64 24 646
64 27 426
64 28 754
64 31 856
64 35 559
64 37 603
64 38 563
64 40 224
64 43 833
64 45 30
64 46 830
64 47 513
64 49 513
64 50 147
64 51 332
64 52 573
64 53 773
64 55 130
64 56 166
64 60 987
64 62 288
65 2 217
65 4 542
65 7 52
65 8 747
65 9 518
65 10 529
65 11 987
65 12 372
65 13 311
65 15 91
65 16 654
65 17 873
65 18 185
65 19 345
65 20 121
65 22 316
65 23 112
65 25 243
65 26 286
65 27 405
65 30 112
65 31 578
65 33 862
65 35 621
65 36 105
65 40 245
65 44 667
65 47 292
65 48 9
65 50 55
65 54 236
65 55 315
65 56 378
65 57 681
65 60 805
65 61 639
66 5 323
66 8 87
66 10 347
66 14 69
66 16 317
66 23 15
66 24 382
66 26 897
66 28 212
66 31 723
66 32 678
66 33 902
66 36 708
66 38 172
66 41 21
66 42 355
66 43 813
66 45 215
66 47 786
66 48 531
66 50 259
66 51 356
66 52 718
66 53 327
66 54 410
66 55 729
66 56 540
66 61 306
66 62 424
66 63 846
66 65 155
67 1 746
67 3 137
67 5 823
67 12 68
67 13 444
67 14 713
67 19 945
67 21 95
67 24 49
67 27 352
67 28 398
67 31 626
67 33 669
67 36 61
67 40 929
67 41 780
67 43 207
67 45 64
67 46 22
67 49 410
67 54 473
67 55 678
67 56 640
67 59 418
67 60 209
67 62 174
67 64 866
67 65 826
68 2 527
68 3 617
68 5 843
68 8 55
68 10 701
68 12 6
68 14 58
68 15 491
68 20 809
68 21 727
68 22 268
68 23 227
68 24 691
68 26 447
68 29 783
68 33 521
68 34 78
68 35 474
68 36 297
68 37 307
68 38 292
68 39 908
68 42 773
68 43 32
68 44 429
68 45 758
68 47 234
68 49 179
68 50 567
68 52 348
68 55 771
68 56 851
68 57 785
68 58 560
68 61 196
68 62 474
68 63 279
68 64 938
68 65 769
69 2 698
69 4 963
69 5 422
69 6 728
69 8 361
69 10 300
69 11 416
69 12 193
69 15 872
69 16 616
69 18 95
69 20 331
69 26 367
69 28 858
69 29 398
69 32 994
69 37 377
69 39 893
69 41 333
69 42 199
69 46 174
69 47 937
69 48 753
69 49 853
69 50 807
69 51 626
69 53 112
69 61 808
69 62 290
69 65 825
69 66 630
70 1 623
70 4 673
70 5 450
70 7 167
70 10 287
70 11 57
70 14 260
70 15 357
70 18 422
70 19 678
70 22 495
70 23 704
70 25 462
70 29 456
70 30 129
70 31 863
70 32 748
70 33 122
70 35 435
70 36 792
70 39 571
70 41 482
70 42 556
70 44 630
70 45 395
70 47 981
70 49 298
70 52 577
70 54 906
70 55 854
70 56 14
70 59 18
70 60 10
70 61 833
70 64 506
70 66 560
70 68 858
70 69 852
71 5 1
71 6 632
71 8 359
71 12 237
71 14 571
71 17 417
71 19 457
71 21 835
71 22 92
71 23 110
71 25 819
71 26 312
71 30 850
71 33 547
71 35 411
71 38 363
71 40 898
71 41 40
71 45 290
71 46 698
71 51 35
71 52 825
71 53 626
71 55 672
71 56 883
71 57 523
71 58 677
71 59 723
71 60 930
71 61 284
71 65 420
71 66 454
71 68 366
72 1 523
72 2 154
72 5 187
72 6 94
72 8 154
72 9 834
72 11 106
72 12 638
72 18 568
72 20 901
72 24 110
72 25 709
72 28 914
72 30 627
72 32 127
72 33 392
72 35 997
72 36 661
72 37 56
72 38 493
72 39 334
72 41 427
72 44 767
72 46 146
72 47 9
72 48 434
72 49 543
72 50 646
72 52 791
72 53 999
72 54 777
72 55 930
72 56 787
72 58 869
72 69 770
72 70 620
72 71 635
73 2 246
73 5 764
73 7 676
73 9 160
73 10 690
73 20 496
73 21 656
73 23 399
73 24 908
73 25 233
73 28 879
73 29 591
73 31 25
73 34 610
73 35 664
73 37 45
73 39 988
73 42 837
73 43 218
73 44 934
73 49 488
73 50 908
73 52 594
73 53 229
73 55 496
73 56 934
73 57 4
73 58 548
73 61 844
73 62 686
73 63 887
73 64 371
73 72 142
74 2 773
74 3 480
74 6 628
74 7 405
74 8 187
74 9 713
74 13 847
74 17 18
74 20 781
74 21 101
74 24 218
74 25 935
74 29 950
74 30 396
74 34 957
74 37 730
74 39 174
74 41 858
74 42 725
74 44 618
74 45 705
74 48 40
74 52 858
74 55 312
74 56 925
74 57 785
74 58 364
74 59 845
74 61 71
74 62 829
74 65 757
74 66 603
74 67 601
74 68 745
74 69 366
74 73 206
75 2 257
75 3 641
75 4 176
75 5 658
75 7 74
75 8 214
75 10 657
75 16 399
75 19 965
75 21 412
75 23 951
75 27 727
75 28 187
75 30 262
75 34 155
75 35 903
75 36 449
75 39 67
75 41 112
75 49 533
75 50 57
75 52 762
75 53 895
75 54 104
75 55 727
75 56 458
75 62 97
75 65 744
75 66 760
75 67 533
75 70 328
75 72 314
76 1 790
76 4 365
76 5 935
76 9 135
76 11 94
76 13 993
76 15 328
76 16 699
76 19 716
76 20 825
76 24 438
76 31 902
76 33 987
76 35 582
76 36 972
76 37 344
76 38 557
76 41 981
76 43 386
76 47 640
76 49 867
76 52 996
76 53 366
76 54 903
76 57 120
76 60 220
76 61 261
76 62 858
76 69 160
76 71 579
76 72 896
76 73 343
76 74 201
76 75 50
77 2 989
77 4 718
77 6 818
77 8 247
77 10 571
77 11 252
77 12 993
77 13 858
77 14 373
77 16 863
77 17 227
77 21 960
77 22 93
77 27 43
77 29 363
77 36 391
77 37 356
77 38 328
77 43 241
77 45 76
77 46 830
77 47 91
77 48 199
77 50 267
77 52 964
77 56 324
77 58 739
77 59 551
77 61 512
77 67 8
77 69 978
77 70 246
77 72 958
77 73 92
77 74 296
77 75 368
77 76 649
78 1 670
78 5 33
78 6 776
78 7 287
78 10 50
78 11 781
78 12 737
78 21 478
78 22 560
78 25 131
78 26 253
78 27 474
78 28 750
78 31 395
78 32 511
78 35 249
78 36 393
78 37 690
78 38 954
78 39 268
78 44 297
78 46 634
78 49 600
78 50 163
78 51 895
78 54 76
78 55 532
78 56 118
78 57 172
78 59 355
78 60 552
78 61 532
78 64 533
78 65 703
78 66 523
78 67 412
78 68 191
78 69 874
78 70 835
78 72 864
78 74 885
78 75 532
78 77 719
79 1 979
79 2 511
79 3 945
79 6 709
79 7 54
79 8 745
79 11 471
79 15 241
79 17 349
79 19 425
79 21 259
79 23 12
79 25 52
79 29 937
79 31 673
79 33 948
79 34 531
79 35 606
79 38 591
79 39 207
79 40 182
79 41 250
79 42 611
79 44 412
79 45 649
79 46 178
79 48 853
79 49 685
79 53 416
79 54 681
79 55 975
79 56 974
79 60 838
79 61 830
79 63 682
79 65 566
79 66 894
79 72 67
79 73 5
79 75 605
79 76 244
79 77 124
80 1 112
80 5 298
80 8 957
80 9 106
80 11 657
80 12 885
80 13 304
80 14 907
80 15 9
80 16 110
80 17 865
80 19 397
80 21 351
80 22 132
80 23 861
80 27 119
80 28 829
80 33 307
80 36 503
80 39 143
80 40 445
80 41 650
80 43 502
80 46 326
80 47 426
80 48 289
80 49 865
80 50 268
80 51 957
80 52 725
80 53 33
80 61 127
80 62 915
80 63 954
80 64 164
80 67 517
80 68 939
80 69 803
80 71 818
80 73 274
80 74 424
80 76 387
80 77 859
80 78 247
81 2 39
81 5 617
81 6 957
81 9 640
81 10 246
81 15 283
81 18 893
81 19 411
81 20 812
81 24 727
81 25 707
81 27 73
81 29 876
81 30 926
81 32 159
81 33 565
81 34 576
81 35 697
81 38 139
81 39 665
81 43 808
81 44 295
81 49 706
81 51 982
81 55 365
81 58 540
81 62 701
81 65 819
81 67 928
81 68 24
81 71 197
81 73 556
81 74 689
81 76 995
81 78 789
81 79 637
81 80 494
82 3 664
82 5 277
82 6 336
82 9 404
82 10 727
82 11 790
82 12 629
82 14 107
82 15 442
82 16 308
82 17 989
82 19 678
82 23 222
82 26 181
82 29 541
82 31 775
82 33 263
82 36 499
82 37 650
82 38 936
82 40 865
82 43 185
82 44 280
82 45 18
82 47 876
82 48 540
82 49 729
82 50 370
82 51 147
82 53 212
82 54 480
82 57 334
82 58 500
82 60 741
82 61 571
82 63 709
82 65 822
82 67 883
82 70 979
82 74 758
82 76 314
82 77 571
82 78 546
82 80 681
83 1 740
83 4 38
83 11 885
83 12 216
83 15 277
83 16 79
83 17 625
83 18 199
83 22 847
83 23 135
83 25 428
83 27 923
83 28 182
83 29 456
83 32 347
83 33 751
83 38 248
83 39 626
83 41 786
83 43 924
83 46 624
83 47 870
83 51 119
83 54 340
83 56 582
83 57 748
83 60 381
83 61 81
83 62 435
83 65 915
83 69 911
83 70 870
83 71 391
83 74 914
83 76 529
84 2 365
84 4 466
84 5 783
84 6 334
84 8 648
84 10 472
84 11 162
84 12 688
84 13 265
84 14 646
84 16 596
84 20 552
84 23 661
84 26 543
84 27 613
84 28 555
84 29 229
84 34 196
84 36 111
84 39 81
84 42 499
84 45 538
84 47 484
84 48 148
84 51 467
84 55 852
84 58 933
84 59 522
84 62 577
84 63 602
84 67 634
84 68 852
84 72 351
84 73 332
84 74 27
84 75 244
84 77 478
84 78 834
84 79 373
84 80 751
85 1 106
85 2 247
85 5 223
85 6 897
85 8 802
85 10 742
85 11 671
85 12 623
85 13 627
85 14 363
85 18 357
85 20 635
85 22 58
85 23 903
85 25 412
85 28 13
85 30 333
85 37 154
85 38 45
85 39 675
85 41 26
85 42 601
85 43 802
85 45 534
85 46 527
85 47 997
85 49 649
85 53 221
85 56 168
85 57 4
85 62 775
85 67 305
85 70 599
85 76 363
85 78 692
85 81 886
85 83 297
86 1 883
86 2 40
86 5 463
86 10 929
86 11 294
86 12 103
86 13 339
86 15 765
86 18 659
86 19 125
86 21 264
86 25 123
86 27 420
86 28 721
86 29 502
86 34 715
86 36 450
86 39 328
86 41 50
86 42 129
86 45 883
86 46 258
86 50 250
86 51 747
86 56 953
86 57 198
86 58 142
86 63 902
86 67 831
86 73 724
86 75 540
86 77 42
86 78 733
86 79 71
86 80 475
86 81 895
86 82 247
86 83 683
86 84 168
87 1 430
87 2 814
87 5 891
87 6 269
87 7 666
87 8 114
87 10 44
87 12 234
87 13 867
87 14 277
87 17 86
87 18 32
87 21 243
87 24 559
87 25 2
87 27 177
87 29 670
87 30 451
87 33 804
87 36 166
87 38 764
87 39 67
87 40 664
87 41 531
87 42 145
87 43 110
87 45 547
87 48 812
87 50 194
87 51 2
87 56 354
87 61 11
87 62 499
87 64 714
87 65 102
87 66 209
87 67 385
87 71 919
87 72 860
87 73 291
87 79 120
87 80 423
87 81 232
87 82 925
87 83 109
88 1 975
88 2 867
88 4 790
88 6 20
88 7 255
88 8 739
88 9 546
88 11 113
88 12 659
88 17 176
88 19 82
88 25 43
88 29 202
88 36 515
88 37 370
88 39 754
88 40 276
88 47 865
88 48 530
88 49 641
88 50 540
88 53 294
88 54 18
88 55 184
88 60 475
88 62 795
88 66 645
88 68 422
88 70 224
88 71 612
88 72 711
88 75 588
88 76 686
88 78 55
88 80 829
88 83 633
88 86 708
88 87 665
89 2 892
89 7 164
89 8 303
89 9 877
89 10 875
89 11 865
89 12 723
89 14 911
89 15 684
89 16 701
89 17 799
89 18 403
89 19 454
89 21 776
89 22 863
89 25 340
89 27 101
89 28 944
89 29 40
89 30 211
89 31 457
89 35 670
89 36 377
89 41 428
89 42 676
89 43 437
89 44 972
89 45 296
89 47 316
89 48 417
89 50 559
89 53 44
89 55 969
89 58 602
89 59 19
89 60 235
89 61 372
89 63 279
89 64 500
89 66 508
89 67 469
89 68 655
89 72 6
89 74 369
89 75 98
89 77 228
89 83 512
89 85 521
89 88 431
90 1 109
90 2 67
90 3 601
90 6 438
90 8 467
90 9 709
90 10 656
90 12 888
90 13 291
90 15 177
90 16 738
90 17 468
90 19 602
90 20 614
90 22 101
90 23 111
90 27 811
90 29 284
90 30 901
90 31 243
90 32 846
90 33 472
90 34 918
90 37 896
90 38 593
90 39 422
90 40 478
90 41 848
90 42 576
90 43 422
90 44 834
90 46 122
90 47 487
90 48 234
90 49 533
90 50 477
90 51 259
90 53 323
90 55 570
90 56 914
90 59 956
90 61 808
90 65 71
90 66 191
90 67 515
90 69 745
90 70 985
90 72 519
90 74 748
90 81 952
90 86 237
90 87 400
90 89 97
91 1 616
91 2 826
91 3 584
91 4 571
91 6 146
91 7 118
91 9 1
91 14 636
91 15 561
91 16 695
91 17 151
91 22 859
91 24 892
91 25 256
91 26 572
91 29 289
91 34 215
91 38 661
91 39 166
91 40 827
91 46 328
91 47 104
91 51 52
91 52 798
91 54 31
91 56 545
91 57 26
91 58 50
91 59 90
91 60 718
91 62 550
91 64 725
91 65 5
91 67 801
91 68 522
91 69 220
91 73 824
91 74 714
91 75 818
91 76 62
91 77 393
91 78 828
91 79 409
91 80 942
91 83 785
91 89 203
92 1 607
92 4 314
92 5 75
92 7 559
92 8 792
92 10 107
92 11 906
92 12 361
92 16 974
92 18 484
92 19 740
92 20 614
92 21 981
92 22 291
92 23 255
92 25 129
92 26 440
92 28 907
92 31 91
92 34 566
92 35 734
92 38 642
92 41 334
92 42 30
92 43 702
92 46 547
92 47 458
92 49 410
92 51 808
92 55 676
92 58 778
92 60 919
92 61 417
92 62 713
92 63 409
92 65 778
92 73 288
92 74 320
92 77 556
92 78 905
92 85 445
92 87 740
92 88 188
92 90 137
92 91 413
93 3 658
93 6 490
93 9 639
93 11 702
93 13 198
93 16 129
93 17 384
93 18 195
93 19 97
93 21 445
93 23 822
93 25 18
93 30 451
93 31 680
93 32 228
93 35 641
93 36 64
93 39 208
93 40 411
93 41 740
93 43 462
93 44 478
93 51 19
93 54 661
93 55 397
93 58 38
93 60 403
93 65 490
93 66 260
93 68 901
93 69 89
93 70 35
93 73 58
93 75 90
93 76 409
93 78 288
93 79 103
93 84 470
93 86 882
93 87 671
94 3 648
94 4 866
94 8 216
94 9 389
94 10 168
94 11 921
94 12 138
94 14 462
94 15 759
94 16 358
94 22 102
94 23 301
94 25 48
94 26 946
94 29 294
94 31 158
94 33 472
94 34 682
94 35 506
94 37 284
94 38 220
94 39 192
94 40 748
94 43 107
94 44 466
94 45 123
94 46 683
94 48 546
94 49 676
94 51 192
94 57 719
94 59 823
94 60 273
94 63 911
94 64 799
94 65 995
94 68 653
94 69 845
94 70 304
94 71 926
94 72 217
94 73 957
94 74 824
94 75 192
94 76 936
94 80 980
94 84 360
94 85 879
94 86 773
94 88 951
94 89 364
94 90 472
94 93 447
95 3 285
95 4 727
95 5 622
95 8 935
95 11 80
95 15 578
95 17 650
95 18 573
95 19 925
95 20 630
95 23 568
95 25 148
95 26 702
95 28 121
95 30 49
95 31 602
95 35 274
95 37 662
95 39 106
95 40 489
95 42 787
95 44 878
95 46 642
95 47 851
95 52 309
95 56 680
95 57 1000
95 59 817
95 60 265
95 63 700
95 64 121
95 65 276
95 66 20
95 67 310
95 68 603
95 70 212
95 71 679
95 73 549
95 77 947
95 78 640
95 79 933
95 80 696
95 82 512
95 84 203
95 86 200
95 87 625
95 89 181
96 5 68
96 7 391
96 9 38
96 14 344
96 16 471
96 17 331
96 20 539
96 21 833
96 22 923
96 26 555
96 27 270
96 34 856
96 35 296
96 37 636
96 40 987
96 41 797
96 42 806
96 43 638
96 45 211
96 46 720
96 49 687
96 50 874
96 51 8
96 52 869
96 53 822
96 54 893
96 55 128
96 56 272
96 57 15
96 58 544
96 59 364
96 62 663
96 67 236
96 68 34
96 69 286
96 70 819
96 74 606
96 75 650
96 79 400
96 80 880
96 81 393
96 82 912
96 86 887
96 87 860
96 88 26
96 89 224
96 92 299
96 94 749
96 95 97
97 1 203
97 6 541
97 7 579
97 8 128
97 9 386
97 10 767
97 11 136
97 13 765
97 14 330
97 16 755
97 25 680
97 26 441
97 27 553
97 28 451
97 30 903
97 33 897
97 36 910
97 37 727
97 38 50
97 39 364
97 41 541
97 42 286
97 43 799
97 45 432
97 46 185
97 47 360
97 48 101
97 49 890
97 56 211
97 57 782
97 64 105
97 65 131
97 69 34
97 71 161
97 72 762
97 75 452
97 77 855
97 80 13
97 83 306
97 84 776
97 85 463
97 86 350
97 90 538
97 92 146
97 93 250
97 94 753
98 1 616
98 6 428
98 8 824
98 10 988
98 12 941
98 14 85
98 20 284
98 22 236
98 24 165
98 25 875
98 26 955
98 27 453
98 28 991
98 31 114
98 32 486
98 35 59
98 37 975
98 38 819
98 40 59
98 43 409
98 44 119
98 45 468
98 47 81
98 49 101
98 52 669
98 53 37
98 54 668
98 59 902
98 60 485
98 61 105
98 63 662
98 65 95
98 67 30
98 69 669
98 70 672
98 71 671
98 74 945
98 78 343
98 79 537
98 80 650
98 81 682
98 83 649
98 84 165
98 85 823
98 89 460
98 90 214
98 91 851
98 92 84
98 93 313
98 94 756
98 95 165
98 96 925
98 97 11
99 2 787
99 5 162
99 6 629
99 7 448
99 8 418
99 9 862
99 10 230
99 20 905
99 22 604
99 23 888
99 24 176
99 25 16
99 27 832
99 30 61
99 32 925
99 34 304
99 35 546
99 36 682
99 37 532
99 39 700
99 41 875
99 43 755
99 44 906
99 45 789
99 48 489
99 49 83
99 51 51
99 53 478
99 55 975
99 57 344
99 58 89
99 59 788
99 60 391
99 63 612
99 64 302
99 66 596
99 67 188
99 68 86
99 72 886
99 73 874
99 76 922
99 78 309
99 81 382
99 82 477
99 83 787
99 84 116
99 86 568
99 88 103
99 89 227
99 90 256
99 91 791
99 93 836
99 95 290
99 98 76
100 2 49
100 4 488
100 6 725
100 7 47
100 10 874
100 21 999
100 22 490
100 26 761
100 28 831
100 29 593
100 34 936
100 36 890
100 37 512
100 38 751
100 41 149
100 45 797
100 46 446
100 47 87
100 55 142
100 57 585
100 58 912
100 62 710
100 63 352
100 67 940
100 68 211
100 69 372
100 71 780
100 72 623
100 74 770
100 75 936
100 76 714
100 78 789
100 79 460
100 81 141
100 83 464
100 85 169
100 87 589
100 93 883
100 94 55
100 95 738
101 1 966
101 2 155
101 4 795
101 12 948
101 15 890
101 16 767
101 18 818
101 21 342
101 22 24
101 23 486
101 24 70
101 26 691
101 27 48
101 28 7
101 30 723
101 32 306
101 33 600
101 34 457
101 35 324
101 36 696
101 40 112
101 41 76
101 42 295
101 43 9
101 45 388
101 47 201
101 49 81
101 52 878
101 53 327
101 56 674
101 58 82
101 60 905
101 61 324
101 62 499
101 63 429
101 64 985
101 69 117
101 71 650
101 72 804
101 74 803
101 76 387
101 78 893
101 79 901
101 80 484
101 81 35
101 83 11
101 86 712
101 89 500
101 91 942
101 94 472
101 96 708
101 97 410
101 98 328
101 100 605
102 2 719
102 3 651
102 4 164
102 7 781
102 10 666
102 11 489
102 12 580
102 15 762
102 16 543
102 17 667
102 18 512
102 22 843
102 24 735
102 25 403
102 26 266
102 29 917
102 33 989
102 35 10
102 38 174
102 39 67
102 40 421
102 41 126
102 42 202
102 43 393
102 44 589
102 45 260
102 46 773
102 48 588
102 50 243
102 51 183
102 52 436
102 53 99
102 58 767
102 59 794
102 60 790
102 62 286
102 63 566
102 65 561
102 66 851
102 67 864
102 70 191
102 71 143
102 74 452
102 75 259
102 77 926
102 78 746
102 79 680
102 81 110
102 82 135
102 83 630
102 84 888
102 86 46
102 88 384
102 89 24
102 93 542
102 100 404
102 101 126
103 2 226
103 5 848
103 7 646
103 8 826
103 9 919
103 10 732
103 13 542
103 17 343
103 19 442
103 21 226
103 23 188
103 26 508
103 28 259
103 29 687
103 30 746
103 38 120
103 41 40
103 43 28
103 45 577
103 47 315
103 50 677
103 51 908
103 52 763
103 54 533
103 58 852
103 59 343
103 61 145
103 62 218
103 64 57
103 65 170
103 66 39
103 67 813
103 68 845
103 69 9
103 71 25
103 72 340
103 75 102
103 77 385
103 79 445
103 80 107
103 86 494
103 87 393
103 89 434
103 91 359
103 92 993
103 93 446
103 95 878
103 96 977
103 101 10
104 1 231
104 5 919
104 8 833
104 10 974
104 11 460
104 13 41
104 14 14
104 16 590
104 18 99
104 19 434
104 21 712
104 22 506
104 24 640
104 26 283
104 27 747
104 28 119
104 29 177
104 30 522
104 31 198
104 34 457
104 35 51
104 36 622
104 37 8
104 38 691
104 39 241
104 40 228
104 42 470
104 45 43
104 48 955
104 49 676
104 51 960
104 55 723
104 57 883
104 60 759
104 62 789
104 63 846
104 64 469
104 65 778
104 66 404
104 67 437
104 72 40
104 73 484
104 77 866
104 80 959
104 85 597
104 88 391
104 90 296
104 91 889
104 92 516
104 94 484
104 101 851
105 3 519
105 5 827
105 6 11
105 9 344
105 10 463
105 12 867
105 13 487
105 14 284
105 17 951
105 18 163
105 19 563
105 22 491
105 23 306
105 27 232
105 28 88
105 29 366
105 30 445
105 33 110
105 36 809
105 40 613
105 41 28
105 44 953
105 46 945
105 48 475
105 51 136
105 52 704
105 55 984
105 58 459
105 60 866
105 62 523
105 64 630
105 67 503
105 69 191
105 70 380
105 76 284
105 83 700
105 84 259
105 85 675
105 87 572
105 90 886
105 91 204
105 92 656
105 93 989
105 99 7
105 100 467
105 104 832
106 2 25
106 4 431
106 7 13
106 9 905
106 10 356
106 11 251
106 13 144
106 14 524
106 18 717
106 19 7
106 24 129
106 26 383
106 28 35
106 29 111
106 30 514
106 31 259
106 34 565
106 36 101
106 38 997
106 40 54
106 41 128
106 43 340
106 44 623
106 46 940
106 47 721
106 48 3
106 49 85
106 50 931
106 54 560
106 57 800
106 59 92
106 60 438
106 63 438
106 64 727
106 65 714
106 66 146
106 69 994
106 72 373
106 74 348
106 75 443
106 76 292
106 77 994
106 78 52
106 79 640
106 81 320
106 87 209
106 89 809
106 90 209
106 91 288
106 92 185
106 93 774
106 94 323
106 95 541
106 96 149
106 99 661
106 101 474
106 102 619
106 103 484
106 105 166
107 2 165
107 3 66
107 4 882
107 6 92
107 7 473
107 8 750
107 9 167
107 10 134
107 11 634
107 15 113
107 16 756
107 18 404
107 19 673
107 20 31
107 21 281
107 23 882
107 24 129
107 25 123
107 26 671
107 27 874
107 31 877
107 33 283
107 34 52
107 35 597
107 36 795
107 38 800
107 39 971
107 41 179
107 43 744
107 45 870
107 48 908
107 50 87
107 52 681
107 56 522
107 57 370
107 59 549
107 60 739
107 61 60
107 62 793
107 63 901
107 65 447
107 67 769
107 72 61
107 73 13
107 76 630
107 77 485
107 78 678
107 79 217
107 81 498
107 84 570
107 85 136
107 90 505
107 96 513
107 97 519
107 100 961
107 101 428
107 103 299
107 104 370
108 9 798
108 10 101
108 13 807
108 15 988
108 18 190
108 19 699
108 25 736
108 26 55
108 27 835
108 29 673
108 30 392
108 32 481
108 35 27
108 37 398
108 38 719
108 45 616
108 47 569
108 48 924
108 51 970
108 53 724
108 54 813
108 58 46
108 60 802
108 61 884
108 63 495
108 64 99
108 65 150
108 66 937
108 67 866
108 69 839
108 71 433
108 75 909
108 80 220
108 81 577
108 86 402
108 90 298
108 91 262
108 92 326
108 94 752
108 95 828
108 99 36
108 100 238
108 102 421
108 104 363
108 105 31
108 106 430
109 1 761
109 7 596
109 8 882
109 10 11
109 12 192
109 13 771
109 14 172
109 16 75
109 18 744
109 19 481
109 20 491
109 23 478
109 25 748
109 28 441
109 29 154
109 30 711
109 31 406
109 36 778
109 37 440
109 38 132
109 43 4
109 44 891
109 49 664
109 50 75
109 51 931
109 52 580
109 53 596
109 55 607
109 59 699
109 63 762
109 64 692
109 65 706
109 68 923
109 72 115
109 73 105
109 75 1000
109 77 897
109 82 386
109 83 781
109 85 483
109 87 622
109 89 440
109 93 583
109 95 540
109 96 809
109 97 110
109 98 268
109 100 752
109 101 434
109 102 53
109 103 322
109 105 142
109 107 483
110 3 9
110 5 29
110 7 690
110 11 259
110 14 214
110 15 634
110 16 200
110 18 22
110 20 60
110 21 391
110 22 89
110 25 874
110 26 242
110 28 677
110 30 332
110 31 819
110 33 399
110 34 283
110 35 202
110 36 465
110 38 198
110 39 860
110 42 144
110 44 118
110 45 982
110 47 307
110 49 53
110 53 651
110 55 889
110 56 814
110 58 314
110 59 452
110 60 781
110 62 218
110 64 393
110 67 834
110 68 427
110 69 448
110 70 649
110 73 75
110 74 497
110 77 43
110 78 576
110 79 748
110 80 671
110 81 483
110 84 973
110 85 629
110 88 482
110 90 958
110 92 921
110 93 502
110 94 367
110 95 273
110 96 276
110 97 606
110 98 679
110 101 965
110 103 822
110 105 554
110 107 973
110 108 905
111 1 536
111 2 784
111 3 515
111 5 777
111 6 477
111 7 558
111 8 565
111 10 623
111 12 339
111 13 654
111 14 525
111 15 649
111 18 203
111 19 887
111 27 619
111 28 95
111 29 650
111 30 670
111 31 915
111 33 138
111 38 986
111 40 909
111 41 442
111 42 388
111 43 364
111 46 233
111 47 307
111 49 961
111 51 139
111 52 325
111 56 735
111 57 785
111 58 610
111 62 780
111 66 745
111 67 941
111 68 657
111 70 956
111 72 422
111 73 90
111 74 492
111 76 595
111 82 858
111 85 936
111 87 282
111 90 392
111 93 220
111 94 725
111 96 524
111 100 291
111 106 85
111 107 472
111 108 769
111 109 502
111 110 985
112 1 772
112 2 262
112 6 137
112 7 229
112 8 135
112 13 53
112 15 555
112 17 993
112 19 462
112 21 25
112 28 580
112 29 495
112 31 63
112 33 119
112 34 600
112 40 545
112 43 501
112 45 210
112 48 535
112 49 962
112 50 785
112 51 563
112 53 650
112 54 719
112 56 493
112 59 781
112 60 950
112 62 334
112 63 472
112 65 549
112 66 931
112 67 154
112 69 873
112 71 694
112 72 635
112 73 882
112 77 250
112 78 371
112 79 748
112 83 600
112 84 435
112 85 375
112 88 936
112 89 191
112 90 188
112 94 841
112 98 185
112 100 958
112 104 950
112 107 604
113 2 163
113 3 364
113 4 126
113 5 985
113 6 71
113 7 30
113 9 946
113 11 518
113 12 665
113 14 786
113 18 619
113 19 532
113 21 839
113 24 568
113 25 306
113 26 927
113 31 235
113 32 878
113 35 171
113 40 890
113 42 697
113 43 432
113 47 655
113 49 378
113 50 233
113 51 801
113 54 85
113 58 460
113 59 448
113 61 712
113 62 257
113 65 331
113 66 15
113 67 280
113 69 195
113 72 582
113 74 360
113 75 440
113 77 964
113 80 829
113 83 355
113 84 483
113 85 451
113 87 561
113 88 426
113 90 894
113 91 654
113 93 648
113 96 603
113 97 866
113 98 780
113 99 211
113 100 370
113 102 789
113 104 375
113 106 528
113 108 819
113 109 509
114 2 638
114 5 268
114 7 558
114 8 10
114 9 914
114 20 722
114 21 876
114 22 277
114 24 690
114 27 156
114 28 448
114 32 666
114 33 813
114 34 229
114 35 249
114 39 639
114 41 138
114 43 905
114 45 691
114 46 633
114 47 950
114 51 490
114 53 759
114 54 450
114 55 77
114 58 789
114 59 288
114 61 365
114 62 217
114 64 371
114 65 16
114 66 430
114 67 389
114 71 734
114 72 786
114 73 758
114 74 725
114 76 140
114 77 480
114 78 999
114 80 177
114 82 508
114 83 49
114 84 255
114 85 272
114 87 357
114 90 428
114 92 15
114 95 886
114 96 553
114 97 34
114 99 11
114 100 732
114 101 407
114 107 101
114 109 771
114 110 464
115 4 998
115 5 247
115 7 967
115 10 237
115 11 452
115 12 388
115 13 248
115 14 304
115 15 422
115 22 191
115 24 372
115 25 981
115 30 53
115 31 781
115 33 33
115 35 55
115 36 14
115 37 752
115 38 974
115 40 273
115 43 502
115 44 891
115 46 657
115 47 240
115 50 135
115 51 420
115 52 151
115 53 282
115 56 684
115 59 51
115 61 834
115 63 67
115 65 121
115 67 586
115 68 666
115 69 174
115 71 318
115 73 754
115 75 42
115 78 61
115 81 522
115 84 253
115 91 43
115 92 17
115 93 298
115 94 776
115 97 134
115 98 419
115 99 413
115 100 555
115 106 948
115 107 869
115 109 284
115 111 673
115 112 530
115 113 376
116 4 155
116 6 207
116 8 318
116 10 831
116 11 346
116 14 986
116 15 689
116 23 837
116 24 52
116 25 797
116 26 155
116 29 895
116 30 227
116 31 290
116 32 532
116 35 995
116 36 364
116 37 691
116 40 742
116 44 969
116 46 734
116 48 406
116 51 86
116 52 480
116 53 74
116 54 386
116 55 401
116 58 82
116 59 550
116 60 129
116 63 12
116 64 925
116 66 673
116 67 604
116 68 290
116 71 160
116 72 126
116 74 135
116 79 561
116 84 641
116 90 539
116 91 480
116 92 487
116 94 759
116 95 120
116 98 659
116 102 110
116 105 611
116 106 398
116 108 549
116 111 337
117 1 70
117 4 480
117 5 66
117 7 356
117 8 305
117 9 809
117 10 925
117 11 308
117 12 978
117 13 858
117 17 124
117 21 283
117 23 86
117 24 169
117 25 977
117 26 401
117 28 717
117 29 282
117 30 867
117 32 832
117 36 229
117 39 677
117 40 139
117 42 854
117 43 237
117 45 97
117 48 99
117 54 826
117 55 881
117 56 511
117 57 547
117 60 428
117 61 635
117 63 502
117 65 747
117 67 201
117 68 586
117 70 528
117 71 994
117 72 654
117 73 473
117 74 32
117 76 387
117 77 673
117 80 75
117 82 363
117 87 391
117 88 200
117 90 457
117 91 917
117 92 406
117 94 136
117 99 709
117 102 141
117 103 435
117 105 932
117 106 326
117 107 522
117 109 203
117 110 554
117 111 718
118 3 58
118 6 236
118 7 77
118 8 638
118 9 79
118 12 590
118 13 665
118 14 964
118 20 982
118 21 764
118 22 826
118 25 298
118 26 163
118 27 441
118 31 396
118 32 185
118 33 718
118 34 300
118 38 338
118 39 796
118 42 273
118 43 332
118 45 523
118 46 62
118 48 7
118 49 935
118 52 201
118 56 197
118 57 872
118 59 697
118 61 619
118 64 532
118 66 266
118 67 455
118 69 78
118 70 574
118 73 403
118 77 295
118 78 374
118 79 202
118 80 402
118 85 485
118 87 345
118 91 384
118 94 534
118 95 948
118 96 412
118 97 268
118 101 464
118 104 278
118 105 835
118 106 530
118 109 83
118 110 398
118 111 195
118 113 786
119 1 2
119 2 769
119 3 322
119 4 516
119 5 576
119 7 363
119 8 76
119 13 559
119 14 174
119 15 440
119 16 475
119 18 967
119 22 612
119 23 884
119 25 109
119 26 979
119 27 411
119 28 56
119 30 660
119 35 438
119 36 287
119 37 673
119 39 746
119 40 485
119 43 885
119 44 275
119 47 351
119 49 620
119 55 364
119 57 240
119 58 46
119 62 67
119 64 209
119 65 111
119 66 723
119 68 44
119 73 220
119 77 486
119 79 179
119 81 499
119 84 75
119 87 528
119 89 447
119 91 472
119 93 757
119 95 224
119 97 914
119 98 590
119 99 327
119 100 8
119 109 259
119 110 308
119 112 933
119 113 789
119 114 279
119 115 68
119 117 449
119 118 541
120 2 862
120 4 224
120 6 40
120 8 802
120 10 400
120 11 82
120 13 179
120 16 103
120 17 960
120 18 275
120 19 173
120 23 220
120 24 942
120 27 536
120 29 781
120 31 537
120 32 145
120 33 376
120 35 574
120 37 562
120 39 50
120 40 972
120 43 835
120 44 824
120 45 230
120 46 926
120 47 953
120 48 427
120 50 505
120 51 904
120 54 977
120 57 437
120 58 920
120 61 928
120 62 231
120 63 197
120 64 630
120 65 92
120 66 854
120 67 248
120 68 476
120 69 263
120 71 517
120 72 932
120 73 244
120 75 758
120 78 159
120 79 415
120 81 179
120 82 706
120 85 111
120 86 446
120 87 820
120 88 831
120 90 206
120 93 522
120 94 68
120 95 288
120 96 400
120 97 581
120 100 879
120 101 408
120 102 178
120 104 960
120 109 220
120 110 830
120 112 601
120 113 13
120 114 476
120 115 899
120 117 188
120 118 113
121 2 874
121 3 834
121 5 427
121 8 763
121 9 714
121 15 154
121 16 575
121 17 391
121 18 652
121 19 537
121 21 40
121 22 215
121 25 431
121 26 728
121 27 732
121 30 519
121 31 522
121 32 607
121 35 267
121 40 848
121 41 767
121 43 693
121 44 674
121 45 285
121 46 163
121 49 654
121 50 262
121 51 212
121 53 352
121 55 546
121 56 719
121 58 533
121 59 505
121 62 459
121 65 963
121 66 923
121 67 338
121 70 415
121 73 967
121 74 310
121 75 140
121 76 741
121 80 915
121 81 760
121 82 67
121 84 315
121 85 125
121 86 237
121 89 733
121 90 299
121 91 116
121 92 219
121 93 226
121 94 201
121 98 6
121 101 893
121 103 122
121 105 974
121 106 968
121 109 834
121 110 652
121 112 23
121 114 163
121 115 735
121 118 247
121 119 429
121 120 875
122 1 287
122 2 400
122 4 550
122 5 248
122 7 680
122 8 177
122 9 925
122 11 824
122 12 257
122 14 878
122 15 374
122 16 311
122 25 482
122 29 900
122 31 352
122 32 222
122 33 772
122 34 554
122 35 467
122 38 465
122 39 376
122 40 42
122 42 820
122 43 479
122 45 852
122 48 469
122 50 866
122 52 231
122 56 635
122 60 329
122 62 178
122 67 686
122 69 396
122 71 885
122 72 937
122 75 163
122 76 314
122 78 630
122 80 211
122 81 927
122 83 252
122 85 536
122 86 395
122 88 828
122 89 338
122 91 386
122 93 606
122 94 234
122 97 21
122 99 180
122 101 294
122 104 262
122 106 408
122 108 356
122 111 139
122 112 358
122 113 523
122 115 213
122 116 328
122 118 344
122 119 264
122 120 132
122 121 700
123 1 89
123 3 552
123 5 108
123 10 760
123 13 888
123 18 968
123 19 979
123 21 242
123 24 668
123 25 856
123 28 568
123 33 753
123 34 56
123 35 885
123 37 616
123 39 535
123 40 307
123 41 714
123 43 586
123 47 119
123 48 196
123 53 241
123 56 726
123 59 695
123 60 252
123 61 363
123 62 783
123 67 904
123 69 17
123 70 52
123 73 881
123 78 278
123 84 940
123 85 835
123 86 485
123 87 68
123 88 993
123 91 805
123 93 234
123 94 445
123 97 831
123 98 743
123 99 152
123 102 43
123 103 127
123 104 16
123 108 356
123 109 626
123 112 840
123 113 246
123 114 682
124 1 849
124 2 221
124 5 31
124 7 847
124 10 2
124 12 75
124 14 880
124 17 243
124 18 520
124 20 719
124 21 876
124 22 151
124 27 378
124 28 598
124 32 155
124 35 811
124 38 562
124 40 492
124 45 718
124 46 723
124 47 211
124 49 61
124 51 656
124 52 648
124 54 605
124 55 318
124 58 828
124 63 613
124 66 442
124 67 222
124 69 369
124 71 36
124 73 958
124 74 824
124 76 215
124 78 566
124 79 75
124 82 42
124 83 575
124 88 930
124 91 290
124 93 284
124 95 354
124 96 182
124 97 264
124 98 757
124 101 40
124 104 327
124 105 80
124 109 563
124 111 191
124 112 126
124 114 979
124 115 34
124 116 432
124 117 818
124 121 570
125 1 181
125 2 861
125 6 274
125 8 769
125 9 492
125 12 260
125 13 356
125 15 822
125 17 666
125 18 475
125 22 83
125 24 938
125 26 676
125 27 126
125 28 760
125 29 21
125 30 708
125 33 934
125 34 669
125 35 88
125 37 845
125 40 538
125 45 291
125 47 663
125 48 174
125 49 249
125 50 131
125 51 605
125 53 146
125 56 595
125 60 172
125 62 544
125 64 426
125 65 408
125 68 229
125 69 596
125 71 921
125 72 531
125 73 53
125 74 607
125 75 428
125 76 729
125 77 288
125 78 2
125 80 483
125 82 42
125 85 438
125 86 876
125 89 934
125 91 487
125 92 557
125 94 915
125 95 487
125 96 658
125 99 551
125 100 152
125 101 827
125 103 954
125 104 240
125 105 292
125 106 411
125 107 796
125 109 452
125 110 690
125 111 940
125 112 928
125 113 52
125 115 700
125 118 481
125 121 43
125 123 207
126 4 857
126 7 779
126 10 612
126 12 77
126 13 862
126 16 439
126 17 136
126 18 114
126 21 5
126 23 599
126 24 269
126 25 254
126 28 403
126 29 377
126 30 936
126 31 350
126 32 704
126 35 75
126 38 999
126 39 709
126 40 626
126 41 752
126 42 119
126 43 852
126 46 605
126 48 469
126 50 327
126 51 144
126 53 92
126 54 804
126 55 397
126 58 46
126 59 848
126 60 407
126 63 49
126 64 392
126 65 394
126 66 748
126 67 260
126 69 343
126 70 212
126 71 171
126 72 271
126 73 492
126 76 769
126 78 443
126 84 42
126 85 822
126 86 918
126 88 530
126 89 459
126 90 643
126 91 315
126 92 158
126 97 566
126 98 164
126 99 348
126 100 998
126 103 86
126 106 830
126 107 281
126 108 719
126 109 434
126 113 570
126 114 638
126 116 459
126 117 470
126 120 45
126 124 973
126 125 916
127 9 663
127 11 379
127 12 415
127 13 843
127 15 645
127 17 52
127 18 382
127 20 511
127 21 367
127 24 280
127 25 509
127 28 3
127 30 2
127 31 558
127 33 937
127 34 594
127 36 394
127 38 702
127 40 111
127 42 906
127 43 11
127 46 28
127 48 578
127 56 820
127 59 619
127 62 687
127 64 385
127 65 267
127 66 624
127 68 147
127 70 6
127 71 32
127 80 833
127 81 23
127 82 439
127 85 493
127 86 656
127 91 104
127 92 576
127 94 166
127 95 948
127 100 63
127 107 109
127 109 680
127 112 256
127 113 170
127 115 882
127 116 766
127 119 607
127 120 925
127 121 242
127 122 427
127 123 696
127 124 106
127 126 503
128 1 68
128 2 232
128 3 195
128 4 615
128 6 977
128 9 963
128 10 939
128 12 636
128 13 294
128 14 274
128 16 391
128 17 867
128 18 693
128 20 832
128 21 494
128 22 405
128 25 939
128 26 713
128 27 865
128 31 738
128 32 667
128 36 662
128 37 213
128 38 483
128 39 129
128 43 974
128 46 657
128 47 236
128 48 451
128 51 35
128 52 853
128 56 94
128 58 450
128 59 783
128 60 163
128 61 745
128 64 642
128 65 472
128 66 381
128 67 431
128 68 907
128 69 132
128 72 687
128 74 2
128 77 646
128 84 876
128 86 169
128 87 726
128 90 52
128 91 903
128 93 880
128 94 265
128 96 731
128 97 419
128 99 325
128 101 548
128 111 187
128 112 559
128 113 84
128 121 379
128 124 861
128 126 770
128 127 339
129 3 810
129 6 127
129 8 816
129 11 146
129 12 962
129 14 962
129 15 948
129 16 209
129 18 942
129 19 514
129 20 338
129 22 921
129 31 850
129 32 583
129 35 493
129 36 249
129 37 889
129 39 537
129 40 45
129 41 695
129 42 855
129 43 974
129 44 840
129 46 54
129 47 309
129 48 623
129 49 980
129 50 602
129 52 929
129 53 870
129 54 909
129 57 912
129 59 20
129 60 750
129 62 730
129 65 37
129 66 947
129 70 306
129 72 751
129 74 526
129 77 920
129 78 762
129 79 36
129 81 975
129 82 92
129 85 900
129 86 496
129 88 492
129 90 801
129 91 722
129 92 771
129 96 256
129 97 200
129 99 603
129 101 874
129 102 253
129 104 439
129 108 380
129 110 354
129 111 479
129 113 732
129 114 530
129 115 511
129 116 121
129 118 851
129 119 20
129 120 917
130 2 626
130 3 44
130 4 827
130 5 879
130 6 445
130 7 108
130 8 305
130 11 366
130 14 66
130 15 888
130 19 108
130 20 632
130 21 584
130 23 540
130 24 506
130 26 721
130 29 809
130 30 407
130 31 589
130 32 791
130 33 465
130 35 405
130 36 392
130 37 482
130 38 432
130 39 366
130 40 36
130 42 526
130 45 760
130 47 292
130 51 896
130 52 956
130 53 167
130 59 394
130 60 201
130 62 608
130 65 780
130 67 651
130 69 645
130 73 802
130 76 885
130 77 804
130 78 926
130 79 40
130 83 548
130 84 142
130 86 715
130 87 599
130 88 77
130 91 468
130 94 518
130 96 659
130 98 766
130 99 487
130 100 981
130 101 140
130 102 184
130 104 708
130 109 298
130 111 671
130 112 849
130 116 83
130 118 708
130 119 361
130 122 959
130 124 804
131 2 13
131 5 528
131 7 427
131 13 642
131 14 716
131 15 47
131 19 222
131 21 839
131 22 422
131 25 952
131 26 113
131 29 836
131 32 478
131 33 84
131 34 614
131 36 74
131 37 823
131 40 863
131 45 357
131 46 699
131 47 888
131 48 597
131 49 402
131 53 957
131 59 175
131 62 575
131 63 613
131 64 321
131 65 106
131 66 594
131 68 558
131 69 515
131 72 592
131 74 519
131 77 644
131 78 554
131 81 811
131 82 708
131 84 204
131 85 266
131 88 725
131 89 196
131 90 503
131 91 680
131 94 191
131 96 327
131 97 486
131 99 642
131 102 500
131 105 853
131 107 13
131 111 149
131 112 221
131 116 675
131 120 429
131 122 598
131 123 301
131 124 868
131 125 464
131 126 267
131 128 710
132 3 664
132 7 28
132 9 835
132 10 635
132 11 239
132 12 724
132 14 824
132 17 265
132 19 483
132 21 668
132 24 832
132 26 959
132 27 557
132 28 626
132 30 145
132 31 381
132 32 865
132 33 47
132 39 486
132 40 133
132 43 394
132 44 415
132 50 330
132 51 233
132 52 613
132 54 98
132 56 118
132 57 931
132 60 151
132 61 349
132 62 353
132 65 154
132 69 749
132 70 148
132 71 972
132 73 313
132 74 177
132 76 260
132 77 516
132 78 358
132 79 663
132 82 703
132 83 436
132 84 636
132 85 39
132 86 801
132 87 74
132 90 723
132 92 479
132 97 991
132 98 269
132 102 22
132 103 1
132 108 159
132 111 188
132 113 211
132 114 294
132 115 820
132 117 908
132 128 727
133 1 133
133 3 849
133 4 559
133 5 775
133 6 521
133 7 699
133 10 505
133 11 908
133 12 435
133 13 539
133 14 858
133 15 482
133 16 452
133 17 442
133 19 965
133 20 334
133 22 726
133 23 627
133 24 838
133 26 995
133 27 835
133 29 353
133 30 331
133 31 97
133 33 472
133 35 5
133 36 599
133 39 289
133 40 846
133 47 294
133 48 876
133 53 900
133 54 127
133 55 895
133 60 177
133 61 958
133 62 674
133 63 145
133 64 952
133 66 232
133 69 803
133 71 532
133 73 473
133 74 964
133 77 729
133 78 320
133 79 11
133 81 41
133 87 997
133 88 256
133 89 174
133 90 858
133 93 344
133 96 961
133 97 961
133 98 754
133 102 477
133 103 8
133 104 319
133 105 307
133 106 870
133 110 463
133 111 880
133 112 435
133 113 871
133 115 185
133 116 691
133 119 739
133 121 836
133 122 216
133 127 670
133 130 605
133 131 846
134 5 795
134 7 895
134 8 591
134 9 436
134 10 305
134 14 380
134 15 527
134 17 311
134 18 868
134 19 151
134 21 670
134 23 750
134 24 720
134 25 613
134 26 362
134 27 198
134 28 916
134 29 969
134 30 114
134 31 143
134 34 235
134 35 499
134 37 360
134 38 818
134 39 835
134 40 732
134 41 711
134 42 522
134 43 646
134 44 888
134 45 817
134 48 384
134 49 594
134 51 74
134 53 882
134 59 717
134 60 921
134 63 474
134 64 584
134 67 626
134 68 78
134 70 231
134 75 899
134 76 87
134 77 477
134 79 907
134 80 50
134 85 779
134 86 911
134 87 308
134 88 569
134 89 818
134 91 132
134 93 675
134 97 441
134 98 21
134 102 503
134 103 785
134 106 370
134 107 818
134 108 929
134 112 229
134 114 319
134 115 802
134 118 486
134 119 187
134 122 877
134 123 548
134 126 938
134 127 554
134 129 24
134 132 425
135 4 583
135 7 489
135 8 484
135 9 975
135 11 639
135 12 731
135 13 781
135 15 683
135 18 317
135 19 760
135 24 842
135 29 369
135 30 549
135 36 901
135 37 85
135 38 808
135 40 860
135 42 986
135 46 512
135 47 818
135 48 750
135 50 92
135 51 906
135 52 632
135 56 389
135 59 558
135 60 96
135 61 527
135 62 469
135 65 900
135 66 639
135 67 131
135 68 26
135 69 761
135 71 512
135 72 673
135 73 700
135 74 989
135 75 304
135 79 197
135 80 424
135 81 141
135 84 726
135 85 133
135 86 930
135 87 356
135 91 557
135 92 586
135 95 536
135 97 692
135 101 394
135 108 185
135 109 153
135 110 889
135 112 892
135 113 948
135 115 982
135 116 692
135 118 775
135 119 260
135 121 888
135 122 613
135 123 332
135 126 208
135 129 429
135 130 198
135 133 702
135 134 389
136 2 926
136 4 776
136 7 399
136 8 317
136 9 262
136 11 613
136 12 113
136 13 604
136 16 734
136 17 62
136 18 927
136 20 628
136 22 296
136 23 330
136 24 337
136 26 19
136 28 79
136 29 162
136 32 642
136 33 586
136 35 299
136 39 858
136 40 940
136 42 566
136 45 974
136 47 556
136 48 454
136 50 1
136 52 506
136 54 811
136 55 671
136 57 732
136 58 948
136 60 124
136 66 927
136 68 617
136 71 787
136 72 181
136 77 793
136 78 918
136 79 230
136 84 662
136 86 161
136 88 741
136 90 812
136 92 216
136 93 794
136 95 744
136 96 90
136 97 438
136 99 282
136 100 398
136 101 149
136 102 2
136 103 957
136 104 660
136 108 606
136 109 43
136 110 688
136 112 203
136 115 307
136 117 67
136 119 597
136 121 135
136 125 522
136 126 311
136 129 943
136 131 762
136 132 365
137 2 887
137 3 799
137 5 991
137 6 587
137 8 861
137 11 24
137 13 771
137 16 568
137 19 700
137 21 805
137 24 11
137 25 299
137 27 780
137 28 969
137 31 506
137 32 1000
137 35 99
137 36 562
137 37 547
137 40 138
137 41 343
137 46 302
137 48 312
137 50 789
137 51 133
137 53 575
137 55 764
137 61 341
137 62 454
137 64 288
137 66 146
137 67 167
137 69 25
137 70 413
137 71 24
137 72 52
137 73 85
137 74 636
137 76 814
137 78 302
137 79 959
137 80 510
137 81 486
137 82 594
137 85 54
137 88 698
137 89 33
137 90 422
137 91 272
137 92 313
137 93 533
137 94 639
137 96 869
137 97 175
137 98 430
137 99 324
137 101 192
137 102 195
137 103 4
137 104 168
137 105 259
137 106 543
137 107 600
137 110 153
137 112 63
137 113 869
137 114 776
137 120 958
137 121 522
137 122 828
137 124 683
137 125 711
137 128 164
137 129 845
137 130 904
137 132 923
137 133 683
137 134 308
137 135 977
138 1 230
138 3 392
138 4 778
138 5 599
138 7 762
138 8 272
138 9 704
138 11 414
138 20 311
138 21 456
138 22 123
138 23 80
138 25 20
138 26 967
138 27 24
138 28 886
138 36 685
138 37 797
138 38 285
138 42 694
138 44 543
138 45 693
138 46 391
138 47 901
138 48 40
138 49 690
138 54 623
138 56 808
138 57 57
138 58 393
138 61 696
138 62 320
138 64 586
138 67 781
138 68 706
138 73 812
138 74 797
138 76 259
138 80 802
138 82 295
138 83 84
138 84 891
138 85 862
138 87 304
138 89 499
138 94 275
138 99 468
138 100 196
138 101 497
138 102 815
138 104 683
138 109 336
138 110 134
138 111 62
138 115 915
138 116 75
138 118 70
138 119 239
138 120 332
138 122 148
138 123 714
138 127 239
138 128 865
138 129 378
138 132 643
138 133 977
138 134 373
138 136 886
138 137 855
139 1 453
139 3 269
139 4 824
139 5 170
139 7 261
139 10 990
139 14 687
139 16 761
139 17 550
139 18 242
139 19 601
139 25 943
139 26 255
139 27 348
139 29 792
139 31 230
139 32 202
139 35 179
139 40 106
139 41 122
139 44 672
139 46 640
139 48 576
139 52 572
139 53 78
139 55 707
139 57 111
139 60 406
139 65 8
139 66 66
139 69 598
139 72 664
139 77 796
139 78 534
139 79 916
139 80 879
139 83 920
139 85 619
139 86 394
139 88 427
139 89 926
139 91 527
139 92 264
139 93 297
139 97 861
139 100 492
139 102 210
139 105 967
139 106 584
139 111 111
139 112 351
139 116 330
139 117 704
139 122 707
139 125 837
139 127 301
139 129 711
139 130 933
139 131 315
139 132 813
139 134 208
139 135 931
139 137 761
140 1 835
140 2 770
140 6 739
140 7 604
140 9 395
140 10 681
140 11 805
140 12 102
140 13 455
140 15 925
140 18 375
140 19 769
140 20 55
140 21 539
140 23 4
140 25 642
140 26 567
140 28 106
140 29 120
140 30 303
140 31 802
140 35 784
140 45 112
140 47 650
140 48 462
140 49 712
140 50 174
140 53 881
140 56 270
140 59 997
140 60 470
140 61 600
140 64 213
140 67 798
140 68 390
140 70 546
140 71 592
140 72 481
140 75 116
140 77 429
140 78 62
140 79 708
140 80 162
140 81 708
140 82 643
140 83 87
140 87 348
140 90 127
140 93 831
140 94 231
140 95 289
140 98 571
140 99 737
140 100 125
140 101 874
140 103 478
140 105 658
140 106 474
140 107 615
140 108 896
140 109 929
140 110 816
140 111 388
140 112 35
140 114 448
140 118 867
140 119 673
140 120 609
140 121 365
140 124 24
140 125 674
140 128 113
140 130 36
140 134 997
140 135 128
140 139 574
141 1 602
141 3 690
141 8 408
141 9 904
141 10 596
141 12 409
141 15 710
141 16 660
141 17 346
141 18 930
141 19 633
141 21 641
141 24 783
141 27 624
141 30 893
141 31 399
141 35 557
141 40 798
141 42 755
141 47 118
141 50 578
141 54 259
141 56 730
141 58 122
141 60 141
141 61 539
141 62 14
141 63 606
141 64 908
141 67 495
141 68 206
141 69 987
141 74 656
141 75 761
141 76 785
141 77 486
141 78 897
141 79 143
141 82 936
141 84 295
141 85 979
141 89 306
141 90 288
141 92 758
141 95 409
141 96 881
141 99 317
141 101 942
141 102 195
141 103 830
141 107 175
141 113 917
141 114 691
141 115 388
141 116 698
141 119 885
141 128 650
141 132 745
141 133 758
141 138 218
141 139 83
141 140 390
142 1 419
142 2 38
142 4 308
142 5 14
142 6 661
142 8 652
142 9 613
142 11 957
142 12 759
142 13 188
142 14 759
142 15 553
142 16 580
142 18 398
142 21 502
142 22 386
142 23 685
142 24 937
142 26 62
142 27 55
142 29 164
142 30 204
142 32 642
142 34 30
142 36 829
142 40 240
142 41 80
142 43 205
142 45 47
142 46 410
142 47 940
142 49 406
142 51 88
142 55 383
142 57 191
142 61 687
142 62 536
142 63 744
142 66 625
142 69 57
142 70 221
142 71 579
142 72 752
142 73 543
142 77 760
142 81 58
142 84 957
142 90 738
142 92 370
142 93 439
142 97 863
142 101 27
142 102 473
142 103 648
142 105 431
142 107 846
142 108 910
142 111 565
142 113 917
142 119 233
142 121 21
142 122 128
142 125 400
142 130 196
142 131 464
142 132 935
142 134 507
142 136 710
142 138 236
142 139 415
143 1 52
143 3 381
143 5 422
143 6 328
143 7 331
143 10 908
143 11 670
143 13 106
143 15 577
143 16 851
143 18 991
143 20 525
143 22 214
143 25 422
143 26 461
143 27 823
143 28 800
143 33 840
143 34 614
143 36 886
143 40 488
143 42 620
143 43 440
143 44 573
143 45 871
143 46 469
143 48 85
143 50 345
143 52 646
143 56 622
143 65 854
143 69 814
143 72 857
143 74 246
143 77 2
143 78 485
143 84 530
143 85 376
143 87 154
143 88 918
143 89 745
143 90 597
143 91 311
143 92 486
143 93 239
143 96 177
143 98 618
143 99 841
143 100 376
143 102 430
143 105 675
143 107 281
143 110 563
143 112 881
143 114 746
143 115 929
143 117 89
143 120 843
143 122 673
143 123 29
143 124 643
143 125 710
143 128 898
143 133 145
143 134 886
143 136 14
143 137 664
143 139 374
143 140 120
143 141 261
144 1 719
144 2 231
144 3 366
144 4 924
144 6 729
144 8 222
144 11 541
144 12 953
144 15 610
144 17 521
144 18 961
144 19 949
144 20 763
144 26 44
144 30 85
144 31 17
144 36 429
144 38 590
144 39 378
144 41 101
144 42 894
144 44 136
144 45 958
144 48 532
144 49 988
144 50 544
144 51 125
144 52 842
144 53 932
144 56 289
144 58 97
144 62 515
144 63 569
144 64 952
144 65 998
144 68 35
144 70 444
144 71 142
144 72 153
144 76 356
144 78 586
144 79 47
144 80 731
144 81 976
144 88 69
144 89 252
144 90 422
144 92 800
144 94 998
144 96 274
144 98 90
144 99 749
144 100 866
144 104 456
144 107 496
144 108 235
144 111 189
144 112 695
144 115 135
144 116 152
144 122 775
144 124 895
144 125 770
144 127 816
144 128 159
144 129 840
144 131 321
144 132 642
144 135 887
144 137 91
144 140 830
144 141 357
144 142 505
144 143 729
145 1 966
145 2 219
145 6 674
145 8 335
145 10 967
145 11 587
145 12 548
145 14 701
145 16 931
145 18 333
145 20 902
145 21 58
145 24 799
145 25 865
145 27 477
145 30 344
145 31 45
145 33 717
145 35 777
145 36 938
145 39 990
145 40 535
145 41 377
145 45 789
145 47 126
145 51 996
145 52 667
145 54 947
145 56 111
145 60 861
145 61 306
145 62 624
145 63 820
145 66 937
145 69 582
145 70 95
145 71 168
145 73 773
145 75 310
145 77 398
145 78 223
145 80 481
145 81 152
145 82 916
145 83 713
145 85 943
145 86 779
145 87 614
145 89 645
145 90 438
145 93 358
145 95 896
145 99 493
145 102 740
145 104 700
145 106 770
145 109 510
145 113 134
145 115 843
145 120 523
145 121 179
145 123 466
145 125 322
145 126 121
145 128 225
145 129 210
145 131 250
145 133 771
145 136 491
145 137 432
145 140 385
145 142 885
145 144 853
146 1 521
146 2 340
146 6 954
146 8 791
146 11 960
146 15 812
146 16 930
146 17 303
146 19 413
146 23 859
146 30 153
146 34 554
146 37 581
146 43 121
146 44 499
146 47 252
146 48 752
146 54 964
146 57 118
146 60 480
146 64 154
146 65 317
146 69 423
146 70 421
146 71 275
146 72 827
146 76 928
146 78 411
146 80 984
146 82 314
146 83 935
146 84 133
146 88 703
146 91 122
146 92 392
146 99 751
146 104 505
146 107 379
146 109 936
146 113 721
146 117 864
146 118 182
146 121 829
146 123 91
146 126 887
146 128 51
146 130 929
146 131 827
146 132 748
146 133 104
146 134 234
146 138 716
146 139 976
146 141 764
146 142 327
146 143 264
147 1 204
147 3 531
147 5 716
147 6 799
147 7 915
147 8 877
147 11 422
147 13 683
147 14 485
147 19 991
147 20 310
147 23 178
147 26 507
147 29 619
147 30 963
147 33 109
147 35 110
147 36 203
147 38 377
147 40 488
147 41 700
147 42 142
147 43 308
147 45 348
147 47 383
147 49 287
147 50 624
147 51 241
147 57 916
147 58 172
147 59 806
147 60 344
147 61 99
147 62 696
147 65 38
147 66 224
147 68 469
147 70 319
147 73 62
147 74 823
147 77 165
147 81 190
147 82 599
147 83 206
147 87 870
147 89 186
147 95 245
147 96 990
147 98 982
147 99 375
147 103 366
147 104 136
147 106 780
147 107 45
147 110 151
147 111 809
147 112 179
147 113 215
147 117 108
147 118 230
147 119 483
147 120 396
147 121 996
147 122 923
147 123 124
147 125 591
147 126 581
147 128 466
147 129 558
147 130 35
147 134 733
147 135 706
147 136 785
147 137 91
147 138 1
147 139 845
147 141 834
147 142 822
147 143 691
147 145 753
148 1 352
148 3 461
148 4 77
148 5 688
148 8 295
148 9 413
148 12 911
148 13 6
148 15 464
148 19 946
148 20 525
148 23 811
148 24 675
148 25 43
148 29 754
148 30 93
148 31 662
148 32 709
148 35 882
148 37 182
148 38 85
148 40 335
148 41 583
148 42 606
148 45 702
148 52 418
148 53 627
148 54 928
148 56 789
148 58 191
148 59 913
148 62 607
148 64 479
148 65 433
148 66 547
148 69 867
148 71 702
148 72 465
148 77 996
148 78 315
148 82 608
148 83 122
148 84 151
148 85 6
148 88 308
148 91 347
148 93 790
148 95 857
148 96 748
148 98 712
148 100 60
148 101 358
148 102 186
148 103 416
148 107 676
148 109 575
148 110 323
148 112 814
148 114 519
148 115 604
148 116 400
148 117 635
148 121 728
148 122 957
148 123 384
148 125 350
148 126 448
148 127 688
148 128 284
148 130 685
148 132 385
148 137 526
148 138 529
148 140 423
148 141 604
148 142 858
148 143 64
148 144 622
148 145 126
148 146 471
149 3 85
149 4 192
149 5 575
149 9 876
149 10 385
149 11 760
149 12 153
149 13 248
149 15 700
149 18 73
149 25 612
149 26 718
149 27 120
149 28 995
149 31 62
149 32 401
149 33 172
149 34 780
149 40 485
149 41 358
149 42 578
149 43 51
149 45 391
149 46 104
149 47 826
149 48 209
149 49 422
149 53 928
149 59 75
149 60 703
149 63 214
149 64 212
149 66 378
149 67 913
149 69 828
149 76 355
149 80 363
149 85 307
149 90 622
149 92 986
149 94 16
149 95 794
149 97 402
149 98 430
149 100 20
149 102 996
149 103 860
149 104 855
149 105 169
149 106 983
149 107 778
149 109 26
149 111 30
149 113 492
149 114 71
149 118 696
149 119 933
149 121 582
149 122 902
149 129 495
149 131 771
149 133 698
149 135 808
149 136 218
149 138 644
149 139 513
149 140 588
149 141 198
149 142 779
149 147 249
150 2 742
150 5 826
150 6 715
150 8 21
150 9 185
150 10 709
150 11 50
150 12 82
150 13 645
150 14 416
150 16 18
150 18 60
150 19 699
150 20 879
150 22 184
150 23 394
150 25 829
150 26 807
150 27 391
150 31 545
150 35 364
150 37 783
150 40 483
150 41 529
150 43 275
150 45 405
150 46 861
150 48 234
150 49 232
150 50 29
150 52 92
150 54 1
150 55 216
150 59 447
150 60 429
150 61 902
150 64 661
150 67 297
150 68 732
150 69 349
150 70 139
150 71 359
150 72 237
150 73 683
150 76 707
150 78 448
150 79 229
150 82 901
150 85 54
150 86 873
150 88 62
150 89 412
150 90 188
150 95 794
150 101 774
150 103 430
150 105 307
150 106 497
150 108 960
150 111 927
150 112 301
150 114 701
150 115 237
150 118 822
150 123 453
150 124 678
150 125 85
150 126 480
150 127 717
150 131 575
150 136 818
150 138 82
150 139 930
150 145 204
150 147 589
150 148 461
150 149 84
