100
2 1 86
3 1 831
3 2 330
4 1 603
4 2 475
4 3 631
5 1 383
5 2 466
5 3 686
5 4 397
6 1 181
6 2 449
6 3 562
6 4 735
6 5 118
7 1 720
7 2 12
7 3 389
7 4 863
7 5 246
7 6 446
8 1 597
8 2 448
8 3 581
8 4 403
8 5 955
8 6 102
8 7 749
9 1 20
9 2 512
9 3 562
9 4 21
9 5 196
9 6 8
9 7 889
9 8 668
10 1 607
10 2 462
10 3 13
10 4 993
10 5 926
10 6 548
10 7 542
10 8 224
10 9 897
11 1 447
11 2 568
11 3 63
11 4 128
11 5 128
11 6 479
11 7 987
11 8 738
11 9 226
11 10 38
12 1 581
12 2 236
12 3 989
12 4 222
12 5 506
12 6 265
12 7 963
12 8 579
12 9 887
12 10 76
12 11 356
13 1 116
13 2 216
13 3 885
13 4 295
13 5 956
13 6 54
13 7 461
13 8 386
13 9 279
13 10 138
13 11 607
13 12 297
14 1 297
14 2 664
14 3 382
14 4 283
14 5 269
14 6 858
14 7 218
14 8 864
14 9 806
14 10 115
14 11 295
14 12 74
14 13 975
15 1 295
15 2 809
15 3 3
15 4 952
15 5 976
15 6 10
15 7 540
15 8 229
15 9 752
15 10 145
15 11 536
15 12 632
15 13 862
15 14 673
16 1 811
16 2 646
16 3 753
16 4 390
16 5 707
16 6 810
16 7 354
16 8 346
16 9 118
16 10 181
16 11 166
16 12 670
16 13 205
16 14 120
16 15 451
17 1 692
17 2 211
17 3 910
17 4 110
17 5 991
17 6 99
17 7 949
17 8 55
17 9 244
17 10 928
17 11 537
17 12 144
17 13 2
17 14 176
17 15 491
17 16 997
18 1 786
18 2 435
18 3 118
18 4 253
18 5 107
18 6 193
18 7 271
18 8 94
18 9 322
18 10 616
18 11 515
18 12 99
18 13 421
18 14 543
18 15 644
18 16 738
18 17 147
19 1 129
19 2 62
19 3 80
19 4 76
19 5 823
19 6 767
19 7 530
19 8 515
19 9 624
19 10 966
19 11 657
19 12 379
19 13 818
19 14 544
19 15 437
19 16 401
19 17 614
19 18 923
20 1 471
20 2 311
20 3 394
20 4 39
20 5 996
20 6 868
20 7 509
20 8 457
20 9 753
20 10 872
20 11 802
20 12 869
20 13 41
20 14 525
20 15 319
20 16 483
20 17 504
20 18 786
20 19 887
21 1 62
21 2 480
21 3 587
21 4 500
21 5 596
21 6 977
21 7 40
21 8 714
21 9 895
21 10 590
21 11 26
21 12 477
21 13 573
21 14 927
21 15 776
21 16 103
21 17 200
21 18 361
21 19 333
21 20 316
22 1 612
22 2 165
22 3 33
22 4 567
22 5 643
22 6 369
22 7 360
22 8 59
22 9 778
22 10 878
22 11 833
22 12 171
22 13 478
22 14 686
22 15 776
22 16 226
22 17 186
22 18 249
22 19 119
22 20 792
22 21 269
23 1 323
23 2 607
23 3 963
23 4 394
23 5 853
23 6 32
23 7 296
23 8 93
23 9 709
23 10 386
23 11 366
23 12 529
23 13 346
23 14 47
23 15 117
23 16 705
23 17 707
23 18 392
23 19 452
23 20 629
23 21 928
23 22 448
24 1 758
24 2 184
24 3 664
24 4 487
24 5 300
24 6 710
24 7 106
24 8 655
24 9 689
24 10 549
24 11 997
24 12 58
24 13 845
24 14 59
24 15 227
24 16 896
24 17 167
24 18 847
24 19 808
24 20 549
24 21 836
24 22 238
24 23 307
25 1 730
25 2 454
25 3 212
25 4 46
25 5 93
25 6 452
25 7 331
25 8 642
25 9 914
25 10 960
25 11 402
25 12 694
25 13 741
25 14 84
25 15 888
25 16 699
25 17 120
25 18 781
25 19 303
25 20 493
25 21 795
25 22 767
25 23 118
25 24 803
26 1 1000
26 2 157
26 3 910
26 4 708
26 5 727
26 6 778
26 7 781
26 8 98
26 9 95
26 10 337
26 11 276
26 12 418
26 13 204
26 14 899
26 15 322
26 16 299
26 17 96
26 18 356
26 19 938
26 20 852
26 21 710
26 22 831
26 23 714
26 24 730
26 25 952
27 1 216
27 2 316
27 3 250
27 4 265
27 5 270
27 6 530
27 7 145
27 8 324
27 9 987
27 10 579
27 11 771
27 12 738
27 13 153
27 14 738
27 15 831
27 16 885
27 17 310
27 18 488
27 19 925
27 20 262
27 21 547
27 22 716
27 23 504
27 24 973
27 25 815
27 26 714
28 1 43
28 2 244
28 3 715
28 4 989
28 5 484
28 6 86
28 7 943
28 8 122
28 9 290
28 10 479
28 11 831
28 12 195
28 13 656
28 14 729
28 15 687
28 16 533
28 17 702
28 18 849
28 19 860
28 20 764
28 21 719
28 22 109
28 23 737
28 24 457
28 25 766
28 26 133
28 27 98
29 1 830
29 2 216
29 3 169
29 4 535
29 5 298
29 6 30
29 7 406
29 8 868
29 9 854
29 10 856
29 11 482
29 12 746
29 13 534
29 14 251
29 15 541
29 16 885
29 17 483
29 18 608
29 19 486
29 20 629
29 21 364
29 22 581
29 23 302
29 24 769
29 25 119
29 26 100
29 27 566
29 28 828
30 1 335
30 2 278
30 3 544
30 4 231
30 5 720
30 6 781
30 7 485
30 8 71
30 9 438
30 10 467
30 11 1
30 12 407
30 13 319
30 14 386
30 15 664
30 16 273
30 17 177
30 18 422
30 19 181
30 20 863
30 21 766
30 22 178
30 23 808
30 24 556
30 25 106
30 26 892
30 27 848
30 28 751
30 29 194
31 1 474
31 2 382
31 3 677
31 4 351
31 5 958
31 6 611
31 7 635
31 8 709
31 9 960
31 10 429
31 11 365
31 12 591
31 13 930
31 14 109
31 15 464
31 16 794
31 17 291
31 18 241
31 19 69
31 20 18
31 21 769
31 22 286
31 23 219
31 24 951
31 25 473
31 26 381
31 27 618
31 28 772
31 29 559
31 30 276
32 1 711
32 2 53
32 3 531
32 4 537
32 5 287
32 6 344
32 7 500
32 8 374
32 9 40
32 10 919
32 11 966
32 12 747
32 13 778
32 14 453
32 15 945
32 16 613
32 17 223
32 18 623
32 19 493
32 20 449
32 21 605
32 22 898
32 23 968
32 24 432
32 25 467
32 26 11
32 27 566
32 28 894
32 29 397
32 30 877
32 31 972
33 1 949
33 2 615
33 3 952
33 4 184
33 5 401
33 6 606
33 7 289
33 8 821
33 9 327
33 10 248
33 11 805
33 12 491
33 13 958
33 14 122
33 15 495
33 16 24
33 17 734
33 18 944
33 19 612
33 20 653
33 21 673
33 22 311
33 23 62
33 24 439
33 25 412
33 26 204
33 27 512
33 28 525
33 29 576
33 30 943
33 31 977
33 32 21
34 1 330
34 2 527
34 3 879
34 4 598
34 5 260
34 6 554
34 7 834
34 8 99
34 9 947
34 10 162
34 11 681
34 12 737
34 13 878
34 14 694
34 15 488
34 16 695
34 17 562
34 18 1
34 19 562
34 20 200
34 21 983
34 22 607
34 23 692
34 24 374
34 25 772
34 26 148
34 27 150
34 28 446
34 29 718
34 30 804
34 31 196
34 32 128
34 33 516
35 1 638
35 2 82
35 3 225
35 4 851
35 5 58
35 6 828
35 7 798
35 8 229
35 9 822
35 10 255
35 11 449
35 12 160
35 13 300
35 14 41
35 15 531
35 16 584
35 17 908
35 18 801
35 19 363
35 20 666
35 21 934
35 22 436
35 23 768
35 24 337
35 25 168
35 26 279
35 27 483
35 28 213
35 29 55
35 30 756
35 31 276
35 32 767
35 33 295
35 34 600
36 1 830
36 2 891
36 3 81
36 4 852
36 5 704
36 6 214
36 7 432
36 8 161
36 9 948
36 10 817
36 11 292
36 12 127
36 13 182
36 14 218
36 15 354
36 16 712
36 17 205
36 18 754
36 19 786
36 20 944
36 21 454
36 22 749
36 23 311
36 24 444
36 25 878
36 26 81
36 27 333
36 28 514
36 29 42
36 30 42
36 31 33
36 32 795
36 33 529
36 34 611
36 35 655
37 1 753
37 2 953
37 3 524
37 4 393
37 5 486
37 6 158
37 7 761
37 8 600
37 9 615
37 10 410
37 11 343
37 12 231
37 13 268
37 14 649
37 15 557
37 16 739
37 17 391
37 18 129
37 19 990
37 20 841
37 21 909
37 22 995
37 23 3
37 24 866
37 25 487
37 26 627
37 27 524
37 28 611
37 29 884
37 30 813
37 31 284
37 32 909
37 33 173
37 34 62
37 35 888
37 36 335
38 1 306
38 2 639
38 3 326
38 4 757
38 5 805
38 6 113
38 7 831
38 8 668
38 9 563
38 10 514
38 11 195
38 12 485
38 13 16
38 14 390
38 15 921
38 16 260
38 17 192
38 18 350
38 19 854
38 20 503
38 21 386
38 22 888
38 23 156
38 24 37
38 25 468
38 26 584
38 27 759
38 28 106
38 29 79
38 30 965
38 31 678
38 32 146
38 33 214
38 34 619
38 35 806
38 36 937
38 37 953
39 1 364
39 2 79
39 3 61
39 4 338
39 5 543
39 6 127
39 7 862
39 8 651
39 9 763
39 10 807
39 11 351
39 12 596
39 13 640
39 14 230
39 15 749
39 16 150
39 17 369
39 18 171
39 19 602
39 20 65
39 21 186
39 22 989
39 23 666
39 24 297
39 25 38
39 26 438
39 27 5
39 28 852
39 29 26
39 30 985
39 31 983
39 32 809
39 33 436
39 34 538
39 35 104
39 36 521
39 37 437
39 38 686
40 1 884
40 2 249
40 3 733
40 4 854
40 5 198
40 6 736
40 7 780
40 8 982
40 9 793
40 10 471
40 11 332
40 12 621
40 13 910
40 14 641
40 15 434
40 16 567
40 17 206
40 18 44
40 19 135
40 20 416
40 21 414
40 22 445
40 23 516
40 24 665
40 25 439
40 26 144
40 27 840
40 28 245
40 29 821
40 30 749
40 31 883
40 32 605
40 33 776
40 34 420
40 35 780
40 36 734
40 37 226
40 38 76
40 39 927
41 1 747
41 2 541
41 3 330
41 4 790
41 5 913
41 6 913
41 7 140
41 8 647
41 9 252
41 10 565
41 11 455
41 12 615
41 13 94
41 14 227
41 15 328
41 16 508
41 17 199
41 18 579
41 19 281
41 20 346
41 21 356
41 22 598
41 23 907
41 24 590
41 25 553
41 26 1
41 27 959
41 28 402
41 29 123
41 30 227
41 31 456
41 32 519
41 33 480
41 34 645
41 35 527
41 36 535
41 37 334
41 38 938
41 39 19
41 40 677
42 1 505
42 2 839
42 3 117
42 4 378
42 5 721
42 6 683
42 7 478
42 8 212
42 9 25
42 10 443
42 11 630
42 12 27
42 13 677
42 14 210
42 15 653
42 16 315
42 17 665
42 18 293
42 19 379
42 20 157
42 21 226
42 22 393
42 23 625
42 24 297
42 25 981
42 26 539
42 27 212
42 28 172
42 29 588
42 30 719
42 31 773
42 32 946
42 33 15
42 34 408
42 35 602
42 36 893
42 37 843
42 38 435
42 39 48
42 40 664
42 41 193
43 1 864
43 2 214
43 3 279
43 4 190
43 5 859
43 6 956
43 7 897
43 8 70
43 9 689
43 10 441
43 11 684
43 12 312
43 13 349
43 14 772
43 15 347
43 16 434
43 17 464
43 18 417
43 19 149
43 20 324
43 21 430
43 22 473
43 23 469
43 24 237
43 25 973
43 26 994
43 27 230
43 28 835
43 29 584
43 30 897
43 31 752
43 32 897
43 33 502
43 34 205
43 35 858
43 36 594
43 37 199
43 38 620
43 39 287
43 40 428
43 41 559
43 42 687
44 1 740
44 2 245
44 3 180
44 4 57
44 5 121
44 6 929
44 7 505
44 8 585
44 9 789
44 10 668
44 11 715
44 12 292
44 13 892
44 14 917
44 15 582
44 16 423
44 17 92
44 18 431
44 19 710
44 20 120
44 21 254
44 22 11
44 23 871
44 24 453
44 25 913
44 26 826
44 27 372
44 28 819
44 29 584
44 30 456
44 31 639
44 32 969
44 33 233
44 34 13
44 35 466
44 36 144
44 37 476
44 38 1
44 39 616
44 40 106
44 41 321
44 42 756
44 43 721
45 1 40
45 2 519
45 3 627
45 4 665
45 5 598
45 6 844
45 7 259
45 8 900
45 9 581
45 10 861
45 11 613
45 12 376
45 13 16
45 14 10
45 15 601
45 16 35
45 17 631
45 18 57
45 19 461
45 20 60
45 21 981
45 22 245
45 23 263
45 24 312
45 25 729
45 26 700
45 27 158
45 28 658
45 29 842
45 30 910
45 31 260
45 32 124
45 33 691
45 34 347
45 35 293
45 36 63
45 37 331
45 38 549
45 39 366
45 40 785
45 41 441
45 42 218
45 43 522
45 44 341
46 1 695
46 2 171
46 3 935
46 4 395
46 5 563
46 6 184
46 7 874
46 8 380
46 9 792
46 10 72
46 11 828
46 12 378
46 13 74
46 14 547
46 15 411
46 16 427
46 17 662
46 18 691
46 19 927
46 20 168
46 21 919
46 22 94
46 23 731
46 24 59
46 25 79
46 26 992
46 27 754
46 28 564
46 29 695
46 30 946
46 31 826
46 32 41
46 33 563
46 34 900
46 35 684
46 36 239
46 37 87
46 38 683
46 39 778
46 40 616
46 41 374
46 42 252
46 43 262
46 44 914
46 45 536
47 1 267
47 2 808
47 3 684
47 4 974
47 5 796
47 6 103
47 7 691
47 8 628
47 9 232
47 10 174
47 11 411
47 12 464
47 13 720
47 14 910
47 15 42
47 16 698
47 17 678
47 18 414
47 19 732
47 20 493
47 21 219
47 22 71
47 23 963
47 24 168
47 25 538
47 26 438
47 27 275
47 28 136
47 29 594
47 30 367
47 31 787
47 32 101
47 33 634
47 34 963
47 35 188
47 36 254
47 37 390
47 38 269
47 39 156
47 40 478
47 41 16
47 42 805
47 43 383
47 44 815
47 45 64
47 46 337
48 1 656
48 2 697
48 3 92
48 4 510
48 5 683
48 6 696
48 7 693
48 8 216
48 9 606
48 10 799
48 11 35
48 12 837
48 13 385
48 14 457
48 15 213
48 16 730
48 17 513
48 18 914
48 19 983
48 20 589
48 21 728
48 22 579
48 23 701
48 24 570
48 25 686
48 26 425
48 27 519
48 28 287
48 29 776
48 30 690
48 31 179
48 32 86
48 33 511
48 34 366
48 35 936
48 36 198
48 37 210
48 38 249
48 39 466
48 40 672
48 41 881
48 42 530
48 43 790
48 44 204
48 45 526
48 46 209
48 47 558
49 1 249
49 2 290
49 3 808
49 4 239
49 5 29
49 6 150
49 7 156
49 8 46
49 9 347
49 10 92
49 11 247
49 12 661
49 13 298
49 14 957
49 15 413
49 16 67
49 17 286
49 18 408
49 19 334
49 20 66
49 21 960
49 22 701
49 23 622
49 24 291
49 25 951
49 26 205
49 27 998
49 28 784
49 29 546
49 30 863
49 31 299
49 32 446
49 33 666
49 34 31
49 35 838
49 36 944
49 37 785
49 38 396
49 39 855
49 40 872
49 41 668
49 42 904
49 43 73
49 44 240
49 45 57
49 46 893
49 47 603
49 48 617
50 1 677
50 2 874
50 3 714
50 4 473
50 5 203
50 6 654
50 7 218
50 8 563
50 9 60
50 10 732
50 11 460
50 12 390
50 13 178
50 14 173
50 15 192
50 16 91
50 17 101
50 18 389
50 19 813
50 20 296
50 21 52
50 22 527
50 23 742
50 24 777
50 25 860
50 26 407
50 27 921
50 28 964
50 29 858
50 30 183
50 31 705
50 32 627
50 33 138
50 34 199
50 35 642
50 36 317
50 37 793
50 38 704
50 39 897
50 40 346
50 41 28
50 42 382
50 43 325
50 44 408
50 45 256
50 46 881
50 47 446
50 48 138
50 49 577
51 1 793
51 2 824
51 3 173
51 4 248
51 5 760
51 6 605
51 7 550
51 8 39
51 9 664
51 10 224
51 11 480
51 12 603
51 13 85
51 14 524
51 15 845
51 16 222
51 17 460
51 18 799
51 19 954
51 20 583
51 21 656
51 22 509
51 23 406
51 24 440
51 25 873
51 26 684
51 27 94
51 28 309
51 29 90
51 30 245
51 31 690
51 32 560
51 33 480
51 34 778
51 35 170
51 36 545
51 37 495
51 38 490
51 39 196
51 40 642
51 41 557
51 42 363
51 43 412
51 44 329
51 45 552
51 46 753
51 47 989
51 48 686
51 49 559
51 50 948
52 1 973
52 2 947
52 3 515
52 4 430
52 5 247
52 6 969
52 7 754
52 8 840
52 9 191
52 10 767
52 11 610
52 12 923
52 13 343
52 14 480
52 15 522
52 16 927
52 17 626
52 18 403
52 19 349
52 20 231
52 21 969
52 22 958
52 23 810
52 24 197
52 25 382
52 26 742
52 27 261
52 28 504
52 29 790
52 30 22
52 31 249
52 32 466
52 33 222
52 34 311
52 35 519
52 36 84
52 37 134
52 38 903
52 39 435
52 40 843
52 41 964
52 42 494
52 43 990
52 44 506
52 45 217
52 46 271
52 47 862
52 48 403
52 49 656
52 50 95
52 51 189
53 1 980
53 2 407
53 3 659
53 4 24
53 5 597
53 6 50
53 7 748
53 8 643
53 9 844
53 10 15
53 11 986
53 12 167
53 13 870
53 14 843
53 15 682
53 16 168
53 17 483
53 18 130
53 19 681
53 20 215
53 21 16
53 22 224
53 23 322
53 24 553
53 25 232
53 26 985
53 27 898
53 28 341
53 29 745
53 30 187
53 31 245
53 32 158
53 33 740
53 34 356
53 35 332
53 36 708
53 37 975
53 38 141
53 39 986
53 40 917
53 41 320
53 42 500
53 43 134
53 44 868
53 45 354
53 46 301
53 47 183
53 48 257
53 49 754
53 50 127
53 51 422
53 52 321
54 1 493
54 2 367
54 3 577
54 4 422
54 5 90
54 6 906
54 7 889
54 8 732
54 9 430
54 10 981
54 11 357
54 12 710
54 13 896
54 14 9
54 15 11
54 16 311
54 17 815
54 18 478
54 19 354
54 20 120
54 21 495
54 22 185
54 23 349
54 24 852
54 25 315
54 26 417
54 27 579
54 28 908
54 29 671
54 30 874
54 31 455
54 32 932
54 33 742
54 34 401
54 35 613
54 36 555
54 37 350
54 38 856
54 39 865
54 40 772
54 41 411
54 42 673
54 43 343
54 44 641
54 45 742
54 46 931
54 47 705
54 48 252
54 49 207
54 50 11
54 51 545
54 52 138
54 53 476
55 1 139
55 2 375
55 3 597
55 4 889
55 5 397
55 6 814
55 7 599
55 8 187
55 9 11
55 10 853
55 11 213
55 12 105
55 13 977
55 14 345
55 15 773
55 16 90
55 17 358
55 18 76
55 19 188
55 20 640
55 21 800
55 22 59
55 23 119
55 24 21
55 25 94
55 26 932
55 27 950
55 28 374
55 29 852
55 30 577
55 31 735
55 32 448
55 33 597
55 34 347
55 35 591
55 36 479
55 37 866
55 38 538
55 39 194
55 40 962
55 41 99
55 42 963
55 43 347
55 44 322
55 45 422
55 46 777
55 47 795
55 48 734
55 49 614
55 50 924
55 51 735
55 52 603
55 53 831
55 54 834
56 1 716
56 2 448
56 3 907
56 4 252
56 5 858
56 6 207
56 7 301
56 8 323
56 9 592
56 10 204
56 11 989
56 12 322
56 13 363
56 14 288
56 15 896
56 16 642
56 17 981
56 18 900
56 19 652
56 20 938
56 21 564
56 22 66
56 23 771
56 24 536
56 25 265
56 26 577
56 27 539
56 28 504
56 29 224
56 30 852
56 31 200
56 32 1
56 33 439
56 34 244
56 35 247
56 36 792
56 37 493
56 38 794
56 39 883
56 40 45
56 41 327
56 42 676
56 43 970
56 44 810
56 45 512
56 46 850
56 47 40
56 48 784
56 49 696
56 50 675
56 51 169
56 52 265
56 53 176
56 54 474
56 55 795
57 1 399
57 2 789
57 3 319
57 4 787
57 5 126
57 6 553
57 7 535
57 8 338
57 9 429
57 10 762
57 11 671
57 12 491
57 13 784
57 14 467
57 15 953
57 16 374
57 17 923
57 18 536
57 19 465
57 20 452
57 21 307
57 22 742
57 23 559
57 24 363
57 25 926
57 26 556
57 27 265
57 28 163
57 29 301
57 30 603
57 31 677
57 32 35
57 33 830
57 34 959
57 35 598
57 36 787
57 37 853
57 38 737
57 39 928
57 40 701
57 41 54
57 42 655
57 43 556
57 44 546
57 45 91
57 46 519
57 47 762
57 48 838
57 49 584
57 50 821
57 51 375
57 52 637
57 53 826
57 54 891
57 55 205
57 56 472
58 1 861
58 2 294
58 3 482
58 4 193
58 5 801
58 6 409
58 7 332
58 8 832
58 9 508
58 10 390
58 11 517
58 12 772
58 13 30
58 14 944
58 15 965
58 16 803
58 17 409
58 18 619
58 19 829
58 20 882
58 21 744
58 22 545
58 23 90
58 24 652
58 25 641
58 26 816
58 27 945
58 28 46
58 29 426
58 30 962
58 31 499
58 32 546
58 33 747
58 34 186
58 35 504
58 36 897
58 37 450
58 38 332
58 39 153
58 40 359
58 41 856
58 42 751
58 43 178
58 44 808
58 45 813
58 46 522
58 47 769
58 48 249
58 49 158
58 50 714
58 51 50
58 52 562
58 53 466
58 54 630
58 55 129
58 56 540
58 57 215
59 1 229
59 2 974
59 3 552
59 4 744
59 5 154
59 6 610
59 7 373
59 8 635
59 9 83
59 10 408
59 11 21
59 12 396
59 13 313
59 14 444
59 15 651
59 16 580
59 17 791
59 18 215
59 19 831
59 20 705
59 21 30
59 22 187
59 23 764
59 24 625
59 25 591
59 26 941
59 27 273
59 28 209
59 29 81
59 30 925
59 31 608
59 32 473
59 33 862
59 34 59
59 35 409
59 36 530
59 37 897
59 38 695
59 39 374
59 40 5
59 41 445
59 42 695
59 43 452
59 44 779
59 45 529
59 46 627
59 47 638
59 48 189
59 49 376
59 50 321
59 51 673
59 52 82
59 53 272
59 54 316
59 55 225
59 56 326
59 57 524
59 58 920
60 1 359
60 2 685
60 3 454
60 4 911
60 5 368
60 6 155
60 7 651
60 8 124
60 9 286
60 10 170
60 11 877
60 12 425
60 13 638
60 14 293
60 15 369
60 16 830
60 17 247
60 18 261
60 19 425
60 20 775
60 21 174
60 22 537
60 23 517
60 24 782
60 25 97
60 26 728
60 27 328
60 28 38
60 29 692
60 30 502
60 31 441
60 32 628
60 33 850
60 34 892
60 35 590
60 36 433
60 37 775
60 38 108
60 39 691
60 40 949
60 41 296
60 42 229
60 43 74
60 44 523
60 45 953
60 46 424
60 47 621
60 48 766
60 49 667
60 50 562
60 51 745
60 52 144
60 53 73
60 54 349
60 55 403
60 56 7
60 57 825
60 58 365
60 59 583
61 1 550
61 2 439
61 3 644
61 4 956
61 5 464
61 6 495
61 7 652
61 8 643
61 9 289
61 10 255
61 11 816
61 12 273
61 13 707
61 14 29
61 15 970
61 16 785
61 17 294
61 18 839
61 19 343
61 20 668
61 21 478
61 22 207
61 23 988
61 24 561
61 25 703
61 26 132
61 27 750
61 28 433
61 29 61
61 30 571
61 31 186
61 32 758
61 33 894
61 34 986
61 35 34
61 36 398
61 37 115
61 38 792
61 39 138
61 40 111
61 41 253
61 42 739
61 43 933
61 44 908
61 45 487
61 46 581
61 47 893
61 48 666
61 49 153
61 50 575
61 51 547
61 52 710
61 53 497
61 54 627
61 55 961
61 56 307
61 57 666
61 58 172
61 59 803
61 60 242
62 1 194
62 2 72
62 3 381
62 4 946
62 5 492
62 6 131
62 7 267
62 8 843
62 9 84
62 10 20
62 11 404
62 12 872
62 13 610
62 14 691
62 15 810
62 16 368
62 17 832
62 18 588
62 19 266
62 20 752
62 21 157
62 22 232
62 23 615
62 24 710
62 25 435
62 26 983
62 27 553
62 28 808
62 29 22
62 30 60
62 31 33
62 32 740
62 33 374
62 34 120
62 35 673
62 36 638
62 37 671
62 38 978
62 39 788
62 40 149
62 41 228
62 42 271
62 43 924
62 44 207
62 45 688
62 46 142
62 47 32
62 48 706
62 49 268
62 50 255
62 51 652
62 52 498
62 53 540
62 54 707
62 55 740
62 56 424
62 57 523
62 58 659
62 59 17
62 60 314
62 61 69
63 1 747
63 2 964
63 3 136
63 4 818
63 5 592
63 6 851
63 7 755
63 8 203
63 9 971
63 10 421
63 11 980
63 12 282
63 13 479
63 14 113
63 15 841
63 16 386
63 17 721
63 18 943
63 19 296
63 20 834
63 21 389
63 22 443
63 23 802
63 24 240
63 25 751
63 26 260
63 27 436
63 28 136
63 29 398
63 30 317
63 31 529
63 32 942
63 33 297
63 34 647
63 35 976
63 36 521
63 37 481
63 38 294
63 39 684
63 40 826
63 41 928
63 42 902
63 43 844
63 44 397
63 45 453
63 46 864
63 47 965
63 48 707
63 49 684
63 50 183
63 51 862
63 52 617
63 53 429
63 54 391
63 55 43
63 56 432
63 57 1
63 58 190
63 59 185
63 60 329
63 61 332
63 62 660
64 1 643
64 2 145
64 3 917
64 4 192
64 5 167
64 6 791
64 7 930
64 8 510
64 9 302
64 10 784
64 11 63
64 12 406
64 13 122
64 14 664
64 15 908
64 16 81
64 17 275
64 18 292
64 19 947
64 20 216
64 21 505
64 22 279
64 23 476
64 24 141
64 25 107
64 26 61
64 27 13
64 28 751
64 29 1000
64 30 367
64 31 17
64 32 25
64 33 362
64 34 86
64 35 990
64 36 300
64 37 16
64 38 778
64 39 260
64 40 662
64 41 13
64 42 353
64 43 29
64 44 83
64 45 97
64 46 653
64 47 496
64 48 205
64 49 998
64 50 945
64 51 118
64 52 862
64 53 742
64 54 588
64 55 330
64 56 758
64 57 423
64 58 367
64 59 289
64 60 904
64 61 128
64 62 255
64 63 460
65 1 699
65 2 941
65 3 601
65 4 106
65 5 794
65 6 254
65 7 4
65 8 1
65 9 100
65 10 778
65 11 376
65 12 939
65 13 589
65 14 989
65 15 938
65 16 837
65 17 748
65 18 924
65 19 171
65 20 525
65 21 828
65 22 529
65 23 956
65 24 512
65 25 262
65 26 991
65 27 426
65 28 313
65 29 880
65 30 766
65 31 270
65 32 151
65 33 804
65 34 217
65 35 492
65 36 91
65 37 147
65 38 72
65 39 899
65 40 928
65 41 896
65 42 142
65 43 790
65 44 404
65 45 613
65 46 982
65 47 632
65 48 552
65 49 826
65 50 441
65 51 701
65 52 253
65 53 241
65 54 298
65 55 961
65 56 304
65 57 157
65 58 413
65 59 672
65 60 581
65 61 711
65 62 97
65 63 492
65 64 98
66 1 830
66 2 634
66 3 57
66 4 42
66 5 20
66 6 151
66 7 326
66 8 87
66 9 371
66 10 273
66 11 161
66 12 561
66 13 413
66 14 260
66 15 915
66 16 291
66 17 686
66 18 562
66 19 28
66 20 168
66 21 175
66 22 987
66 23 884
66 24 775
66 25 964
66 26 925
66 27 435
66 28 629
66 29 763
66 30 312
66 31 336
66 32 853
66 33 167
66 34 281
66 35 616
66 36 357
66 37 787
66 38 693
66 39 117
66 40 827
66 41 628
66 42 987
66 43 213
66 44 106
66 45 343
66 46 35
66 47 569
66 48 766
66 49 242
66 50 956
66 51 937
66 52 954
66 53 188
66 54 70
66 55 242
66 56 816
66 57 751
66 58 432
66 59 465
66 60 70
66 61 263
66 62 651
66 63 83
66 64 547
66 65 632
67 1 919
67 2 50
67 3 763
67 4 70
67 5 452
67 6 602
67 7 837
67 8 83
67 9 780
67 10 360
67 11 324
67 12 389
67 13 578
67 14 508
67 15 785
67 16 602
67 17 985
67 18 36
67 19 143
67 20 847
67 21 588
67 22 311
67 23 166
67 24 665
67 25 532
67 26 473
67 27 619
67 28 835
67 29 427
67 30 410
67 31 919
67 32 8
67 33 14
67 34 326
67 35 352
67 36 267
67 37 765
67 38 141
67 39 167
67 40 997
67 41 861
67 42 238
67 43 120
67 44 695
67 45 253
67 46 305
67 47 276
67 48 601
67 49 728
67 50 285
67 51 143
67 52 267
67 53 183
67 54 667
67 55 448
67 56 463
67 57 552
67 58 653
67 59 129
67 60 30
67 61 60
67 62 925
67 63 349
67 64 568
67 65 769
67 66 32
68 1 609
68 2 88
68 3 585
68 4 656
68 5 270
68 6 5
68 7 186
68 8 234
68 9 52
68 10 100
68 11 547
68 12 732
68 13 328
68 14 333
68 15 17
68 16 531
68 17 274
68 18 633
68 19 127
68 20 710
68 21 200
68 22 43
68 23 580
68 24 219
68 25 621
68 26 855
68 27 111
68 28 691
68 29 888
68 30 608
68 31 152
68 32 907
68 33 444
68 34 80
68 35 510
68 36 158
68 37 25
68 38 650
68 39 480
68 40 21
68 41 361
68 42 664
68 43 98
68 44 282
68 45 214
68 46 684
68 47 466
68 48 37
68 49 796
68 50 739
68 51 352
68 52 199
68 53 902
68 54 974
68 55 494
68 56 933
68 57 313
68 58 306
68 59 306
68 60 766
68 61 289
68 62 982
68 63 930
68 64 370
68 65 226
68 66 165
68 67 816
69 1 287
69 2 772
69 3 912
69 4 281
69 5 85
69 6 1
69 7 202
69 8 732
69 9 706
69 10 425
69 11 856
69 12 504
69 13 14
69 14 941
69 15 516
69 16 485
69 17 782
69 18 12
69 19 32
69 20 992
69 21 640
69 22 654
69 23 900
69 24 576
69 25 728
69 26 42
69 27 630
69 28 702
69 29 57
69 30 808
69 31 165
69 32 488
69 33 833
69 34 345
69 35 743
69 36 958
69 37 258
69 38 673
69 39 814
69 40 491
69 41 543
69 42 703
69 43 906
69 44 405
69 45 152
69 46 945
69 47 562
69 48 876
69 49 527
69 50 996
69 51 724
69 52 627
69 53 794
69 54 355
69 55 205
69 56 83
69 57 209
69 58 397
69 59 107
69 60 925
69 61 345
69 62 566
69 63 339
69 64 249
69 65 275
69 66 99
69 67 593
69 68 753
70 1 253
70 2 856
70 3 419
70 4 663
70 5 651
70 6 70
70 7 275
70 8 318
70 9 152
70 10 78
70 11 676
70 12 630
70 13 456
70 14 356
70 15 827
70 16 836
70 17 994
70 18 418
70 19 371
70 20 249
70 21 425
70 22 406
70 23 120
70 24 949
70 25 891
70 26 424
70 27 908
70 28 595
70 29 308
70 30 943
70 31 943
70 32 807
70 33 187
70 34 834
70 35 282
70 36 816
70 37 737
70 38 861
70 39 317
70 40 303
70 41 256
70 42 678
70 43 388
70 44 641
70 45 70
70 46 666
70 47 913
70 48 971
70 49 513
70 50 170
70 51 663
70 52 795
70 53 708
70 54 945
70 55 55
70 56 48
70 57 154
70 58 889
70 59 593
70 60 823
70 61 375
70 62 372
70 63 840
70 64 191
70 65 120
70 66 734
70 67 550
70 68 828
70 69 890
71 1 754
71 2 833
71 3 355
71 4 778
71 5 177
71 6 489
71 7 619
71 8 889
71 9 602
71 10 882
71 11 331
71 12 829
71 13 294
71 14 990
71 15 765
71 16 36
71 17 750
71 18 510
71 19 451
71 20 937
71 21 79
71 22 140
71 23 64
71 24 202
71 25 499
71 26 423
71 27 941
71 28 583
71 29 550
71 30 777
71 31 918
71 32 112
71 33 800
71 34 601
71 35 442
71 36 637
71 37 138
71 38 567
71 39 123
71 40 973
71 41 969
71 42 496
71 43 194
71 44 157
71 45 856
71 46 437
71 47 561
71 48 567
71 49 448
71 50 825
71 51 371
71 52 909
71 53 757
71 54 857
71 55 315
71 56 321
71 57 84
71 58 457
71 59 82
71 60 109
71 61 182
71 62 462
71 63 679
71 64 849
71 65 457
71 66 905
71 67 534
71 68 888
71 69 283
71 70 529
72 1 593
72 2 464
72 3 739
72 4 908
72 5 847
72 6 982
72 7 342
72 8 798
72 9 973
72 10 169
72 11 586
72 12 614
72 13 40
72 14 141
72 15 362
72 16 140
72 17 467
72 18 612
72 19 565
72 20 866
72 21 670
72 22 763
72 23 459
72 24 577
72 25 107
72 26 521
72 27 622
72 28 73
72 29 631
72 30 250
72 31 525
72 32 144
72 33 381
72 34 109
72 35 78
72 36 191
72 37 616
72 38 585
72 39 687
72 40 105
72 41 210
72 42 948
72 43 664
72 44 297
72 45 738
72 46 636
72 47 40
72 48 8
72 49 339
72 50 824
72 51 92
72 52 258
72 53 813
72 54 679
72 55 178
72 56 96
72 57 631
72 58 56
72 59 657
72 60 999
72 61 800
72 62 643
72 63 999
72 64 565
72 65 781
72 66 794
72 67 376
72 68 875
72 69 900
72 70 581
72 71 304
73 1 160
73 2 933
73 3 785
73 4 168
73 5 631
73 6 824
73 7 861
73 8 672
73 9 631
73 10 709
73 11 114
73 12 558
73 13 463
73 14 708
73 15 584
73 16 128
73 17 532
73 18 150
73 19 419
73 20 425
73 21 684
73 22 201
73 23 714
73 24 94
73 25 863
73 26 63
73 27 77
73 28 283
73 29 473
73 30 202
73 31 444
73 32 121
73 33 66
73 34 284
73 35 861
73 36 596
73 37 238
73 38 768
73 39 278
73 40 912
73 41 867
73 42 345
73 43 572
73 44 625
73 45 62
73 46 670
73 47 333
73 48 130
73 49 463
73 50 58
73 51 143
73 52 320
73 53 758
73 54 121
73 55 370
73 56 482
73 57 561
73 58 500
73 59 718
73 60 737
73 61 15
73 62 158
73 63 43
73 64 604
73 65 760
73 66 918
73 67 196
73 68 494
73 69 142
73 70 182
73 71 873
73 72 212
74 1 785
74 2 36
74 3 759
74 4 764
74 5 916
74 6 164
74 7 441
74 8 58
74 9 65
74 10 280
74 11 863
74 12 299
74 13 19
74 14 7
74 15 312
74 16 154
74 17 161
74 18 404
74 19 207
74 20 996
74 21 576
74 22 571
74 23 172
74 24 795
74 25 542
74 26 35
74 27 171
74 28 487
74 29 296
74 30 854
74 31 691
74 32 855
74 33 204
74 34 622
74 35 231
74 36 278
74 37 701
74 38 838
74 39 612
74 40 878
74 41 645
74 42 299
74 43 843
74 44 910
74 45 958
74 46 492
74 47 562
74 48 446
74 49 680
74 50 153
74 51 301
74 52 667
74 53 814
74 54 438
74 55 78
74 56 343
74 57 606
74 58 411
74 59 68
74 60 307
74 61 114
74 62 772
74 63 364
74 64 989
74 65 218
74 66 28
74 67 77
74 68 338
74 69 434
74 70 549
74 71 272
74 72 676
74 73 169
75 1 190
75 2 512
75 3 328
75 4 296
75 5 431
75 6 996
75 7 73
75 8 174
75 9 225
75 10 552
75 11 742
75 12 493
75 13 988
75 14 996
75 15 529
75 16 574
75 17 429
75 18 594
75 19 826
75 20 4
75 21 164
75 22 646
75 23 655
75 24 733
75 25 294
75 26 445
75 27 14
75 28 11
75 29 402
75 30 99
75 31 691
75 32 795
75 33 652
75 34 992
75 35 382
75 36 509
75 37 930
75 38 875
75 39 160
75 40 278
75 41 230
75 42 839
75 43 627
75 44 20
75 45 706
75 46 681
75 47 306
75 48 25
75 49 110
75 50 418
75 51 89
75 52 897
75 53 523
75 54 941
75 55 819
75 56 994
75 57 604
75 58 76
75 59 303
75 60 734
75 61 773
75 62 553
75 63 344
75 64 407
75 65 36
75 66 630
75 67 588
75 68 366
75 69 378
75 70 379
75 71 272
75 72 732
75 73 936
75 74 897
76 1 170
76 2 974
76 3 370
76 4 936
76 5 322
76 6 26
76 7 143
76 8 699
76 9 344
76 10 779
76 11 641
76 12 832
76 13 404
76 14 117
76 15 321
76 16 835
76 17 165
76 18 842
76 19 347
76 20 413
76 21 270
76 22 139
76 23 379
76 24 529
76 25 182
76 26 455
76 27 477
76 28 132
76 29 447
76 30 911
76 31 307
76 32 853
76 33 697
76 34 639
76 35 78
76 36 142
76 37 957
76 38 665
76 39 921
76 40 618
76 41 70
76 42 224
76 43 639
76 44 621
76 45 321
76 46 622
76 47 17
76 48 240
76 49 550
76 50 43
76 51 145
76 52 302
76 53 352
76 54 915
76 55 434
76 56 80
76 57 149
76 58 717
76 59 277
76 60 740
76 61 228
76 62 362
76 63 530
76 64 752
76 65 42
76 66 531
76 67 282
76 68 797
76 69 352
76 70 582
76 71 567
76 72 909
76 73 15
76 74 921
76 75 1
77 1 850
77 2 499
77 3 962
77 4 503
77 5 999
77 6 432
77 7 48
77 8 557
77 9 218
77 10 747
77 11 973
77 12 703
77 13 494
77 14 253
77 15 974
77 16 200
77 17 318
77 18 689
77 19 329
77 20 49
77 21 92
77 22 577
77 23 935
77 24 818
77 25 39
77 26 441
77 27 498
77 28 966
77 29 390
77 30 220
77 31 212
77 32 600
77 33 840
77 34 920
77 35 57
77 36 861
77 37 533
77 38 838
77 39 98
77 40 373
77 41 73
77 42 922
77 43 401
77 44 465
77 45 331
77 46 73
77 47 466
77 48 81
77 49 24
77 50 474
77 51 288
77 52 591
77 53 354
77 54 242
77 55 432
77 56 937
77 57 180
77 58 981
77 59 748
77 60 800
77 61 497
77 62 56
77 63 615
77 64 736
77 65 217
77 66 644
77 67 823
77 68 475
77 69 513
77 70 882
77 71 496
77 72 815
77 73 215
77 74 682
77 75 664
77 76 810
78 1 32
78 2 30
78 3 377
78 4 190
78 5 587
78 6 822
78 7 478
78 8 205
78 9 533
78 10 581
78 11 432
78 12 340
78 13 239
78 14 584
78 15 814
78 16 575
78 17 810
78 18 253
78 19 362
78 20 160
78 21 448
78 22 848
78 23 702
78 24 63
78 25 393
78 26 794
78 27 141
78 28 566
78 29 965
78 30 205
78 31 142
78 32 669
78 33 451
78 34 418
78 35 368
78 36 269
78 37 841
78 38 601
78 39 431
78 40 288
78 41 670
78 42 769
78 43 705
78 44 202
78 45 471
78 46 749
78 47 852
78 48 656
78 49 590
78 50 929
78 51 928
78 52 111
78 53 366
78 54 848
78 55 199
78 56 708
78 57 932
78 58 952
78 59 58
78 60 803
78 61 146
78 62 69
78 63 652
78 64 846
78 65 388
78 66 438
78 67 109
78 68 561
78 69 255
78 70 337
78 71 502
78 72 615
78 73 381
78 74 645
78 75 913
78 76 209
78 77 900
79 1 892
79 2 227
79 3 294
79 4 306
79 5 626
79 6 560
79 7 344
79 8 708
79 9 141
79 10 406
79 11 889
79 12 738
79 13 913
79 14 928
79 15 230
79 16 614
79 17 286
79 18 987
79 19 49
79 20 115
79 21 231
79 22 809
79 23 843
79 24 465
79 25 251
79 26 406
79 27 376
79 28 392
79 29 742
79 30 137
79 31 588
79 32 848
79 33 379
79 34 43
79 35 660
79 36 168
79 37 337
79 38 812
79 39 165
79 40 642
79 41 425
79 42 538
79 43 512
79 44 787
79 45 446
79 46 619
79 47 104
79 48 792
79 49 331
79 50 445
79 51 921
79 52 912
79 53 901
79 54 749
79 55 455
79 56 805
79 57 282
79 58 740
79 59 202
79 60 67
79 61 321
79 62 417
79 63 138
79 64 470
79 65 553
79 66 672
79 67 876
79 68 658
79 69 539
79 70 74
79 71 457
79 72 300
79 73 642
79 74 462
79 75 942
79 76 963
79 77 559
79 78 719
80 1 273
80 2 197
80 3 177
80 4 359
80 5 70
80 6 596
80 7 555
80 8 811
80 9 331
80 10 836
80 11 125
80 12 525
80 13 199
80 14 941
80 15 399
80 16 274
80 17 259
80 18 280
80 19 772
80 20 289
80 21 47
80 22 62
80 23 226
80 24 103
80 25 714
80 26 309
80 27 997
80 28 231
80 29 34
80 30 586
80 31 536
80 32 68
80 33 200
80 34 975
80 35 321
80 36 627
80 37 105
80 38 54
80 39 331
80 40 10
80 41 34
80 42 883
80 43 259
80 44 728
80 45 978
80 46 251
80 47 781
80 48 246
80 49 988
80 50 688
80 51 435
80 52 402
80 53 291
80 54 1000
80 55 936
80 56 556
80 57 74
80 58 320
80 59 999
80 60 613
80 61 162
80 62 942
80 63 964
80 64 285
80 65 1000
80 66 431
80 67 822
80 68 247
80 69 659
80 70 773
80 71 427
80 72 28
80 73 784
80 74 559
80 75 979
80 76 798
80 77 687
80 78 465
80 79 94
81 1 419
81 2 27
81 3 525
81 4 13
81 5 382
81 6 768
81 7 958
81 8 787
81 9 521
81 10 347
81 11 544
81 12 487
81 13 619
81 14 254
81 15 816
81 16 764
81 17 306
81 18 470
81 19 558
81 20 325
81 21 848
81 22 431
81 23 369
81 24 135
81 25 739
81 26 489
81 27 302
81 28 427
81 29 197
81 30 41
81 31 819
81 32 813
81 33 957
81 34 774
81 35 581
81 36 85
81 37 996
81 38 717
81 39 818
81 40 504
81 41 44
81 42 47
81 43 277
81 44 665
81 45 44
81 46 823
81 47 23
81 48 227
81 49 907
81 50 118
81 51 572
81 52 97
81 53 217
81 54 206
81 55 125
81 56 874
81 57 748
81 58 778
81 59 903
81 60 625
81 61 929
81 62 356
81 63 841
81 64 300
81 65 635
81 66 354
81 67 131
81 68 364
81 69 935
81 70 482
81 71 391
81 72 453
81 73 668
81 74 425
81 75 438
81 76 130
81 77 987
81 78 995
81 79 940
81 80 39
82 1 242
82 2 196
82 3 441
82 4 56
82 5 834
82 6 894
82 7 513
82 8 215
82 9 916
82 10 31
82 11 39
82 12 501
82 13 75
82 14 576
82 15 887
82 16 825
82 17 369
82 18 654
82 19 469
82 20 732
82 21 350
82 22 547
82 23 949
82 24 672
82 25 956
82 26 500
82 27 95
82 28 902
82 29 389
82 30 541
82 31 35
82 32 317
82 33 372
82 34 731
82 35 418
82 36 806
82 37 403
82 38 559
82 39 735
82 40 918
82 41 895
82 42 412
82 43 803
82 44 929
82 45 320
82 46 310
82 47 671
82 48 608
82 49 745
82 50 351
82 51 436
82 52 270
82 53 381
82 54 562
82 55 752
82 56 901
82 57 31
82 58 88
82 59 999
82 60 460
82 61 565
82 62 911
82 63 400
82 64 637
82 65 794
82 66 556
82 67 568
82 68 662
82 69 380
82 70 451
82 71 245
82 72 962
82 73 656
82 74 899
82 75 236
82 76 750
82 77 488
82 78 856
82 79 796
82 80 842
82 81 557
83 1 942
83 2 958
83 3 287
83 4 685
83 5 383
83 6 585
83 7 614
83 8 98
83 9 834
83 10 115
83 11 772
83 12 730
83 13 264
83 14 283
83 15 69
83 16 977
83 17 344
83 18 305
83 19 686
83 20 509
83 21 33
83 22 288
83 23 575
83 24 23
83 25 313
83 26 859
83 27 814
83 28 69
83 29 240
83 30 285
83 31 729
83 32 329
83 33 778
83 34 569
83 35 356
83 36 975
83 37 92
83 38 283
83 39 50
83 40 982
83 41 246
83 42 150
83 43 323
83 44 533
83 45 498
83 46 616
83 47 205
83 48 889
83 49 632
83 50 920
83 51 718
83 52 352
83 53 19
83 54 426
83 55 265
83 56 205
83 57 354
83 58 202
83 59 1
83 60 755
83 61 240
83 62 115
83 63 508
83 64 856
83 65 96
83 66 948
83 67 340
83 68 542
83 69 40
83 70 268
83 71 246
83 72 656
83 73 723
83 74 90
83 75 148
83 76 590
83 77 281
83 78 549
83 79 189
83 80 529
83 81 860
83 82 111
84 1 404
84 2 815
84 3 401
84 4 72
84 5 853
84 6 323
84 7 628
84 8 336
84 9 259
84 10 969
84 11 424
84 12 744
84 13 490
84 14 726
84 15 46
84 16 447
84 17 428
84 18 793
84 19 869
84 20 78
84 21 63
84 22 774
84 23 587
84 24 728
84 25 866
84 26 14
84 27 85
84 28 982
84 29 754
84 30 461
84 31 400
84 32 519
84 33 232
84 34 687
84 35 481
84 36 20
84 37 502
84 38 946
84 39 682
84 40 407
84 41 634
84 42 395
84 43 174
84 44 643
84 45 84
84 46 860
84 47 727
84 48 626
84 49 162
84 50 781
84 51 547
84 52 896
84 53 226
84 54 201
84 55 116
84 56 192
84 57 706
84 58 943
84 59 215
84 60 94
84 61 248
84 62 342
84 63 583
84 64 253
84 65 558
84 66 167
84 67 901
84 68 977
84 69 752
84 70 619
84 71 32
84 72 163
84 73 298
84 74 511
84 75 725
84 76 832
84 77 836
84 78 35
84 79 214
84 80 779
84 81 472
84 82 734
84 83 400
85 1 84
85 2 346
85 3 546
85 4 572
85 5 484
85 6 543
85 7 78
85 8 840
85 9 874
85 10 668
85 11 455
85 12 738
85 13 427
85 14 641
85 15 396
85 16 677
85 17 94
85 18 547
85 19 395
85 20 195
85 21 489
85 22 586
85 23 120
85 24 190
85 25 404
85 26 451
85 27 422
85 28 593
85 29 471
85 30 704
85 31 586
85 32 142
85 33 715
85 34 957
85 35 690
85 36 235
85 37 5
85 38 927
85 39 208
85 40 27
85 41 655
85 42 688
85 43 239
85 44 216
85 45 688
85 46 674
85 47 987
85 48 230
85 49 497
85 50 269
85 51 368
85 52 721
85 53 935
85 54 21
85 55 880
85 56 596
85 57 62
85 58 832
85 59 112
85 60 990
85 61 64
85 62 655
85 63 515
85 64 906
85 65 101
85 66 547
85 67 321
85 68 435
85 69 87
85 70 115
85 71 744
85 72 767
85 73 643
85 74 695
85 75 823
85 76 425
85 77 747
85 78 814
85 79 558
85 80 413
85 81 817
85 82 766
85 83 201
85 84 227
86 1 251
86 2 350
86 3 839
86 4 909
86 5 649
86 6 106
86 7 653
86 8 603
86 9 251
86 10 600
86 11 463
86 12 276
86 13 328
86 14 586
86 15 462
86 16 579
86 17 529
86 18 101
86 19 249
86 20 14
86 21 449
86 22 816
86 23 554
86 24 861
86 25 912
86 26 213
86 27 264
86 28 548
86 29 726
86 30 389
86 31 660
86 32 420
86 33 913
86 34 573
86 35 961
86 36 74
86 37 676
86 38 659
86 39 574
86 40 733
86 41 589
86 42 326
86 43 677
86 44 318
86 45 782
86 46 560
86 47 4
86 48 186
86 49 120
86 50 647
86 51 973
86 52 708
86 53 619
86 54 954
86 55 528
86 56 137
86 57 619
86 58 51
86 59 326
86 60 454
86 61 461
86 62 18
86 63 146
86 64 137
86 65 660
86 66 975
86 67 660
86 68 38
86 69 859
86 70 165
86 71 923
86 72 815
86 73 25
86 74 162
86 75 235
86 76 612
86 77 687
86 78 1000
86 79 238
86 80 918
86 81 178
86 82 319
86 83 378
86 84 812
86 85 167
87 1 811
87 2 126
87 3 19
87 4 963
87 5 564
87 6 562
87 7 479
87 8 362
87 9 95
87 10 222
87 11 373
87 12 22
87 13 155
87 14 331
87 15 785
87 16 643
87 17 618
87 18 794
87 19 450
87 20 433
87 21 12
87 22 581
87 23 281
87 24 631
87 25 519
87 26 384
87 27 610
87 28 78
87 29 511
87 30 676
87 31 341
87 32 106
87 33 930
87 34 540
87 35 450
87 36 228
87 37 80
87 38 921
87 39 529
87 40 399
87 41 655
87 42 148
87 43 311
87 44 850
87 45 63
87 46 883
87 47 369
87 48 740
87 49 364
87 50 861
87 51 436
87 52 141
87 53 383
87 54 51
87 55 25
87 56 99
87 57 833
87 58 126
87 59 300
87 60 783
87 61 482
87 62 353
87 63 393
87 64 980
87 65 717
87 66 307
87 67 590
87 68 419
87 69 46
87 70 14
87 71 105
87 72 705
87 73 359
87 74 412
87 75 354
87 76 851
87 77 25
87 78 267
87 79 942
87 80 658
87 81 128
87 82 907
87 83 799
87 84 465
87 85 422
87 86 410
88 1 150
88 2 4
88 3 802
88 4 136
88 5 264
88 6 376
88 7 383
88 8 707
88 9 181
88 10 391
88 11 479
88 12 839
88 13 840
88 14 794
88 15 63
88 16 640
88 17 328
88 18 108
88 19 523
88 20 258
88 21 156
88 22 116
88 23 776
88 24 9
88 25 785
88 26 228
88 27 54
88 28 355
88 29 824
88 30 238
88 31 939
88 32 379
88 33 601
88 34 221
88 35 458
88 36 615
88 37 45
88 38 590
88 39 293
88 40 376
88 41 64
88 42 536
88 43 448
88 44 954
88 45 877
88 46 396
88 47 912
88 48 324
88 49 974
88 50 659
88 51 150
88 52 222
88 53 656
88 54 655
88 55 494
88 56 740
88 57 342
88 58 144
88 59 725
88 60 803
88 61 86
88 62 343
88 63 447
88 64 169
88 65 993
88 66 114
88 67 33
88 68 817
88 69 483
88 70 340
88 71 247
88 72 869
88 73 579
88 74 735
88 75 822
88 76 411
88 77 682
88 78 581
88 79 590
88 80 846
88 81 503
88 82 168
88 83 961
88 84 660
88 85 105
88 86 923
88 87 828
89 1 730
89 2 251
89 3 486
89 4 206
89 5 552
89 6 483
89 7 244
89 8 185
89 9 9
89 10 641
89 11 67
89 12 994
89 13 581
89 14 748
89 15 257
89 16 265
89 17 98
89 18 472
89 19 961
89 20 786
89 21 436
89 22 577
89 23 552
89 24 341
89 25 770
89 26 92
89 27 730
89 28 428
89 29 279
89 30 100
89 31 355
89 32 931
89 33 418
89 34 372
89 35 254
89 36 64
89 37 135
89 38 266
89 39 516
89 40 156
89 41 682
89 42 590
89 43 20
89 44 75
89 45 867
89 46 373
89 47 214
89 48 389
89 49 910
89 50 726
89 51 376
89 52 550
89 53 255
89 54 251
89 55 890
89 56 684
89 57 977
89 58 667
89 59 260
89 60 801
89 61 672
89 62 615
89 63 897
89 64 490
89 65 939
89 66 823
89 67 902
89 68 409
89 69 856
89 70 70
89 71 377
89 72 155
89 73 51
89 74 653
89 75 998
89 76 304
89 77 281
89 78 279
89 79 860
89 80 712
89 81 617
89 82 598
89 83 858
89 84 379
89 85 627
89 86 791
89 87 84
89 88 446
90 1 198
90 2 930
90 3 24
90 4 145
90 5 843
90 6 31
90 7 535
90 8 759
90 9 664
90 10 6
90 11 865
90 12 918
90 13 312
90 14 946
90 15 221
90 16 801
90 17 595
90 18 433
90 19 639
90 20 37
90 21 612
90 22 815
90 23 154
90 24 405
90 25 525
90 26 646
90 27 532
90 28 622
90 29 375
90 30 719
90 31 63
90 32 796
90 33 541
90 34 396
90 35 169
90 36 368
90 37 746
90 38 168
90 39 831
90 40 588
90 41 723
90 42 642
90 43 94
90 44 871
90 45 931
90 46 390
90 47 147
90 48 567
90 49 938
90 50 360
90 51 731
90 52 990
90 53 357
90 54 782
90 55 890
90 56 756
90 57 473
90 58 762
90 59 306
90 60 745
90 61 914
90 62 17
90 63 729
90 64 271
90 65 27
90 66 420
90 67 253
90 68 250
90 69 808
90 70 317
90 71 447
90 72 458
90 73 541
90 74 802
90 75 585
90 76 178
90 77 502
90 78 379
90 79 489
90 80 813
90 81 378
90 82 724
90 83 738
90 84 269
90 85 260
90 86 467
90 87 234
90 88 194
90 89 355
91 1 203
91 2 397
91 3 364
91 4 787
91 5 161
91 6 484
91 7 811
91 8 118
91 9 229
91 10 781
91 11 480
91 12 468
91 13 270
91 14 683
91 15 506
91 16 366
91 17 936
91 18 908
91 19 416
91 20 702
91 21 397
91 22 352
91 23 817
91 24 422
91 25 698
91 26 335
91 27 402
91 28 835
91 29 675
91 30 252
91 31 325
91 32 657
91 33 621
91 34 865
91 35 272
91 36 191
91 37 153
91 38 765
91 39 788
91 40 248
91 41 954
91 42 730
91 43 681
91 44 702
91 45 352
91 46 5
91 47 563
91 48 803
91 49 907
91 50 745
91 51 854
91 52 632
91 53 470
91 54 138
91 55 805
91 56 318
91 57 379
91 58 937
91 59 367
91 60 903
91 61 758
91 62 441
91 63 961
91 64 986
91 65 96
91 66 144
91 67 473
91 68 513
91 69 550
91 70 575
91 71 41
91 72 358
91 73 664
91 74 86
91 75 448
91 76 558
91 77 451
91 78 576
91 79 181
91 80 347
91 81 21
91 82 416
91 83 488
91 84 349
91 85 195
91 86 80
91 87 983
91 88 580
91 89 812
91 90 232
92 1 630
92 2 123
92 3 650
92 4 265
92 5 152
92 6 603
92 7 167
92 8 570
92 9 212
92 10 859
92 11 496
92 12 10
92 13 902
92 14 422
92 15 390
92 16 371
92 17 372
92 18 686
92 19 52
92 20 789
92 21 665
92 22 906
92 23 56
92 24 409
92 25 72
92 26 390
92 27 772
92 28 775
92 29 570
92 30 527
92 31 26
92 32 709
92 33 168
92 34 519
92 35 894
92 36 679
92 37 217
92 38 952
92 39 862
92 40 920
92 41 10
92 42 585
92 43 756
92 44 797
92 45 232
92 46 983
92 47 163
92 48 176
92 49 77
92 50 869
92 51 266
92 52 797
92 53 106
92 54 342
92 55 298
92 56 917
92 57 148
92 58 312
92 59 37
92 60 711
92 61 825
92 62 807
92 63 61
92 64 194
92 65 508
92 66 15
92 67 676
92 68 665
92 69 776
92 70 193
92 71 731
92 72 934
92 73 689
92 74 830
92 75 744
92 76 821
92 77 448
92 78 681
92 79 43
92 80 693
92 81 249
92 82 556
92 83 862
92 84 45
92 85 410
92 86 997
92 87 568
92 88 365
92 89 78
92 90 219
92 91 489
93 1 801
93 2 81
93 3 936
93 4 3
93 5 378
93 6 752
93 7 966
93 8 855
93 9 764
93 10 779
93 11 733
93 12 875
93 13 854
93 14 408
93 15 45
93 16 553
93 17 654
93 18 558
93 19 787
93 20 150
93 21 245
93 22 665
93 23 389
93 24 295
93 25 799
93 26 331
93 27 225
93 28 256
93 29 940
93 30 76
93 31 292
93 32 325
93 33 913
93 34 779
93 35 821
93 36 14
93 37 348
93 38 613
93 39 688
93 40 994
93 41 603
93 42 541
93 43 755
93 44 979
93 45 948
93 46 692
93 47 525
93 48 991
93 49 94
93 50 190
93 51 730
93 52 694
93 53 817
93 54 230
93 55 740
93 56 745
93 57 682
93 58 501
93 59 923
93 60 351
93 61 128
93 62 237
93 63 323
93 64 472
93 65 403
93 66 494
93 67 297
93 68 362
93 69 122
93 70 443
93 71 989
93 72 393
93 73 430
93 74 769
93 75 754
93 76 344
93 77 49
93 78 466
93 79 942
93 80 610
93 81 689
93 82 625
93 83 633
93 84 10
93 85 590
93 86 3
93 87 238
93 88 141
93 89 201
93 90 461
93 91 64
93 92 472
94 1 240
94 2 570
94 3 245
94 4 613
94 5 645
94 6 967
94 7 659
94 8 454
94 9 174
94 10 267
94 11 702
94 12 119
94 13 643
94 14 597
94 15 64
94 16 916
94 17 80
94 18 81
94 19 873
94 20 735
94 21 269
94 22 825
94 23 843
94 24 585
94 25 467
94 26 230
94 27 302
94 28 195
94 29 278
94 30 694
94 31 225
94 32 900
94 33 944
94 34 30
94 35 664
94 36 223
94 37 561
94 38 142
94 39 187
94 40 866
94 41 971
94 42 809
94 43 215
94 44 37
94 45 325
94 46 615
94 47 389
94 48 318
94 49 588
94 50 352
94 51 334
94 52 499
94 53 483
94 54 469
94 55 459
94 56 90
94 57 611
94 58 375
94 59 671
94 60 432
94 61 784
94 62 656
94 63 124
94 64 608
94 65 798
94 66 546
94 67 390
94 68 600
94 69 156
94 70 189
94 71 683
94 72 375
94 73 502
94 74 532
94 75 2
94 76 843
94 77 767
94 78 900
94 79 338
94 80 882
94 81 276
94 82 582
94 83 310
94 84 870
94 85 322
94 86 980
94 87 868
94 88 417
94 89 969
94 90 152
94 91 938
94 92 225
94 93 71
95 1 805
95 2 143
95 3 295
95 4 783
95 5 57
95 6 965
95 7 894
95 8 44
95 9 542
95 10 999
95 11 990
95 12 808
95 13 660
95 14 156
95 15 91
95 16 11
95 17 50
95 18 955
95 19 679
95 20 531
95 21 601
95 22 288
95 23 688
95 24 659
95 25 559
95 26 271
95 27 700
95 28 809
95 29 558
95 30 77
95 31 821
95 32 498
95 33 633
95 34 866
95 35 414
95 36 827
95 37 538
95 38 201
95 39 139
95 40 984
95 41 925
95 42 573
95 43 983
95 44 517
95 45 215
95 46 917
95 47 229
95 48 370
95 49 212
95 50 247
95 51 554
95 52 959
95 53 790
95 54 785
95 55 691
95 56 772
95 57 213
95 58 221
95 59 356
95 60 250
95 61 897
95 62 979
95 63 376
95 64 967
95 65 701
95 66 609
95 67 205
95 68 344
95 69 36
95 70 704
95 71 285
95 72 410
95 73 390
95 74 952
95 75 921
95 76 369
95 77 48
95 78 206
95 79 630
95 80 966
95 81 114
95 82 718
95 83 151
95 84 914
95 85 118
95 86 881
95 87 548
95 88 880
95 89 791
95 90 148
95 91 111
95 92 790
95 93 822
95 94 978
96 1 984
96 2 454
96 3 663
96 4 949
96 5 727
96 6 762
96 7 699
96 8 413
96 9 229
96 10 959
96 11 338
96 12 331
96 13 696
96 14 754
96 15 867
96 16 158
96 17 618
96 18 261
96 19 99
96 20 901
96 21 948
96 22 30
96 23 169
96 24 751
96 25 891
96 26 675
96 27 11
96 28 893
96 29 30
96 30 842
96 31 356
96 32 389
96 33 712
96 34 538
96 35 307
96 36 256
96 37 886
96 38 54
96 39 805
96 40 121
96 41 846
96 42 8
96 43 562
96 44 82
96 45 557
96 46 241
96 47 271
96 48 646
96 49 507
96 50 585
96 51 152
96 52 888
96 53 290
96 54 753
96 55 175
96 56 196
96 57 347
96 58 849
96 59 494
96 60 239
96 61 555
96 62 261
96 63 931
96 64 31
96 65 624
96 66 932
96 67 575
96 68 226
96 69 470
96 70 270
96 71 798
96 72 19
96 73 21
96 74 200
96 75 270
96 76 283
96 77 142
96 78 104
96 79 780
96 80 821
96 81 624
96 82 667
96 83 935
96 84 861
96 85 416
96 86 868
96 87 49
96 88 174
96 89 564
96 90 629
96 91 793
96 92 443
96 93 528
96 94 878
96 95 414
97 1 766
97 2 821
97 3 17
97 4 604
97 5 410
97 6 178
97 7 67
97 8 317
97 9 214
97 10 677
97 11 977
97 12 118
97 13 250
97 14 509
97 15 863
97 16 867
97 17 637
97 18 347
97 19 173
97 20 814
97 21 623
97 22 492
97 23 38
97 24 413
97 25 329
97 26 252
97 27 308
97 28 426
97 29 766
97 30 227
97 31 31
97 32 142
97 33 25
97 34 465
97 35 373
97 36 751
97 37 747
97 38 653
97 39 243
97 40 225
97 41 271
97 42 812
97 43 115
97 44 243
97 45 72
97 46 165
97 47 808
97 48 991
97 49 386
97 50 133
97 51 229
97 52 897
97 53 132
97 54 645
97 55 328
97 56 630
97 57 526
97 58 203
97 59 773
97 60 908
97 61 4
97 62 399
97 63 94
97 64 950
97 65 342
97 66 816
97 67 307
97 68 628
97 69 95
97 70 512
97 71 265
97 72 645
97 73 738
97 74 526
97 75 247
97 76 295
97 77 137
97 78 100
97 79 530
97 80 621
97 81 226
97 82 550
97 83 956
97 84 57
97 85 27
97 86 989
97 87 741
97 88 839
97 89 380
97 90 331
97 91 41
97 92 779
97 93 20
97 94 285
97 95 12
97 96 204
98 1 883
98 2 258
98 3 386
98 4 130
98 5 759
98 6 375
98 7 802
98 8 987
98 9 680
98 10 53
98 11 403
98 12 463
98 13 665
98 14 818
98 15 459
98 16 278
98 17 716
98 18 309
98 19 1
98 20 970
98 21 166
98 22 660
98 23 745
98 24 980
98 25 789
98 26 699
98 27 784
98 28 638
98 29 277
98 30 658
98 31 829
98 32 834
98 33 982
98 34 335
98 35 972
98 36 471
98 37 30
98 38 902
98 39 256
98 40 981
98 41 208
98 42 792
98 43 536
98 44 512
98 45 243
98 46 365
98 47 387
98 48 558
98 49 344
98 50 292
98 51 70
98 52 143
98 53 150
98 54 849
98 55 808
98 56 831
98 57 461
98 58 552
98 59 869
98 60 172
98 61 366
98 62 848
98 63 220
98 64 362
98 65 665
98 66 778
98 67 745
98 68 208
98 69 706
98 70 819
98 71 294
98 72 709
98 73 15
98 74 340
98 75 55
98 76 811
98 77 351
98 78 365
98 79 5
98 80 166
98 81 59
98 82 589
98 83 455
98 84 944
98 85 861
98 86 825
98 87 928
98 88 35
98 89 453
98 90 345
98 91 880
98 92 192
98 93 538
98 94 778
98 95 23
98 96 933
98 97 186
99 1 539
99 2 243
99 3 279
99 4 631
99 5 952
99 6 378
99 7 633
99 8 900
99 9 521
99 10 354
99 11 368
99 12 894
99 13 49
99 14 431
99 15 947
99 16 804
99 17 522
99 18 569
99 19 638
99 20 988
99 21 978
99 22 164
99 23 134
99 24 693
99 25 779
99 26 657
99 27 657
99 28 238
99 29 995
99 30 771
99 31 350
99 32 560
99 33 823
99 34 387
99 35 33
99 36 225
99 37 256
99 38 296
99 39 633
99 40 305
99 41 421
99 42 348
99 43 855
99 44 737
99 45 285
99 46 744
99 47 919
99 48 45
99 49 684
99 50 476
99 51 414
99 52 562
99 53 839
99 54 167
99 55 598
99 56 518
99 57 830
99 58 819
99 59 712
99 60 632
99 61 697
99 62 221
99 63 103
99 64 88
99 65 115
99 66 16
99 67 257
99 68 11
99 69 851
99 70 694
99 71 29
99 72 845
99 73 412
99 74 999
99 75 645
99 76 232
99 77 611
99 78 513
99 79 301
99 80 304
99 81 963
99 82 421
99 83 417
99 84 484
99 85 119
99 86 712
99 87 860
99 88 203
99 89 780
99 90 306
99 91 714
99 92 143
99 93 769
99 94 886
99 95 399
99 96 894
99 97 217
99 98 416
