100
2 1 188
3 1 217
3 2 760
4 1 592
4 2 86
4 3 19
5 1 695
5 2 37
5 3 593
5 4 583
6 1 923
6 2 534
6 3 498
6 4 655
6 5 944
7 1 122
7 2 791
7 3 19
7 4 18
7 5 548
7 6 233
8 1 950
8 2 866
8 3 548
8 4 526
8 5 663
8 6 917
8 7 588
9 1 526
9 2 258
9 3 651
9 4 705
9 5 169
9 6 928
9 7 866
9 8 322
10 1 88
10 2 408
10 3 919
10 4 164
10 5 77
10 6 955
10 7 284
10 8 658
10 9 863
11 1 327
11 2 963
11 3 440
11 4 875
11 5 538
11 6 593
11 7 860
11 8 943
11 9 389
11 10 293
12 1 596
12 2 135
12 3 19
12 4 586
12 5 772
12 6 150
12 7 990
12 8 951
12 9 202
12 10 980
12 11 658
13 1 825
13 2 632
13 3 771
13 4 833
13 5 121
13 6 132
13 7 80
13 8 977
13 9 580
13 10 984
13 11 960
13 12 453
14 1 520
14 2 721
14 3 578
14 4 572
14 5 802
14 6 189
14 7 294
14 8 449
14 9 75
14 10 753
14 11 406
14 12 906
14 13 625
15 1 36
15 2 990
15 3 950
15 4 382
15 5 815
15 6 532
15 7 561
15 8 912
15 9 950
15 10 291
15 11 798
15 12 457
15 13 485
15 14 597
16 1 480
16 2 334
16 3 291
16 4 498
16 5 951
16 6 269
16 7 876
16 8 478
16 9 666
16 10 476
16 11 259
16 12 170
16 13 619
16 14 551
16 15 18
17 1 253
17 2 862
17 3 490
17 4 897
17 5 989
17 6 611
17 7 410
17 8 603
17 9 77
17 10 704
17 11 775
17 12 679
17 13 773
17 14 411
17 15 210
17 16 561
18 1 469
18 2 843
18 3 197
18 4 216
18 5 160
18 6 477
18 7 246
18 8 992
18 9 511
18 10 540
18 11 338
18 12 540
18 13 445
18 14 259
18 15 705
18 16 951
18 17 456
19 1 237
19 2 288
19 3 496
19 4 82
19 5 444
19 6 404
19 7 567
19 8 241
19 9 597
19 10 468
19 11 734
19 12 345
19 13 916
19 14 821
19 15 21
19 16 420
19 17 519
19 18 985
20 1 790
20 2 643
20 3 954
20 4 910
20 5 866
20 6 1000
20 7 626
20 8 30
20 9 770
20 10 8
20 11 130
20 12 197
20 13 200
20 14 688
20 15 722
20 16 804
20 17 133
20 18 232
20 19 455
21 1 666
21 2 179
21 3 52
21 4 724
21 5 481
21 6 66
21 7 165
21 8 224
21 9 925
21 10 383
21 11 85
21 12 571
21 13 710
21 14 963
21 15 681
21 16 103
21 17 164
21 18 531
21 19 687
21 20 597
22 1 150
22 2 498
22 3 797
22 4 924
22 5 392
22 6 35
22 7 554
22 8 882
22 9 532
22 10 795
22 11 454
22 12 715
22 13 461
22 14 917
22 15 975
22 16 78
22 17 773
22 18 199
22 19 458
22 20 441
22 21 377
23 1 554
23 2 41
23 3 199
23 4 610
23 5 142
23 6 82
23 7 977
23 8 394
23 9 790
23 10 766
23 11 895
23 12 276
23 13 606
23 14 830
23 15 797
23 16 394
23 17 881
23 18 614
23 19 688
23 20 710
23 21 688
23 22 855
24 1 893
24 2 53
24 3 794
24 4 940
24 5 687
24 6 804
24 7 758
24 8 543
24 9 406
24 10 288
24 11 358
24 12 841
24 13 276
24 14 179
24 15 715
24 16 757
24 17 492
24 18 497
24 19 750
24 20 912
24 21 270
24 22 5
24 23 845
25 1 235
25 2 901
25 3 77
25 4 843
25 5 418
25 6 46
25 7 349
25 8 770
25 9 658
25 10 782
25 11 728
25 12 892
25 13 376
25 14 151
25 15 562
25 16 3
25 17 866
25 18 215
25 19 50
25 20 68
25 21 42
25 22 875
25 23 200
25 24 591
26 1 749
26 2 955
26 3 910
26 4 349
26 5 314
26 6 302
26 7 978
26 8 365
26 9 283
26 10 911
26 11 111
26 12 247
26 13 539
26 14 329
26 15 263
26 16 279
26 17 236
26 18 838
26 19 835
26 20 887
26 21 240
26 22 167
26 23 601
26 24 356
26 25 31
27 1 757
27 2 374
27 3 939
27 4 239
27 5 802
27 6 777
27 7 722
27 8 270
27 9 599
27 10 647
27 11 888
27 12 705
27 13 939
27 14 914
27 15 245
27 16 417
27 17 561
27 18 4
27 19 160
27 20 601
27 21 910
27 22 101
27 23 267
27 24 144
27 25 702
27 26 810
28 1 589
28 2 47
28 3 66
28 4 63
28 5 938
28 6 828
28 7 245
28 8 317
28 9 738
28 10 92
28 11 129
28 12 364
28 13 642
28 14 726
28 15 111
28 16 326
28 17 565
28 18 394
28 19 26
28 20 642
28 21 28
28 22 288
28 23 175
28 24 122
28 25 930
28 26 311
28 27 690
29 1 380
29 2 130
29 3 149
29 4 741
29 5 209
29 6 466
29 7 908
29 8 339
29 9 720
29 10 94
29 11 273
29 12 743
29 13 316
29 14 277
29 15 364
29 16 721
29 17 799
29 18 992
29 19 752
29 20 166
29 21 200
29 22 2
29 23 296
29 24 836
29 25 130
29 26 247
29 27 778
29 28 194
30 1 727
30 2 715
30 3 492
30 4 633
30 5 516
30 6 140
30 7 263
30 8 572
30 9 741
30 10 178
30 11 553
30 12 173
30 13 996
30 14 929
30 15 628
30 16 703
30 17 214
30 18 939
30 19 946
30 20 770
30 21 331
30 22 57
30 23 243
30 24 958
30 25 191
30 26 780
30 27 967
30 28 602
30 29 519
31 1 961
31 2 40
31 3 710
31 4 7
31 5 10
31 6 113
31 7 294
31 8 852
31 9 975
31 10 771
31 11 596
31 12 299
31 13 110
31 14 368
31 15 981
31 16 4
31 17 838
31 18 440
31 19 493
31 20 300
31 21 217
31 22 892
31 23 329
31 24 656
31 25 293
31 26 385
31 27 729
31 28 920
31 29 970
31 30 630
32 1 46
32 2 150
32 3 283
32 4 524
32 5 1000
32 6 104
32 7 186
32 8 320
32 9 352
32 10 692
32 11 252
32 12 266
32 13 529
32 14 988
32 15 899
32 16 421
32 17 928
32 18 575
32 19 36
32 20 572
32 21 928
32 22 332
32 23 240
32 24 447
32 25 837
32 26 945
32 27 858
32 28 683
32 29 301
32 30 736
32 31 660
33 1 208
33 2 915
33 3 602
33 4 913
33 5 10
33 6 52
33 7 150
33 8 12
33 9 466
33 10 142
33 11 334
33 12 56
33 13 677
33 14 934
33 15 161
33 16 971
33 17 501
33 18 473
33 19 289
33 20 91
33 21 228
33 22 803
33 23 571
33 24 304
33 25 83
33 26 654
33 27 877
33 28 149
33 29 999
33 30 609
33 31 751
33 32 493
34 1 359
34 2 507
34 3 714
34 4 668
34 5 639
34 6 99
34 7 296
34 8 196
34 9 147
34 10 182
34 11 96
34 12 474
34 13 302
34 14 750
34 15 448
34 16 65
34 17 140
34 18 887
34 19 507
34 20 453
34 21 993
34 22 422
34 23 814
34 24 407
34 25 525
34 26 594
34 27 670
34 28 326
34 29 576
34 30 231
34 31 870
34 32 191
34 33 502
35 1 206
35 2 627
35 3 17
35 4 943
35 5 150
35 6 743
35 7 907
35 8 227
35 9 711
35 10 351
35 11 125
35 12 839
35 13 827
35 14 784
35 15 772
35 16 652
35 17 798
35 18 402
35 19 988
35 20 856
35 21 132
35 22 426
35 23 777
35 24 785
35 25 450
35 26 112
35 27 846
35 28 75
35 29 920
35 30 821
35 31 93
35 32 851
35 33 9
35 34 806
36 1 604
36 2 879
36 3 522
36 4 774
36 5 315
36 6 874
36 7 214
36 8 559
36 9 688
36 10 419
36 11 454
36 12 448
36 13 59
36 14 160
36 15 710
36 16 991
36 17 506
36 18 248
36 19 853
36 20 365
36 21 403
36 22 194
36 23 533
36 24 590
36 25 998
36 26 602
36 27 134
36 28 187
36 29 680
36 30 446
36 31 63
36 32 75
36 33 789
36 34 857
36 35 370
37 1 784
37 2 113
37 3 590
37 4 957
37 5 296
37 6 441
37 7 633
37 8 889
37 9 85
37 10 806
37 11 629
37 12 542
37 13 166
37 14 297
37 15 68
37 16 607
37 17 220
37 18 570
37 19 432
37 20 197
37 21 125
37 22 428
37 23 742
37 24 567
37 25 436
37 26 112
37 27 184
37 28 193
37 29 650
37 30 173
37 31 775
37 32 217
37 33 312
37 34 58
37 35 240
37 36 517
38 1 285
38 2 784
38 3 567
38 4 896
38 5 746
38 6 334
38 7 895
38 8 157
38 9 722
38 10 657
38 11 717
38 12 53
38 13 240
38 14 386
38 15 560
38 16 374
38 17 403
38 18 673
38 19 590
38 20 683
38 21 957
38 22 755
38 23 851
38 24 433
38 25 167
38 26 131
38 27 46
38 28 491
38 29 73
38 30 494
38 31 87
38 32 313
38 33 430
38 34 774
38 35 831
38 36 271
38 37 913
39 1 938
39 2 699
39 3 893
39 4 394
39 5 422
39 6 131
39 7 16
39 8 364
39 9 316
39 10 48
39 11 104
39 12 802
39 13 696
39 14 780
39 15 243
39 16 84
39 17 714
39 18 149
39 19 556
39 20 717
39 21 343
39 22 632
39 23 48
39 24 990
39 25 888
39 26 820
39 27 138
39 28 844
39 29 658
39 30 592
39 31 375
39 32 532
39 33 417
39 34 718
39 35 94
39 36 885
39 37 499
39 38 807
40 1 20
40 2 253
40 3 711
40 4 811
40 5 66
40 6 428
40 7 409
40 8 520
40 9 841
40 10 133
40 11 366
40 12 736
40 13 609
40 14 871
40 15 327
40 16 77
40 17 709
40 18 220
40 19 360
40 20 586
40 21 690
40 22 882
40 23 401
40 24 605
40 25 666
40 26 46
40 27 605
40 28 594
40 29 642
40 30 896
40 31 398
40 32 839
40 33 816
40 34 322
40 35 343
40 36 239
40 37 108
40 38 144
40 39 212
41 1 618
41 2 432
41 3 431
41 4 886
41 5 248
41 6 444
41 7 718
41 8 966
41 9 532
41 10 791
41 11 194
41 12 213
41 13 23
41 14 102
41 15 173
41 16 218
41 17 242
41 18 229
41 19 424
41 20 904
41 21 967
41 22 488
41 23 160
41 24 761
41 25 947
41 26 917
41 27 772
41 28 930
41 29 226
41 30 782
41 31 602
41 32 519
41 33 518
41 34 863
41 35 349
41 36 784
41 37 336
41 38 243
41 39 894
41 40 44
42 1 793
42 2 635
42 3 639
42 4 467
42 5 291
42 6 476
42 7 649
42 8 108
42 9 527
42 10 307
42 11 194
42 12 815
42 13 506
42 14 182
42 15 473
42 16 897
42 17 509
42 18 126
42 19 617
42 20 675
42 21 202
42 22 872
42 23 273
42 24 295
42 25 332
42 26 406
42 27 328
42 28 434
42 29 695
42 30 57
42 31 611
42 32 775
42 33 328
42 34 140
42 35 616
42 36 388
42 37 100
42 38 411
42 39 579
42 40 381
42 41 164
43 1 834
43 2 473
43 3 465
43 4 940
43 5 408
43 6 721
43 7 306
43 8 591
43 9 71
43 10 721
43 11 790
43 12 167
43 13 926
43 14 480
43 15 579
43 16 864
43 17 291
43 18 918
43 19 602
43 20 96
43 21 334
43 22 690
43 23 335
43 24 311
43 25 293
43 26 548
43 27 19
43 28 746
43 29 537
43 30 598
43 31 191
43 32 569
43 33 965
43 34 998
43 35 145
43 36 89
43 37 509
43 38 918
43 39 221
43 40 982
43 41 732
43 42 826
44 1 33
44 2 719
44 3 788
44 4 427
44 5 24
44 6 650
44 7 231
44 8 804
44 9 985
44 10 417
44 11 448
44 12 593
44 13 391
44 14 649
44 15 702
44 16 252
44 17 714
44 18 136
44 19 44
44 20 737
44 21 70
44 22 903
44 23 608
44 24 159
44 25 838
44 26 897
44 27 25
44 28 232
44 29 130
44 30 219
44 31 976
44 32 582
44 33 234
44 34 87
44 35 128
44 36 233
44 37 422
44 38 984
44 39 960
44 40 837
44 41 734
44 42 673
44 43 236
45 1 454
45 2 635
45 3 21
45 4 124
45 5 972
45 6 665
45 7 828
45 8 215
45 9 461
45 10 454
45 11 101
45 12 954
45 13 29
45 14 748
45 15 460
45 16 220
45 17 19
45 18 310
45 19 624
45 20 85
45 21 581
45 22 833
45 23 160
45 24 974
45 25 963
45 26 237
45 27 950
45 28 760
45 29 68
45 30 989
45 31 50
45 32 523
45 33 107
45 34 315
45 35 899
45 36 1000
45 37 407
45 38 437
45 39 53
45 40 958
45 41 690
45 42 219
45 43 905
45 44 9
46 1 394
46 2 835
46 3 61
46 4 615
46 5 852
46 6 362
46 7 332
46 8 290
46 9 388
46 10 404
46 11 522
46 12 245
46 13 655
46 14 139
46 15 454
46 16 994
46 17 778
46 18 413
46 19 935
46 20 657
46 21 124
46 22 764
46 23 588
46 24 984
46 25 744
46 26 499
46 27 753
46 28 333
46 29 840
46 30 209
46 31 893
46 32 125
46 33 788
46 34 343
46 35 197
46 36 517
46 37 557
46 38 735
46 39 325
46 40 300
46 41 571
46 42 190
46 43 480
46 44 278
46 45 356
47 1 530
47 2 257
47 3 636
47 4 511
47 5 717
47 6 946
47 7 39
47 8 838
47 9 934
47 10 254
47 11 473
47 12 688
47 13 753
47 14 610
47 15 88
47 16 848
47 17 770
47 18 514
47 19 534
47 20 521
47 21 337
47 22 615
47 23 555
47 24 235
47 25 265
47 26 459
47 27 835
47 28 732
47 29 635
47 30 98
47 31 363
47 32 152
47 33 81
47 34 1
47 35 806
47 36 100
47 37 197
47 38 965
47 39 655
47 40 382
47 41 926
47 42 954
47 43 142
47 44 498
47 45 65
47 46 75
48 1 188
48 2 205
48 3 278
48 4 115
48 5 873
48 6 709
48 7 225
48 8 339
48 9 204
48 10 305
48 11 701
48 12 500
48 13 156
48 14 539
48 15 913
48 16 224
48 17 272
48 18 199
48 19 258
48 20 246
48 21 295
48 22 705
48 23 261
48 24 166
48 25 606
48 26 714
48 27 519
48 28 668
48 29 473
48 30 10
48 31 800
48 32 403
48 33 346
48 34 990
48 35 674
48 36 974
48 37 721
48 38 311
48 39 298
48 40 706
48 41 323
48 42 526
48 43 238
48 44 152
48 45 599
48 46 760
48 47 460
49 1 526
49 2 794
49 3 754
49 4 857
49 5 499
49 6 100
49 7 839
49 8 963
49 9 53
49 10 641
49 11 653
49 12 706
49 13 332
49 14 285
49 15 677
49 16 349
49 17 683
49 18 555
49 19 896
49 20 991
49 21 335
49 22 129
49 23 154
49 24 256
49 25 390
49 26 685
49 27 32
49 28 48
49 29 88
49 30 101
49 31 287
49 32 506
49 33 520
49 34 259
49 35 205
49 36 534
49 37 244
49 38 958
49 39 401
49 40 534
49 41 484
49 42 687
49 43 907
49 44 222
49 45 866
49 46 268
49 47 593
49 48 664
50 1 866
50 2 621
50 3 264
50 4 891
50 5 430
50 6 148
50 7 969
50 8 743
50 9 442
50 10 503
50 11 362
50 12 812
50 13 986
50 14 736
50 15 175
50 16 608
50 17 605
50 18 78
50 19 105
50 20 336
50 21 974
50 22 871
50 23 711
50 24 910
50 25 706
50 26 380
50 27 105
50 28 76
50 29 210
50 30 512
50 31 529
50 32 786
50 33 803
50 34 689
50 35 117
50 36 188
50 37 522
50 38 366
50 39 417
50 40 873
50 41 313
50 42 969
50 43 496
50 44 249
50 45 553
50 46 244
50 47 668
50 48 174
50 49 87
51 1 268
51 2 202
51 3 232
51 4 224
51 5 642
51 6 533
51 7 269
51 8 386
51 9 597
51 10 831
51 11 83
51 12 350
51 13 41
51 14 962
51 15 379
51 16 269
51 17 781
51 18 185
51 19 389
51 20 925
51 21 433
51 22 128
51 23 768
51 24 892
51 25 779
51 26 877
51 27 650
51 28 563
51 29 563
51 30 235
51 31 4
51 32 220
51 33 985
51 34 469
51 35 644
51 36 599
51 37 403
51 38 115
51 39 558
51 40 641
51 41 988
51 42 650
51 43 392
51 44 352
51 45 341
51 46 107
51 47 257
51 48 999
51 49 321
51 50 943
52 1 217
52 2 43
52 3 597
52 4 723
52 5 82
52 6 534
52 7 668
52 8 451
52 9 410
52 10 883
52 11 360
52 12 595
52 13 813
52 14 228
52 15 55
52 16 138
52 17 982
52 18 810
52 19 149
52 20 214
52 21 24
52 22 69
52 23 505
52 24 144
52 25 21
52 26 394
52 27 891
52 28 949
52 29 922
52 30 718
52 31 670
52 32 637
52 33 146
52 34 400
52 35 233
52 36 853
52 37 540
52 38 89
52 39 939
52 40 694
52 41 553
52 42 508
52 43 564
52 44 754
52 45 770
52 46 343
52 47 507
52 48 728
52 49 168
52 50 699
52 51 268
53 1 130
53 2 748
53 3 784
53 4 934
53 5 942
53 6 390
53 7 796
53 8 700
53 9 271
53 10 89
53 11 171
53 12 658
53 13 317
53 14 933
53 15 667
53 16 374
53 17 226
53 18 461
53 19 940
53 20 995
53 21 644
53 22 272
53 23 590
53 24 891
53 25 33
53 26 20
53 27 834
53 28 104
53 29 79
53 30 175
53 31 275
53 32 73
53 33 737
53 34 175
53 35 443
53 36 429
53 37 748
53 38 844
53 39 49
53 40 830
53 41 690
53 42 219
53 43 157
53 44 111
53 45 871
53 46 148
53 47 697
53 48 246
53 49 640
53 50 298
53 51 27
53 52 871
54 1 932
54 2 453
54 3 470
54 4 386
54 5 102
54 6 223
54 7 35
54 8 870
54 9 382
54 10 552
54 11 745
54 12 332
54 13 515
54 14 643
54 15 278
54 16 40
54 17 378
54 18 193
54 19 852
54 20 935
54 21 685
54 22 54
54 23 557
54 24 387
54 25 50
54 26 704
54 27 558
54 28 791
54 29 13
54 30 160
54 31 882
54 32 765
54 33 814
54 34 210
54 35 710
54 36 943
54 37 6
54 38 83
54 39 382
54 40 627
54 41 210
54 42 959
54 43 543
54 44 800
54 45 578
54 46 920
54 47 129
54 48 245
54 49 787
54 50 240
54 51 139
54 52 787
54 53 628
55 1 142
55 2 367
55 3 904
55 4 507
55 5 389
55 6 559
55 7 209
55 8 415
55 9 351
55 10 661
55 11 569
55 12 201
55 13 415
55 14 124
55 15 843
55 16 203
55 17 878
55 18 441
55 19 523
55 20 550
55 21 699
55 22 361
55 23 749
55 24 709
55 25 727
55 26 474
55 27 481
55 28 100
55 29 308
55 30 109
55 31 808
55 32 819
55 33 372
55 34 731
55 35 672
55 36 821
55 37 402
55 38 284
55 39 481
55 40 99
55 41 898
55 42 171
55 43 398
55 44 694
55 45 231
55 46 806
55 47 285
55 48 591
55 49 992
55 50 938
55 51 563
55 52 832
55 53 244
55 54 184
56 1 502
56 2 391
56 3 279
56 4 461
56 5 676
56 6 647
56 7 781
56 8 262
56 9 605
56 10 512
56 11 507
56 12 966
56 13 825
56 14 533
56 15 874
56 16 625
56 17 902
56 18 534
56 19 82
56 20 908
56 21 126
56 22 607
56 23 640
56 24 167
56 25 913
56 26 540
56 27 446
56 28 794
56 29 144
56 30 966
56 31 771
56 32 318
56 33 962
56 34 835
56 35 806
56 36 937
56 37 782
56 38 990
56 39 624
56 40 426
56 41 495
56 42 950
56 43 710
56 44 603
56 45 153
56 46 177
56 47 411
56 48 809
56 49 615
56 50 432
56 51 968
56 52 81
56 53 914
56 54 9
56 55 978
57 1 962
57 2 353
57 3 923
57 4 429
57 5 153
57 6 579
57 7 367
57 8 694
57 9 421
57 10 145
57 11 13
57 12 93
57 13 483
57 14 301
57 15 959
57 16 925
57 17 791
57 18 42
57 19 394
57 20 79
57 21 409
57 22 630
57 23 306
57 24 615
57 25 435
57 26 141
57 27 785
57 28 942
57 29 648
57 30 742
57 31 747
57 32 463
57 33 323
57 34 740
57 35 148
57 36 832
57 37 415
57 38 638
57 39 987
57 40 190
57 41 537
57 42 707
57 43 692
57 44 5
57 45 443
57 46 823
57 47 677
57 48 415
57 49 938
57 50 585
57 51 159
57 52 178
57 53 422
57 54 950
57 55 532
57 56 623
58 1 499
58 2 908
58 3 890
58 4 233
58 5 347
58 6 938
58 7 481
58 8 727
58 9 789
58 10 249
58 11 190
58 12 775
58 13 265
58 14 70
58 15 352
58 16 735
58 17 124
58 18 481
58 19 461
58 20 24
58 21 954
58 22 551
58 23 598
58 24 11
58 25 873
58 26 771
58 27 636
58 28 567
58 29 986
58 30 52
58 31 550
58 32 633
58 33 430
58 34 785
58 35 386
58 36 455
58 37 723
58 38 715
58 39 712
58 40 350
58 41 339
58 42 631
58 43 619
58 44 141
58 45 710
58 46 139
58 47 585
58 48 634
58 49 89
58 50 6
58 51 764
58 52 773
58 53 980
58 54 836
58 55 531
58 56 338
58 57 56
59 1 84
59 2 333
59 3 335
59 4 774
59 5 658
59 6 172
59 7 439
59 8 118
59 9 612
59 10 281
59 11 128
59 12 166
59 13 695
59 14 819
59 15 387
59 16 422
59 17 738
59 18 637
59 19 105
59 20 101
59 21 156
59 22 444
59 23 552
59 24 814
59 25 57
59 26 931
59 27 555
59 28 341
59 29 708
59 30 679
59 31 265
59 32 431
59 33 380
59 34 901
59 35 629
59 36 826
59 37 799
59 38 357
59 39 958
59 40 947
59 41 732
59 42 986
59 43 216
59 44 936
59 45 448
59 46 85
59 47 903
59 48 987
59 49 60
59 50 102
59 51 670
59 52 173
59 53 8
59 54 350
59 55 44
59 56 194
59 57 175
59 58 212
60 1 879
60 2 748
60 3 406
60 4 665
60 5 435
60 6 462
60 7 414
60 8 167
60 9 186
60 10 579
60 11 351
60 12 247
60 13 768
60 14 828
60 15 521
60 16 344
60 17 657
60 18 198
60 19 15
60 20 730
60 21 501
60 22 518
60 23 251
60 24 566
60 25 192
60 26 71
60 27 688
60 28 418
60 29 87
60 30 661
60 31 205
60 32 803
60 33 992
60 34 827
60 35 909
60 36 563
60 37 794
60 38 161
60 39 374
60 40 162
60 41 867
60 42 895
60 43 560
60 44 189
60 45 630
60 46 226
60 47 920
60 48 664
60 49 892
60 50 52
60 51 445
60 52 944
60 53 857
60 54 62
60 55 665
60 56 301
60 57 916
60 58 385
60 59 832
61 1 491
61 2 615
61 3 221
61 4 818
61 5 880
61 6 413
61 7 159
61 8 469
61 9 935
61 10 129
61 11 117
61 12 411
61 13 158
61 14 183
61 15 96
61 16 581
61 17 776
61 18 28
61 19 194
61 20 966
61 21 749
61 22 398
61 23 564
61 24 327
61 25 913
61 26 247
61 27 261
61 28 884
61 29 333
61 30 505
61 31 176
61 32 242
61 33 168
61 34 43
61 35 483
61 36 50
61 37 633
61 38 461
61 39 304
61 40 141
61 41 854
61 42 591
61 43 533
61 44 170
61 45 694
61 46 830
61 47 994
61 48 1000
61 49 873
61 50 695
61 51 404
61 52 326
61 53 930
61 54 220
61 55 798
61 56 316
61 57 858
61 58 82
61 59 385
61 60 250
62 1 473
62 2 571
62 3 14
62 4 427
62 5 837
62 6 804
62 7 690
62 8 829
62 9 293
62 10 787
62 11 838
62 12 314
62 13 941
62 14 231
62 15 252
62 16 325
62 17 611
62 18 221
62 19 922
62 20 375
62 21 649
62 22 146
62 23 178
62 24 823
62 25 97
62 26 500
62 27 847
62 28 667
62 29 60
62 30 436
62 31 360
62 32 398
62 33 349
62 34 208
62 35 2
62 36 123
62 37 705
62 38 878
62 39 749
62 40 507
62 41 163
62 42 908
62 43 377
62 44 244
62 45 396
62 46 530
62 47 792
62 48 103
62 49 80
62 50 13
62 51 763
62 52 761
62 53 608
62 54 210
62 55 518
62 56 970
62 57 726
62 58 9
62 59 863
62 60 769
62 61 892
63 1 580
63 2 801
63 3 783
63 4 435
63 5 523
63 6 814
63 7 836
63 8 831
63 9 325
63 10 268
63 11 392
63 12 654
63 13 734
63 14 619
63 15 584
63 16 27
63 17 932
63 18 374
63 19 822
63 20 636
63 21 644
63 22 988
63 23 242
63 24 621
63 25 559
63 26 141
63 27 502
63 28 917
63 29 681
63 30 92
63 31 671
63 32 854
63 33 512
63 34 45
63 35 218
63 36 83
63 37 164
63 38 722
63 39 363
63 40 157
63 41 814
63 42 578
63 43 279
63 44 311
63 45 103
63 46 363
63 47 914
63 48 281
63 49 372
63 50 957
63 51 419
63 52 207
63 53 859
63 54 679
63 55 464
63 56 958
63 57 240
63 58 505
63 59 908
63 60 422
63 61 140
63 62 899
64 1 617
64 2 601
64 3 488
64 4 179
64 5 398
64 6 557
64 7 856
64 8 627
64 9 330
64 10 538
64 11 154
64 12 773
64 13 982
64 14 849
64 15 309
64 16 551
64 17 273
64 18 278
64 19 809
64 20 266
64 21 983
64 22 148
64 23 243
64 24 565
64 25 164
64 26 316
64 27 210
64 28 845
64 29 959
64 30 673
64 31 234
64 32 806
64 33 577
64 34 975
64 35 554
64 36 74
64 37 436
64 38 58
64 39 929
64 40 95
64 41 721
64 42 773
64 43 827
64 44 736
64 45 863
64 46 179
64 47 635
64 48 290
64 49 694
64 50 840
64 51 758
64 52 824
64 53 283
64 54 270
64 55 754
64 56 53
64 57 705
64 58 856
64 59 860
64 60 201
64 61 240
64 62 821
64 63 564
65 1 518
65 2 776
65 3 36
65 4 76
65 5 414
65 6 393
65 7 764
65 8 850
65 9 382
65 10 408
65 11 639
65 12 521
65 13 172
65 14 364
65 15 444
65 16 886
65 17 893
65 18 728
65 19 523
65 20 822
65 21 983
65 22 304
65 23 870
65 24 253
65 25 258
65 26 603
65 27 227
65 28 553
65 29 450
65 30 685
65 31 757
65 32 19
65 33 958
65 34 227
65 35 93
65 36 273
65 37 728
65 38 808
65 39 853
65 40 757
65 41 469
65 42 684
65 43 918
65 44 655
65 45 640
65 46 541
65 47 48
65 48 916
65 49 899
65 50 983
65 51 649
65 52 218
65 53 959
65 54 774
65 55 766
65 56 33
65 57 36
65 58 60
65 59 605
65 60 152
65 61 340
65 62 104
65 63 154
65 64 303
66 1 295
66 2 262
66 3 738
66 4 749
66 5 422
66 6 231
66 7 540
66 8 984
66 9 93
66 10 795
66 11 434
66 12 918
66 13 582
66 14 591
66 15 686
66 16 163
66 17 116
66 18 649
66 19 335
66 20 315
66 21 857
66 22 697
66 23 328
66 24 356
66 25 12
66 26 498
66 27 715
66 28 551
66 29 517
66 30 715
66 31 491
66 32 470
66 33 979
66 34 65
66 35 874
66 36 18
66 37 811
66 38 755
66 39 103
66 40 599
66 41 777
66 42 468
66 43 77
66 44 794
66 45 357
66 46 388
66 47 379
66 48 178
66 49 643
66 50 33
66 51 528
66 52 160
66 53 706
66 54 885
66 55 503
66 56 977
66 57 614
66 58 83
66 59 873
66 60 208
66 61 559
66 62 677
66 63 87
66 64 452
66 65 767
67 1 197
67 2 745
67 3 44
67 4 147
67 5 542
67 6 921
67 7 930
67 8 863
67 9 444
67 10 841
67 11 96
67 12 269
67 13 9
67 14 502
67 15 157
67 16 905
67 17 88
67 18 30
67 19 15
67 20 491
67 21 487
67 22 854
67 23 682
67 24 105
67 25 265
67 26 8
67 27 674
67 28 6
67 29 621
67 30 130
67 31 592
67 32 761
67 33 137
67 34 974
67 35 766
67 36 654
67 37 363
67 38 498
67 39 101
67 40 541
67 41 13
67 42 851
67 43 497
67 44 602
67 45 269
67 46 816
67 47 474
67 48 686
67 49 946
67 50 538
67 51 881
67 52 181
67 53 524
67 54 589
67 55 813
67 56 612
67 57 303
67 58 699
67 59 128
67 60 391
67 61 179
67 62 712
67 63 176
67 64 432
67 65 803
67 66 586
68 1 633
68 2 556
68 3 119
68 4 500
68 5 558
68 6 881
68 7 537
68 8 396
68 9 62
68 10 648
68 11 252
68 12 500
68 13 209
68 14 155
68 15 449
68 16 666
68 17 34
68 18 765
68 19 416
68 20 588
68 21 805
68 22 157
68 23 799
68 24 203
68 25 903
68 26 274
68 27 517
68 28 858
68 29 962
68 30 659
68 31 93
68 32 45
68 33 132
68 34 111
68 35 383
68 36 784
68 37 606
68 38 867
68 39 990
68 40 960
68 41 778
68 42 740
68 43 839
68 44 181
68 45 681
68 46 903
68 47 679
68 48 985
68 49 558
68 50 277
68 51 516
68 52 441
68 53 713
68 54 690
68 55 228
68 56 489
68 57 21
68 58 270
68 59 867
68 60 555
68 61 712
68 62 752
68 63 406
68 64 282
68 65 322
68 66 640
68 67 921
69 1 428
69 2 934
69 3 424
69 4 482
69 5 253
69 6 86
69 7 283
69 8 244
69 9 968
69 10 979
69 11 972
69 12 490
69 13 46
69 14 868
69 15 833
69 16 640
69 17 473
69 18 746
69 19 120
69 20 470
69 21 266
69 22 724
69 23 81
69 24 57
69 25 789
69 26 726
69 27 489
69 28 183
69 29 730
69 30 364
69 31 560
69 32 231
69 33 763
69 34 152
69 35 451
69 36 796
69 37 243
69 38 409
69 39 786
69 40 542
69 41 480
69 42 494
69 43 884
69 44 40
69 45 417
69 46 253
69 47 659
69 48 598
69 49 781
69 50 796
69 51 345
69 52 343
69 53 16
69 54 5
69 55 529
69 56 41
69 57 571
69 58 368
69 59 147
69 60 433
69 61 350
69 62 51
69 63 414
69 64 71
69 65 407
69 66 320
69 67 854
69 68 915
70 1 186
70 2 692
70 3 889
70 4 201
70 5 877
70 6 450
70 7 677
70 8 321
70 9 713
70 10 395
70 11 123
70 12 729
70 13 260
70 14 973
70 15 285
70 16 129
70 17 29
70 18 137
70 19 584
70 20 433
70 21 970
70 22 602
70 23 531
70 24 263
70 25 666
70 26 342
70 27 905
70 28 989
70 29 292
70 30 476
70 31 574
70 32 556
70 33 657
70 34 921
70 35 403
70 36 613
70 37 896
70 38 432
70 39 929
70 40 690
70 41 626
70 42 912
70 43 767
70 44 426
70 45 637
70 46 130
70 47 912
70 48 111
70 49 424
70 50 208
70 51 400
70 52 37
70 53 145
70 54 523
70 55 4
70 56 414
70 57 797
70 58 892
70 59 920
70 60 858
70 61 699
70 62 174
70 63 621
70 64 699
70 65 584
70 66 666
70 67 330
70 68 627
70 69 876
71 1 923
71 2 799
71 3 403
71 4 957
71 5 879
71 6 338
71 7 671
71 8 502
71 9 400
71 10 281
71 11 102
71 12 194
71 13 647
71 14 340
71 15 379
71 16 377
71 17 882
71 18 523
71 19 789
71 20 485
71 21 582
71 22 572
71 23 403
71 24 285
71 25 9
71 26 104
71 27 122
71 28 276
71 29 604
71 30 905
71 31 77
71 32 794
71 33 832
71 34 50
71 35 142
71 36 647
71 37 365
71 38 817
71 39 567
71 40 341
71 41 724
71 42 563
71 43 973
71 44 223
71 45 763
71 46 15
71 47 236
71 48 96
71 49 627
71 50 668
71 51 983
71 52 127
71 53 52
71 54 222
71 55 735
71 56 118
71 57 151
71 58 263
71 59 926
71 60 456
71 61 53
71 62 619
71 63 316
71 64 295
71 65 25
71 66 83
71 67 551
71 68 808
71 69 965
71 70 454
72 1 866
72 2 562
72 3 386
72 4 73
72 5 192
72 6 330
72 7 269
72 8 307
72 9 169
72 10 917
72 11 426
72 12 669
72 13 820
72 14 808
72 15 232
72 16 514
72 17 884
72 18 709
72 19 878
72 20 497
72 21 73
72 22 293
72 23 505
72 24 254
72 25 748
72 26 721
72 27 856
72 28 970
72 29 763
72 30 757
72 31 327
72 32 797
72 33 505
72 34 533
72 35 538
72 36 305
72 37 347
72 38 291
72 39 817
72 40 406
72 41 55
72 42 669
72 43 202
72 44 447
72 45 876
72 46 333
72 47 872
72 48 408
72 49 323
72 50 38
72 51 103
72 52 402
72 53 914
72 54 430
72 55 154
72 56 917
72 57 354
72 58 146
72 59 700
72 60 483
72 61 934
72 62 42
72 63 685
72 64 723
72 65 132
72 66 606
72 67 738
72 68 961
72 69 683
72 70 876
72 71 527
73 1 839
73 2 617
73 3 428
73 4 666
73 5 633
73 6 17
73 7 253
73 8 75
73 9 207
73 10 508
73 11 590
73 12 908
73 13 795
73 14 718
73 15 19
73 16 432
73 17 63
73 18 231
73 19 404
73 20 484
73 21 126
73 22 772
73 23 478
73 24 393
73 25 471
73 26 640
73 27 157
73 28 477
73 29 984
73 30 628
73 31 876
73 32 522
73 33 503
73 34 953
73 35 544
73 36 843
73 37 611
73 38 929
73 39 904
73 40 827
73 41 592
73 42 404
73 43 384
73 44 76
73 45 750
73 46 209
73 47 750
73 48 532
73 49 536
73 50 115
73 51 121
73 52 217
73 53 166
73 54 70
73 55 176
73 56 452
73 57 671
73 58 698
73 59 607
73 60 710
73 61 585
73 62 332
73 63 137
73 64 453
73 65 693
73 66 75
73 67 678
73 68 606
73 69 541
73 70 646
73 71 430
73 72 528
74 1 651
74 2 18
74 3 7
74 4 619
74 5 627
74 6 91
74 7 883
74 8 950
74 9 593
74 10 921
74 11 749
74 12 520
74 13 665
74 14 239
74 15 575
74 16 45
74 17 377
74 18 284
74 19 463
74 20 390
74 21 281
74 22 190
74 23 592
74 24 39
74 25 136
74 26 429
74 27 828
74 28 212
74 29 393
74 30 84
74 31 822
74 32 524
74 33 912
74 34 928
74 35 641
74 36 314
74 37 104
74 38 585
74 39 280
74 40 7
74 41 939
74 42 265
74 43 592
74 44 163
74 45 510
74 46 833
74 47 471
74 48 64
74 49 98
74 50 213
74 51 342
74 52 999
74 53 921
74 54 377
74 55 288
74 56 589
74 57 23
74 58 437
74 59 366
74 60 822
74 61 980
74 62 572
74 63 942
74 64 640
74 65 372
74 66 819
74 67 96
74 68 229
74 69 208
74 70 955
74 71 433
74 72 386
74 73 755
75 1 3
75 2 844
75 3 588
75 4 447
75 5 88
75 6 54
75 7 648
75 8 828
75 9 668
75 10 7
75 11 75
75 12 717
75 13 382
75 14 422
75 15 540
75 16 36
75 17 21
75 18 62
75 19 45
75 20 987
75 21 384
75 22 560
75 23 707
75 24 530
75 25 8
75 26 845
75 27 257
75 28 348
75 29 43
75 30 501
75 31 658
75 32 735
75 33 757
75 34 614
75 35 448
75 36 108
75 37 447
75 38 931
75 39 704
75 40 78
75 41 736
75 42 395
75 43 750
75 44 280
75 45 533
75 46 370
75 47 984
75 48 383
75 49 137
75 50 122
75 51 460
75 52 1
75 53 266
75 54 384
75 55 96
75 56 419
75 57 982
75 58 49
75 59 649
75 60 343
75 61 799
75 62 335
75 63 821
75 64 110
75 65 451
75 66 959
75 67 133
75 68 44
75 69 95
75 70 166
75 71 450
75 72 910
75 73 935
75 74 651
76 1 276
76 2 647
76 3 533
76 4 718
76 5 204
76 6 830
76 7 308
76 8 215
76 9 150
76 10 548
76 11 974
76 12 87
76 13 250
76 14 634
76 15 924
76 16 592
76 17 542
76 18 455
76 19 812
76 20 513
76 21 823
76 22 685
76 23 838
76 24 919
76 25 304
76 26 760
76 27 490
76 28 303
76 29 937
76 30 962
76 31 746
76 32 156
76 33 557
76 34 313
76 35 990
76 36 294
76 37 198
76 38 728
76 39 150
76 40 507
76 41 236
76 42 116
76 43 799
76 44 345
76 45 213
76 46 366
76 47 245
76 48 113
76 49 490
76 50 421
76 51 841
76 52 371
76 53 99
76 54 867
76 55 32
76 56 543
76 57 422
76 58 739
76 59 890
76 60 405
76 61 585
76 62 484
76 63 144
76 64 562
76 65 682
76 66 263
76 67 949
76 68 199
76 69 219
76 70 48
76 71 908
76 72 688
76 73 405
76 74 194
76 75 102
77 1 864
77 2 164
77 3 433
77 4 119
77 5 32
77 6 1000
77 7 482
77 8 348
77 9 34
77 10 99
77 11 698
77 12 41
77 13 923
77 14 282
77 15 481
77 16 891
77 17 78
77 18 712
77 19 371
77 20 132
77 21 820
77 22 455
77 23 5
77 24 419
77 25 839
77 26 298
77 27 410
77 28 987
77 29 11
77 30 441
77 31 297
77 32 845
77 33 409
77 34 944
77 35 311
77 36 9
77 37 589
77 38 58
77 39 418
77 40 27
77 41 445
77 42 820
77 43 885
77 44 299
77 45 225
77 46 543
77 47 528
77 48 954
77 49 508
77 50 68
77 51 187
77 52 269
77 53 213
77 54 929
77 55 596
77 56 912
77 57 954
77 58 782
77 59 116
77 60 481
77 61 313
77 62 759
77 63 4
77 64 120
77 65 843
77 66 592
77 67 164
77 68 203
77 69 869
77 70 661
77 71 575
77 72 335
77 73 399
77 74 340
77 75 832
77 76 193
78 1 720
78 2 257
78 3 499
78 4 934
78 5 489
78 6 363
78 7 204
78 8 203
78 9 387
78 10 930
78 11 679
78 12 967
78 13 651
78 14 861
78 15 181
78 16 704
78 17 55
78 18 934
78 19 982
78 20 683
78 21 151
78 22 873
78 23 877
78 24 341
78 25 837
78 26 353
78 27 899
78 28 28
78 29 575
78 30 345
78 31 673
78 32 598
78 33 816
78 34 405
78 35 119
78 36 619
78 37 455
78 38 800
78 39 428
78 40 200
78 41 382
78 42 599
78 43 512
78 44 684
78 45 437
78 46 100
78 47 363
78 48 725
78 49 351
78 50 234
78 51 22
78 52 481
78 53 474
78 54 811
78 55 87
78 56 949
78 57 366
78 58 750
78 59 966
78 60 685
78 61 563
78 62 662
78 63 297
78 64 408
78 65 87
78 66 423
78 67 251
78 68 254
78 69 512
78 70 606
78 71 634
78 72 678
78 73 663
78 74 912
78 75 997
78 76 257
78 77 245
79 1 971
79 2 194
79 3 894
79 4 994
79 5 147
79 6 67
79 7 190
79 8 140
79 9 219
79 10 212
79 11 972
79 12 271
79 13 74
79 14 13
79 15 245
79 16 900
79 17 792
79 18 388
79 19 64
79 20 307
79 21 738
79 22 929
79 23 74
79 24 470
79 25 564
79 26 392
79 27 739
79 28 153
79 29 220
79 30 715
79 31 503
79 32 473
79 33 386
79 34 15
79 35 379
79 36 495
79 37 920
79 38 249
79 39 740
79 40 695
79 41 232
79 42 485
79 43 298
79 44 338
79 45 687
79 46 973
79 47 536
79 48 98
79 49 438
79 50 450
79 51 90
79 52 480
79 53 297
79 54 388
79 55 837
79 56 869
79 57 542
79 58 106
79 59 696
79 60 261
79 61 777
79 62 955
79 63 393
79 64 5
79 65 224
79 66 1000
79 67 691
79 68 109
79 69 83
79 70 912
79 71 849
79 72 936
79 73 836
79 74 986
79 75 298
79 76 359
79 77 617
79 78 500
80 1 806
80 2 677
80 3 38
80 4 839
80 5 622
80 6 871
80 7 95
80 8 92
80 9 356
80 10 18
80 11 28
80 12 38
80 13 608
80 14 917
80 15 269
80 16 745
80 17 585
80 18 253
80 19 865
80 20 197
80 21 222
80 22 868
80 23 983
80 24 651
80 25 555
80 26 940
80 27 400
80 28 669
80 29 352
80 30 159
80 31 91
80 32 3
80 33 255
80 34 194
80 35 299
80 36 798
80 37 936
80 38 37
80 39 715
80 40 771
80 41 25
80 42 21
80 43 656
80 44 343
80 45 808
80 46 599
80 47 348
80 48 886
80 49 953
80 50 182
80 51 721
80 52 550
80 53 769
80 54 614
80 55 316
80 56 339
80 57 745
80 58 97
80 59 210
80 60 396
80 61 382
80 62 629
80 63 71
80 64 682
80 65 566
80 66 279
80 67 721
80 68 483
80 69 987
80 70 859
80 71 849
80 72 449
80 73 357
80 74 809
80 75 743
80 76 99
80 77 439
80 78 368
80 79 165
81 1 980
81 2 122
81 3 340
81 4 768
81 5 936
81 6 72
81 7 25
81 8 656
81 9 157
81 10 688
81 11 137
81 12 995
81 13 970
81 14 382
81 15 757
81 16 776
81 17 550
81 18 436
81 19 661
81 20 135
81 21 998
81 22 931
81 23 575
81 24 837
81 25 475
81 26 510
81 27 175
81 28 815
81 29 339
81 30 980
81 31 899
81 32 896
81 33 463
81 34 995
81 35 894
81 36 74
81 37 193
81 38 342
81 39 653
81 40 990
81 41 630
81 42 565
81 43 169
81 44 462
81 45 162
81 46 950
81 47 660
81 48 223
81 49 471
81 50 107
81 51 201
81 52 234
81 53 424
81 54 664
81 55 806
81 56 194
81 57 556
81 58 822
81 59 797
81 60 144
81 61 82
81 62 782
81 63 509
81 64 276
81 65 634
81 66 287
81 67 659
81 68 336
81 69 156
81 70 790
81 71 951
81 72 245
81 73 654
81 74 1
81 75 704
81 76 827
81 77 746
81 78 821
81 79 614
81 80 752
82 1 191
82 2 900
82 3 924
82 4 98
82 5 855
82 6 349
82 7 593
82 8 143
82 9 786
82 10 338
82 11 280
82 12 273
82 13 365
82 14 595
82 15 191
82 16 134
82 17 691
82 18 54
82 19 130
82 20 404
82 21 680
82 22 163
82 23 303
82 24 823
82 25 530
82 26 598
82 27 694
82 28 345
82 29 529
82 30 394
82 31 89
82 32 558
82 33 366
82 34 741
82 35 51
82 36 732
82 37 420
82 38 948
82 39 425
82 40 146
82 41 680
82 42 346
82 43 177
82 44 552
82 45 271
82 46 102
82 47 645
82 48 917
82 49 758
82 50 227
82 51 510
82 52 819
82 53 681
82 54 273
82 55 59
82 56 129
82 57 995
82 58 462
82 59 555
82 60 844
82 61 380
82 62 269
82 63 772
82 64 224
82 65 596
82 66 696
82 67 29
82 68 594
82 69 325
82 70 756
82 71 271
82 72 434
82 73 202
82 74 906
82 75 29
82 76 665
82 77 964
82 78 449
82 79 309
82 80 225
82 81 918
83 1 141
83 2 745
83 3 340
83 4 159
83 5 527
83 6 567
83 7 103
83 8 248
83 9 737
83 10 207
83 11 249
83 12 265
83 13 772
83 14 609
83 15 254
83 16 452
83 17 504
83 18 561
83 19 127
83 20 875
83 21 926
83 22 611
83 23 541
83 24 799
83 25 380
83 26 388
83 27 167
83 28 721
83 29 777
83 30 389
83 31 346
83 32 241
83 33 68
83 34 555
83 35 477
83 36 235
83 37 460
83 38 198
83 39 754
83 40 991
83 41 138
83 42 96
83 43 124
83 44 277
83 45 490
83 46 825
83 47 597
83 48 516
83 49 102
83 50 639
83 51 290
83 52 513
83 53 7
83 54 469
83 55 833
83 56 432
83 57 965
83 58 857
83 59 10
83 60 957
83 61 753
83 62 894
83 63 778
83 64 823
83 65 747
83 66 463
83 67 20
83 68 179
83 69 267
83 70 383
83 71 689
83 72 452
83 73 477
83 74 235
83 75 195
83 76 666
83 77 803
83 78 967
83 79 188
83 80 401
83 81 162
83 82 576
84 1 91
84 2 844
84 3 472
84 4 439
84 5 39
84 6 605
84 7 224
84 8 113
84 9 78
84 10 263
84 11 102
84 12 660
84 13 770
84 14 808
84 15 914
84 16 829
84 17 575
84 18 442
84 19 332
84 20 643
84 21 642
84 22 420
84 23 200
84 24 227
84 25 883
84 26 870
84 27 414
84 28 924
84 29 469
84 30 792
84 31 620
84 32 35
84 33 114
84 34 672
84 35 248
84 36 726
84 37 783
84 38 399
84 39 617
84 40 944
84 41 713
84 42 435
84 43 136
84 44 391
84 45 846
84 46 425
84 47 838
84 48 877
84 49 90
84 50 687
84 51 759
84 52 618
84 53 11
84 54 273
84 55 915
84 56 300
84 57 839
84 58 548
84 59 877
84 60 968
84 61 931
84 62 472
84 63 208
84 64 62
84 65 54
84 66 30
84 67 251
84 68 165
84 69 118
84 70 500
84 71 32
84 72 277
84 73 253
84 74 503
84 75 287
84 76 682
84 77 341
84 78 20
84 79 846
84 80 732
84 81 391
84 82 823
84 83 906
85 1 101
85 2 383
85 3 16
85 4 922
85 5 339
85 6 468
85 7 612
85 8 134
85 9 776
85 10 636
85 11 353
85 12 984
85 13 117
85 14 248
85 15 208
85 16 913
85 17 264
85 18 51
85 19 235
85 20 318
85 21 211
85 22 560
85 23 767
85 24 638
85 25 53
85 26 930
85 27 81
85 28 860
85 29 446
85 30 707
85 31 31
85 32 915
85 33 69
85 34 71
85 35 304
85 36 750
85 37 915
85 38 469
85 39 255
85 40 44
85 41 470
85 42 753
85 43 511
85 44 863
85 45 103
85 46 205
85 47 787
85 48 718
85 49 226
85 50 80
85 51 599
85 52 812
85 53 48
85 54 549
85 55 821
85 56 455
85 57 983
85 58 160
85 59 276
85 60 923
85 61 33
85 62 209
85 63 801
85 64 243
85 65 711
85 66 640
85 67 480
85 68 680
85 69 318
85 70 360
85 71 984
85 72 912
85 73 642
85 74 89
85 75 212
85 76 151
85 77 401
85 78 137
85 79 671
85 80 729
85 81 986
85 82 722
85 83 288
85 84 876
86 1 323
86 2 722
86 3 594
86 4 717
86 5 937
86 6 978
86 7 482
86 8 734
86 9 499
86 10 534
86 11 958
86 12 191
86 13 465
86 14 442
86 15 600
86 16 285
86 17 587
86 18 10
86 19 652
86 20 22
86 21 389
86 22 619
86 23 950
86 24 74
86 25 900
86 26 492
86 27 118
86 28 120
86 29 238
86 30 47
86 31 728
86 32 423
86 33 838
86 34 701
86 35 371
86 36 647
86 37 399
86 38 269
86 39 813
86 40 180
86 41 871
86 42 322
86 43 697
86 44 441
86 45 42
86 46 147
86 47 471
86 48 953
86 49 543
86 50 174
86 51 489
86 52 170
86 53 341
86 54 16
86 55 471
86 56 310
86 57 25
86 58 483
86 59 766
86 60 711
86 61 473
86 62 205
86 63 113
86 64 451
86 65 690
86 66 755
86 67 833
86 68 245
86 69 905
86 70 382
86 71 657
86 72 862
86 73 232
86 74 745
86 75 612
86 76 580
86 77 464
86 78 269
86 79 677
86 80 425
86 81 818
86 82 19
86 83 132
86 84 192
86 85 695
87 1 188
87 2 810
87 3 518
87 4 773
87 5 621
87 6 674
87 7 492
87 8 1
87 9 961
87 10 426
87 11 576
87 12 303
87 13 333
87 14 82
87 15 817
87 16 71
87 17 662
87 18 703
87 19 631
87 20 750
87 21 35
87 22 731
87 23 639
87 24 92
87 25 708
87 26 613
87 27 321
87 28 887
87 29 659
87 30 657
87 31 498
87 32 245
87 33 802
87 34 318
87 35 873
87 36 742
87 37 246
87 38 344
87 39 163
87 40 989
87 41 227
87 42 480
87 43 558
87 44 461
87 45 597
87 46 675
87 47 509
87 48 626
87 49 983
87 50 973
87 51 120
87 52 710
87 53 21
87 54 541
87 55 617
87 56 657
87 57 268
87 58 514
87 59 677
87 60 100
87 61 685
87 62 610
87 63 602
87 64 414
87 65 819
87 66 697
87 67 596
87 68 160
87 69 57
87 70 758
87 71 659
87 72 491
87 73 589
87 74 943
87 75 836
87 76 340
87 77 949
87 78 656
87 79 835
87 80 445
87 81 276
87 82 855
87 83 268
87 84 545
87 85 657
87 86 24
88 1 17
88 2 292
88 3 200
88 4 489
88 5 470
88 6 714
88 7 698
88 8 40
88 9 652
88 10 285
88 11 26
88 12 28
88 13 484
88 14 923
88 15 647
88 16 406
88 17 683
88 18 478
88 19 841
88 20 371
88 21 60
88 22 533
88 23 569
88 24 585
88 25 211
88 26 576
88 27 65
88 28 133
88 29 862
88 30 866
88 31 553
88 32 688
88 33 375
88 34 563
88 35 725
88 36 552
88 37 152
88 38 920
88 39 835
88 40 526
88 41 963
88 42 630
88 43 566
88 44 805
88 45 440
88 46 618
88 47 26
88 48 319
88 49 237
88 50 870
88 51 516
88 52 241
88 53 620
88 54 90
88 55 940
88 56 571
88 57 484
88 58 274
88 59 994
88 60 17
88 61 60
88 62 497
88 63 509
88 64 596
88 65 794
88 66 502
88 67 570
88 68 648
88 69 183
88 70 882
88 71 307
88 72 215
88 73 550
88 74 944
88 75 467
88 76 963
88 77 11
88 78 560
88 79 163
88 80 102
88 81 155
88 82 565
88 83 417
88 84 979
88 85 177
88 86 543
88 87 380
89 1 303
89 2 467
89 3 33
89 4 361
89 5 177
89 6 923
89 7 502
89 8 41
89 9 399
89 10 470
89 11 634
89 12 498
89 13 692
89 14 561
89 15 759
89 16 925
89 17 845
89 18 654
89 19 478
89 20 178
89 21 914
89 22 909
89 23 820
89 24 510
89 25 960
89 26 631
89 27 476
89 28 149
89 29 995
89 30 196
89 31 939
89 32 577
89 33 79
89 34 466
89 35 615
89 36 648
89 37 772
89 38 952
89 39 217
89 40 920
89 41 365
89 42 229
89 43 14
89 44 838
89 45 596
89 46 352
89 47 743
89 48 636
89 49 784
89 50 278
89 51 264
89 52 96
89 53 572
89 54 551
89 55 260
89 56 533
89 57 734
89 58 754
89 59 555
89 60 649
89 61 709
89 62 478
89 63 871
89 64 118
89 65 842
89 66 811
89 67 83
89 68 50
89 69 482
89 70 611
89 71 285
89 72 694
89 73 416
89 74 55
89 75 252
89 76 17
89 77 300
89 78 221
89 79 89
89 80 50
89 81 55
89 82 715
89 83 153
89 84 101
89 85 391
89 86 586
89 87 559
89 88 250
90 1 929
90 2 37
90 3 830
90 4 717
90 5 590
90 6 688
90 7 512
90 8 19
90 9 206
90 10 393
90 11 831
90 12 13
90 13 540
90 14 868
90 15 683
90 16 227
90 17 150
90 18 622
90 19 550
90 20 93
90 21 805
90 22 966
90 23 142
90 24 971
90 25 373
90 26 84
90 27 841
90 28 84
90 29 391
90 30 429
90 31 250
90 32 753
90 33 750
90 34 948
90 35 433
90 36 550
90 37 179
90 38 888
90 39 643
90 40 257
90 41 492
90 42 190
90 43 618
90 44 757
90 45 762
90 46 715
90 47 754
90 48 227
90 49 882
90 50 825
90 51 728
90 52 283
90 53 202
90 54 48
90 55 376
90 56 933
90 57 171
90 58 855
90 59 903
90 60 479
90 61 192
90 62 787
90 63 746
90 64 747
90 65 126
90 66 441
90 67 633
90 68 269
90 69 125
90 70 69
90 71 683
90 72 305
90 73 753
90 74 797
90 75 593
90 76 813
90 77 578
90 78 710
90 79 241
90 80 777
90 81 669
90 82 312
90 83 262
90 84 497
90 85 706
90 86 120
90 87 417
90 88 728
90 89 633
91 1 385
91 2 826
91 3 796
91 4 43
91 5 197
91 6 375
91 7 76
91 8 749
91 9 490
91 10 866
91 11 456
91 12 216
91 13 682
91 14 724
91 15 656
91 16 815
91 17 965
91 18 334
91 19 551
91 20 66
91 21 500
91 22 315
91 23 867
91 24 341
91 25 14
91 26 306
91 27 868
91 28 686
91 29 563
91 30 79
91 31 936
91 32 729
91 33 445
91 34 34
91 35 149
91 36 857
91 37 551
91 38 410
91 39 260
91 40 99
91 41 618
91 42 768
91 43 678
91 44 409
91 45 167
91 46 563
91 47 360
91 48 296
91 49 122
91 50 874
91 51 716
91 52 981
91 53 357
91 54 606
91 55 925
91 56 538
91 57 679
91 58 733
91 59 284
91 60 694
91 61 11
91 62 397
91 63 459
91 64 239
91 65 758
91 66 927
91 67 793
91 68 238
91 69 634
91 70 98
91 71 18
91 72 480
91 73 427
91 74 202
91 75 24
91 76 862
91 77 488
91 78 727
91 79 554
91 80 648
91 81 914
91 82 734
91 83 952
91 84 785
91 85 707
91 86 240
91 87 349
91 88 735
91 89 398
91 90 160
92 1 916
92 2 501
92 3 888
92 4 652
92 5 51
92 6 792
92 7 523
92 8 905
92 9 648
92 10 514
92 11 648
92 12 697
92 13 808
92 14 46
92 15 134
92 16 296
92 17 635
92 18 965
92 19 661
92 20 511
92 21 992
92 22 183
92 23 728
92 24 955
92 25 338
92 26 680
92 27 664
92 28 861
92 29 36
92 30 275
92 31 142
92 32 979
92 33 756
92 34 125
92 35 936
92 36 408
92 37 850
92 38 890
92 39 951
92 40 406
92 41 835
92 42 771
92 43 747
92 44 500
92 45 351
92 46 840
92 47 95
92 48 469
92 49 233
92 50 370
92 51 287
92 52 4
92 53 578
92 54 104
92 55 229
92 56 128
92 57 921
92 58 640
92 59 558
92 60 671
92 61 916
92 62 404
92 63 289
92 64 393
92 65 141
92 66 861
92 67 748
92 68 540
92 69 907
92 70 946
92 71 792
92 72 933
92 73 206
92 74 879
92 75 572
92 76 873
92 77 167
92 78 816
92 79 345
92 80 462
92 81 655
92 82 26
92 83 83
92 84 126
92 85 894
92 86 538
92 87 889
92 88 423
92 89 242
92 90 443
92 91 467
93 1 456
93 2 482
93 3 296
93 4 160
93 5 443
93 6 289
93 7 316
93 8 298
93 9 267
93 10 720
93 11 310
93 12 871
93 13 84
93 14 876
93 15 527
93 16 772
93 17 281
93 18 105
93 19 877
93 20 120
93 21 374
93 22 381
93 23 205
93 24 413
93 25 652
93 26 736
93 27 568
93 28 518
93 29 627
93 30 869
93 31 696
93 32 750
93 33 620
93 34 320
93 35 89
93 36 544
93 37 41
93 38 828
93 39 438
93 40 472
93 41 182
93 42 764
93 43 303
93 44 618
93 45 588
93 46 752
93 47 253
93 48 547
93 49 321
93 50 873
93 51 904
93 52 396
93 53 689
93 54 71
93 55 538
93 56 818
93 57 252
93 58 642
93 59 260
93 60 796
93 61 169
93 62 934
93 63 874
93 64 577
93 65 212
93 66 644
93 67 916
93 68 234
93 69 1000
93 70 330
93 71 548
93 72 601
93 73 284
93 74 22
93 75 247
93 76 595
93 77 333
93 78 67
93 79 476
93 80 170
93 81 756
93 82 571
93 83 787
93 84 416
93 85 308
93 86 90
93 87 42
93 88 551
93 89 512
93 90 422
93 91 701
93 92 803
94 1 153
94 2 653
94 3 348
94 4 459
94 5 963
94 6 823
94 7 931
94 8 556
94 9 69
94 10 836
94 11 370
94 12 990
94 13 10
94 14 517
94 15 498
94 16 33
94 17 399
94 18 909
94 19 526
94 20 524
94 21 543
94 22 221
94 23 457
94 24 224
94 25 582
94 26 41
94 27 158
94 28 103
94 29 975
94 30 694
94 31 22
94 32 553
94 33 390
94 34 869
94 35 416
94 36 782
94 37 314
94 38 913
94 39 349
94 40 902
94 41 958
94 42 396
94 43 63
94 44 451
94 45 263
94 46 843
94 47 474
94 48 361
94 49 86
94 50 754
94 51 676
94 52 630
94 53 863
94 54 298
94 55 916
94 56 191
94 57 340
94 58 300
94 59 772
94 60 740
94 61 166
94 62 411
94 63 438
94 64 521
94 65 430
94 66 575
94 67 334
94 68 337
94 69 448
94 70 193
94 71 470
94 72 260
94 73 374
94 74 593
94 75 253
94 76 834
94 77 448
94 78 695
94 79 691
94 80 736
94 81 948
94 82 997
94 83 173
94 84 182
94 85 157
94 86 263
94 87 270
94 88 554
94 89 925
94 90 543
94 91 255
94 92 28
94 93 626
95 1 394
95 2 271
95 3 180
95 4 590
95 5 448
95 6 348
95 7 850
95 8 319
95 9 689
95 10 711
95 11 745
95 12 51
95 13 78
95 14 63
95 15 557
95 16 500
95 17 403
95 18 788
95 19 576
95 20 826
95 21 481
95 22 270
95 23 71
95 24 154
95 25 93
95 26 760
95 27 940
95 28 220
95 29 277
95 30 493
95 31 370
95 32 941
95 33 864
95 34 988
95 35 526
95 36 989
95 37 383
95 38 725
95 39 514
95 40 688
95 41 710
95 42 643
95 43 132
95 44 782
95 45 99
95 46 147
95 47 140
95 48 916
95 49 461
95 50 565
95 51 89
95 52 874
95 53 33
95 54 256
95 55 926
95 56 903
95 57 812
95 58 790
95 59 903
95 60 685
95 61 374
95 62 913
95 63 535
95 64 777
95 65 970
95 66 228
95 67 613
95 68 578
95 69 18
95 70 785
95 71 524
95 72 150
95 73 379
95 74 15
95 75 383
95 76 448
95 77 35
95 78 716
95 79 732
95 80 786
95 81 57
95 82 10
95 83 808
95 84 596
95 85 989
95 86 490
95 87 637
95 88 803
95 89 23
95 90 963
95 91 449
95 92 381
95 93 603
95 94 519
96 1 186
96 2 906
96 3 325
96 4 836
96 5 84
96 6 168
96 7 272
96 8 931
96 9 600
96 10 167
96 11 162
96 12 790
96 13 184
96 14 52
96 15 925
96 16 574
96 17 646
96 18 825
96 19 610
96 20 331
96 21 120
96 22 872
96 23 730
96 24 427
96 25 891
96 26 636
96 27 439
96 28 109
96 29 576
96 30 8
96 31 156
96 32 922
96 33 418
96 34 243
96 35 532
96 36 890
96 37 701
96 38 467
96 39 872
96 40 680
96 41 526
96 42 98
96 43 400
96 44 174
96 45 474
96 46 747
96 47 999
96 48 147
96 49 888
96 50 404
96 51 293
96 52 987
96 53 794
96 54 992
96 55 213
96 56 654
96 57 700
96 58 598
96 59 413
96 60 320
96 61 794
96 62 933
96 63 185
96 64 373
96 65 284
96 66 874
96 67 722
96 68 739
96 69 877
96 70 108
96 71 885
96 72 697
96 73 678
96 74 235
96 75 843
96 76 649
96 77 973
96 78 871
96 79 213
96 80 517
96 81 692
96 82 580
96 83 573
96 84 720
96 85 520
96 86 690
96 87 498
96 88 920
96 89 936
96 90 329
96 91 473
96 92 973
96 93 669
96 94 222
96 95 330
97 1 790
97 2 326
97 3 86
97 4 76
97 5 27
97 6 209
97 7 679
97 8 249
97 9 822
97 10 555
97 11 825
97 12 178
97 13 1
97 14 719
97 15 976
97 16 774
97 17 448
97 18 44
97 19 129
97 20 733
97 21 588
97 22 433
97 23 169
97 24 284
97 25 167
97 26 860
97 27 947
97 28 848
97 29 774
97 30 342
97 31 670
97 32 251
97 33 792
97 34 111
97 35 400
97 36 366
97 37 730
97 38 5
97 39 757
97 40 307
97 41 106
97 42 312
97 43 111
97 44 560
97 45 356
97 46 593
97 47 859
97 48 677
97 49 422
97 50 221
97 51 577
97 52 413
97 53 991
97 54 648
97 55 135
97 56 440
97 57 560
97 58 652
97 59 76
97 60 3
97 61 775
97 62 68
97 63 834
97 64 159
97 65 732
97 66 758
97 67 605
97 68 480
97 69 183
97 70 818
97 71 938
97 72 335
97 73 838
97 74 289
97 75 357
97 76 147
97 77 207
97 78 857
97 79 595
97 80 233
97 81 668
97 82 317
97 83 231
97 84 133
97 85 708
97 86 790
97 87 833
97 88 533
97 89 520
97 90 944
97 91 879
97 92 169
97 93 418
97 94 747
97 95 64
97 96 348
98 1 725
98 2 470
98 3 785
98 4 954
98 5 116
98 6 979
98 7 869
98 8 74
98 9 579
98 10 543
98 11 883
98 12 626
98 13 449
98 14 679
98 15 565
98 16 602
98 17 196
98 18 779
98 19 210
98 20 829
98 21 924
98 22 526
98 23 69
98 24 360
98 25 757
98 26 353
98 27 87
98 28 875
98 29 557
98 30 450
98 31 534
98 32 726
98 33 679
98 34 66
98 35 349
98 36 505
98 37 679
98 38 123
98 39 277
98 40 263
98 41 192
98 42 381
98 43 92
98 44 749
98 45 405
98 46 668
98 47 493
98 48 322
98 49 823
98 50 931
98 51 474
98 52 382
98 53 266
98 54 95
98 55 249
98 56 483
98 57 294
98 58 8
98 59 36
98 60 479
98 61 495
98 62 956
98 63 270
98 64 346
98 65 330
98 66 514
98 67 68
98 68 563
98 69 478
98 70 727
98 71 3
98 72 166
98 73 872
98 74 888
98 75 506
98 76 863
98 77 863
98 78 405
98 79 470
98 80 844
98 81 208
98 82 513
98 83 860
98 84 152
98 85 827
98 86 842
98 87 407
98 88 756
98 89 508
98 90 84
98 91 691
98 92 696
98 93 12
98 94 281
98 95 189
98 96 937
98 97 270
99 1 456
99 2 104
99 3 799
99 4 607
99 5 634
99 6 32
99 7 110
99 8 182
99 9 463
99 10 793
99 11 438
99 12 104
99 13 973
99 14 991
99 15 59
99 16 885
99 17 209
99 18 112
99 19 504
99 20 206
99 21 744
99 22 237
99 23 857
99 24 153
99 25 334
99 26 682
99 27 137
99 28 397
99 29 206
99 30 122
99 31 436
99 32 980
99 33 748
99 34 37
99 35 659
99 36 673
99 37 591
99 38 524
99 39 9
99 40 79
99 41 344
99 42 803
99 43 603
99 44 934
99 45 488
99 46 984
99 47 831
99 48 290
99 49 176
99 50 907
99 51 347
99 52 531
99 53 948
99 54 124
99 55 821
99 56 397
99 57 617
99 58 334
99 59 831
99 60 481
99 61 816
99 62 851
99 63 519
99 64 860
99 65 985
99 66 903
99 67 892
99 68 836
99 69 776
99 70 846
99 71 901
99 72 948
99 73 145
99 74 593
99 75 674
99 76 715
99 77 631
99 78 841
99 79 530
99 80 794
99 81 578
99 82 894
99 83 656
99 84 496
99 85 297
99 86 173
99 87 570
99 88 850
99 89 431
99 90 697
99 91 764
99 92 665
99 93 22
99 94 135
99 95 131
99 96 259
99 97 33
99 98 220
