100
2 1 889
3 1 884
3 2 800
4 1 815
4 2 633
4 3 828
5 1 759
5 2 859
5 3 204
5 4 732
6 1 338
6 2 277
6 3 585
6 4 438
6 5 794
7 1 272
7 2 694
7 3 174
7 4 214
7 5 170
7 6 292
8 1 595
8 2 224
8 3 40
8 4 507
8 5 12
8 6 619
8 7 348
9 1 148
9 2 73
9 3 228
9 4 38
9 5 270
9 6 393
9 7 595
9 8 654
10 1 664
10 2 897
10 3 269
10 4 401
10 5 223
10 6 870
10 7 793
10 8 245
10 9 376
11 1 965
11 2 687
11 3 468
11 4 20
11 5 694
11 6 11
11 7 269
11 8 660
11 9 128
11 10 312
12 1 317
12 2 682
12 3 827
12 4 20
12 5 380
12 6 956
12 7 257
12 8 625
12 9 393
12 10 216
12 11 177
13 1 175
13 2 614
13 3 900
13 4 777
13 5 945
13 6 740
13 7 394
13 8 551
13 9 308
13 10 100
13 11 873
13 12 169
14 1 156
14 2 330
14 3 186
14 4 842
14 5 412
14 6 126
14 7 455
14 8 952
14 9 468
14 10 987
14 11 362
14 12 927
14 13 604
15 1 49
15 2 287
15 3 636
15 4 711
15 5 410
15 6 750
15 7 795
15 8 879
15 9 558
15 10 853
15 11 143
15 12 670
15 13 794
15 14 651
16 1 393
16 2 144
16 3 776
16 4 658
16 5 206
16 6 947
16 7 549
16 8 916
16 9 699
16 10 38
16 11 719
16 12 329
16 13 237
16 14 863
16 15 614
17 1 192
17 2 514
17 3 43
17 4 596
17 5 120
17 6 174
17 7 898
17 8 872
17 9 811
17 10 481
17 11 370
17 12 459
17 13 327
17 14 789
17 15 159
17 16 161
18 1 854
18 2 817
18 3 142
18 4 702
18 5 113
18 6 980
18 7 390
18 8 383
18 9 871
18 10 284
18 11 351
18 12 904
18 13 247
18 14 533
18 15 10
18 16 211
18 17 754
19 1 864
19 2 105
19 3 523
19 4 251
19 5 849
19 6 694
19 7 891
19 8 282
19 9 673
19 10 665
19 11 939
19 12 453
19 13 154
19 14 984
19 15 649
19 16 818
19 17 586
19 18 758
20 1 337
20 2 455
20 3 678
20 4 434
20 5 182
20 6 668
20 7 89
20 8 682
20 9 947
20 10 515
20 11 302
20 12 798
20 13 766
20 14 601
20 15 857
20 16 690
20 17 127
20 18 326
20 19 185
21 1 744
21 2 440
21 3 28
21 4 550
21 5 168
21 6 793
21 7 718
21 8 858
21 9 606
21 10 808
21 11 343
21 12 330
21 13 91
21 14 698
21 15 768
21 16 295
21 17 675
21 18 923
21 19 924
21 20 608
22 1 265
22 2 59
22 3 810
22 4 451
22 5 521
22 6 775
22 7 289
22 8 508
22 9 855
22 10 30
22 11 870
22 12 783
22 13 853
22 14 881
22 15 921
22 16 554
22 17 701
22 18 527
22 19 1000
22 20 227
22 21 409
23 1 465
23 2 246
23 3 81
23 4 916
23 5 894
23 6 27
23 7 168
23 8 387
23 9 737
23 10 275
23 11 869
23 12 267
23 13 920
23 14 213
23 15 862
23 16 910
23 17 776
23 18 404
23 19 499
23 20 849
23 21 709
23 22 321
24 1 851
24 2 23
24 3 501
24 4 874
24 5 930
24 6 533
24 7 883
24 8 592
24 9 831
24 10 729
24 11 250
24 12 393
24 13 804
24 14 712
24 15 653
24 16 139
24 17 509
24 18 556
24 19 448
24 20 419
24 21 964
24 22 820
24 23 219
25 1 243
25 2 923
25 3 164
25 4 875
25 5 599
25 6 708
25 7 143
25 8 27
25 9 59
25 10 737
25 11 483
25 12 38
25 13 872
25 14 252
25 15 416
25 16 375
25 17 241
25 18 10
25 19 888
25 20 130
25 21 729
25 22 925
25 23 700
25 24 859
26 1 968
26 2 936
26 3 911
26 4 94
26 5 137
26 6 583
26 7 50
26 8 176
26 9 881
26 10 60
26 11 982
26 12 283
26 13 620
26 14 745
26 15 462
26 16 769
26 17 440
26 18 459
26 19 716
26 20 217
26 21 3
26 22 957
26 23 610
26 24 816
26 25 176
27 1 407
27 2 220
27 3 940
27 4 310
27 5 868
27 6 868
27 7 77
27 8 366
27 9 1
27 10 950
27 11 467
27 12 330
27 13 541
27 14 112
27 15 83
27 16 610
27 17 267
27 18 595
27 19 841
27 20 342
27 21 478
27 22 815
27 23 166
27 24 823
27 25 238
27 26 496
28 1 279
28 2 490
28 3 873
28 4 920
28 5 853
28 6 138
28 7 502
28 8 107
28 9 913
28 10 335
28 11 580
28 12 3
28 13 90
28 14 208
28 15 723
28 16 979
28 17 640
28 18 51
28 19 314
28 20 217
28 21 825
28 22 438
28 23 639
28 24 793
28 25 559
28 26 794
28 27 568
29 1 527
29 2 434
29 3 606
29 4 25
29 5 918
29 6 510
29 7 720
29 8 754
29 9 724
29 10 499
29 11 412
29 12 137
29 13 9
29 14 213
29 15 175
29 16 66
29 17 726
29 18 426
29 19 422
29 20 122
29 21 138
29 22 498
29 23 531
29 24 567
29 25 667
29 26 420
29 27 935
29 28 903
30 1 962
30 2 138
30 3 197
30 4 998
30 5 271
30 6 297
30 7 253
30 8 39
30 9 425
30 10 779
30 11 280
30 12 811
30 13 4
30 14 658
30 15 860
30 16 56
30 17 495
30 18 467
30 19 407
30 20 922
30 21 519
30 22 892
30 23 18
30 24 746
30 25 434
30 26 272
30 27 216
30 28 687
30 29 885
31 1 545
31 2 264
31 3 948
31 4 113
31 5 509
31 6 992
31 7 605
31 8 98
31 9 526
31 10 328
31 11 292
31 12 846
31 13 60
31 14 980
31 15 239
31 16 380
31 17 662
31 18 952
31 19 427
31 20 273
31 21 292
31 22 844
31 23 859
31 24 760
31 25 103
31 26 120
31 27 205
31 28 773
31 29 67
31 30 793
32 1 312
32 2 444
32 3 71
32 4 207
32 5 356
32 6 910
32 7 361
32 8 871
32 9 612
32 10 469
32 11 465
32 12 526
32 13 124
32 14 419
32 15 973
32 16 894
32 17 753
32 18 139
32 19 802
32 20 793
32 21 378
32 22 223
32 23 830
32 24 564
32 25 243
32 26 750
32 27 15
32 28 1
32 29 700
32 30 987
32 31 396
33 1 228
33 2 866
33 3 102
33 4 590
33 5 203
33 6 935
33 7 706
33 8 673
33 9 808
33 10 158
33 11 284
33 12 565
33 13 702
33 14 731
33 15 832
33 16 307
33 17 385
33 18 116
33 19 266
33 20 857
33 21 161
33 22 531
33 23 429
33 24 279
33 25 946
33 26 620
33 27 750
33 28 455
33 29 109
33 30 557
33 31 872
33 32 708
34 1 789
34 2 85
34 3 829
34 4 950
34 5 373
34 6 251
34 7 572
34 8 244
34 9 92
34 10 830
34 11 919
34 12 912
34 13 906
34 14 700
34 15 245
34 16 555
34 17 137
34 18 673
34 19 476
34 20 625
34 21 531
34 22 527
34 23 208
34 24 423
34 25 697
34 26 251
34 27 5
34 28 656
34 29 102
34 30 757
34 31 215
34 32 925
34 33 84
35 1 554
35 2 845
35 3 783
35 4 559
35 5 155
35 6 330
35 7 225
35 8 358
35 9 193
35 10 251
35 11 764
35 12 410
35 13 538
35 14 328
35 15 447
35 16 188
35 17 880
35 18 248
35 19 455
35 20 115
35 21 560
35 22 140
35 23 163
35 24 885
35 25 640
35 26 781
35 27 780
35 28 875
35 29 465
35 30 824
35 31 967
35 32 90
35 33 235
35 34 643
36 1 39
36 2 345
36 3 317
36 4 579
36 5 650
36 6 615
36 7 325
36 8 691
36 9 75
36 10 744
36 11 205
36 12 289
36 13 477
36 14 960
36 15 838
36 16 850
36 17 782
36 18 883
36 19 912
36 20 106
36 21 50
36 22 972
36 23 67
36 24 395
36 25 458
36 26 598
36 27 566
36 28 565
36 29 284
36 30 181
36 31 997
36 32 24
36 33 517
36 34 99
36 35 760
37 1 734
37 2 970
37 3 283
37 4 343
37 5 218
37 6 34
37 7 723
37 8 641
37 9 905
37 10 437
37 11 291
37 12 818
37 13 375
37 14 650
37 15 603
37 16 476
37 17 311
37 18 815
37 19 841
37 20 121
37 21 244
37 22 317
37 23 740
37 24 193
37 25 385
37 26 394
37 27 166
37 28 151
37 29 133
37 30 394
37 31 995
37 32 386
37 33 52
37 34 580
37 35 219
37 36 938
38 1 407
38 2 589
38 3 480
38 4 302
38 5 555
38 6 949
38 7 465
38 8 802
38 9 772
38 10 253
38 11 867
38 12 296
38 13 321
38 14 900
38 15 831
38 16 229
38 17 839
38 18 512
38 19 106
38 20 257
38 21 351
38 22 404
38 23 314
38 24 979
38 25 479
38 26 759
38 27 51
38 28 510
38 29 663
38 30 351
38 31 750
38 32 905
38 33 462
38 34 984
38 35 497
38 36 691
38 37 250
39 1 993
39 2 246
39 3 4
39 4 875
39 5 457
39 6 125
39 7 93
39 8 90
39 9 991
39 10 767
39 11 185
39 12 835
39 13 255
39 14 864
39 15 981
39 16 678
39 17 551
39 18 388
39 19 263
39 20 980
39 21 141
39 22 157
39 23 391
39 24 606
39 25 165
39 26 706
39 27 674
39 28 247
39 29 285
39 30 637
39 31 885
39 32 665
39 33 442
39 34 904
39 35 411
39 36 437
39 37 338
39 38 715
40 1 796
40 2 995
40 3 546
40 4 989
40 5 688
40 6 62
40 7 352
40 8 580
40 9 432
40 10 758
40 11 726
40 12 678
40 13 823
40 14 981
40 15 45
40 16 107
40 17 763
40 18 853
40 19 441
40 20 448
40 21 841
40 22 315
40 23 916
40 24 175
40 25 70
40 26 170
40 27 589
40 28 253
40 29 304
40 30 157
40 31 711
40 32 893
40 33 77
40 34 867
40 35 331
40 36 389
40 37 866
40 38 557
40 39 728
41 1 244
41 2 49
41 3 195
41 4 9
41 5 26
41 6 40
41 7 294
41 8 478
41 9 629
41 10 368
41 11 349
41 12 672
41 13 903
41 14 701
41 15 945
41 16 189
41 17 828
41 18 71
41 19 860
41 20 684
41 21 677
41 22 800
41 23 719
41 24 660
41 25 869
41 26 879
41 27 18
41 28 944
41 29 435
41 30 812
41 31 593
41 32 962
41 33 309
41 34 176
41 35 835
41 36 200
41 37 866
41 38 394
41 39 229
41 40 484
42 1 419
42 2 483
42 3 34
42 4 950
42 5 592
42 6 777
42 7 165
42 8 832
42 9 788
42 10 885
42 11 588
42 12 458
42 13 164
42 14 374
42 15 812
42 16 71
42 17 832
42 18 948
42 19 278
42 20 357
42 21 209
42 22 113
42 23 716
42 24 816
42 25 713
42 26 593
42 27 796
42 28 347
42 29 248
42 30 991
42 31 618
42 32 673
42 33 168
42 34 456
42 35 883
42 36 501
42 37 663
42 38 354
42 39 792
42 40 524
42 41 752
43 1 209
43 2 997
43 3 662
43 4 335
43 5 396
43 6 173
43 7 161
43 8 986
43 9 366
43 10 21
43 11 434
43 12 434
43 13 383
43 14 769
43 15 769
43 16 920
43 17 48
43 18 502
43 19 282
43 20 873
43 21 97
43 22 855
43 23 755
43 24 600
43 25 234
43 26 930
43 27 218
43 28 921
43 29 7
43 30 455
43 31 426
43 32 954
43 33 973
43 34 548
43 35 592
43 36 478
43 37 660
43 38 610
43 39 14
43 40 578
43 41 78
43 42 200
44 1 476
44 2 505
44 3 791
44 4 928
44 5 545
44 6 942
44 7 787
44 8 710
44 9 151
44 10 123
44 11 666
44 12 923
44 13 67
44 14 495
44 15 896
44 16 303
44 17 187
44 18 861
44 19 134
44 20 634
44 21 710
44 22 195
44 23 872
44 24 554
44 25 623
44 26 576
44 27 914
44 28 36
44 29 105
44 30 932
44 31 430
44 32 376
44 33 740
44 34 524
44 35 598
44 36 731
44 37 648
44 38 377
44 39 85
44 40 546
44 41 942
44 42 92
44 43 875
45 1 423
45 2 109
45 3 728
45 4 184
45 5 255
45 6 223
45 7 698
45 8 487
45 9 684
45 10 92
45 11 876
45 12 897
45 13 209
45 14 740
45 15 344
45 16 396
45 17 502
45 18 840
45 19 479
45 20 692
45 21 753
45 22 979
45 23 326
45 24 680
45 25 111
45 26 889
45 27 437
45 28 781
45 29 532
45 30 19
45 31 618
45 32 654
45 33 611
45 34 72
45 35 292
45 36 33
45 37 196
45 38 398
45 39 398
45 40 705
45 41 873
45 42 363
45 43 29
45 44 863
46 1 624
46 2 71
46 3 251
46 4 360
46 5 225
46 6 78
46 7 786
46 8 597
46 9 203
46 10 968
46 11 517
46 12 69
46 13 425
46 14 921
46 15 980
46 16 804
46 17 623
46 18 654
46 19 315
46 20 214
46 21 425
46 22 369
46 23 340
46 24 103
46 25 720
46 26 574
46 27 711
46 28 840
46 29 407
46 30 918
46 31 347
46 32 946
46 33 852
46 34 413
46 35 560
46 36 609
46 37 620
46 38 671
46 39 594
46 40 866
46 41 302
46 42 40
46 43 498
46 44 475
46 45 489
47 1 767
47 2 543
47 3 706
47 4 229
47 5 555
47 6 601
47 7 584
47 8 516
47 9 169
47 10 204
47 11 312
47 12 643
47 13 934
47 14 200
47 15 896
47 16 466
47 17 293
47 18 215
47 19 211
47 20 922
47 21 770
47 22 356
47 23 28
47 24 335
47 25 987
47 26 840
47 27 745
47 28 360
47 29 612
47 30 502
47 31 823
47 32 605
47 33 354
47 34 369
47 35 195
47 36 256
47 37 403
47 38 734
47 39 137
47 40 284
47 41 927
47 42 436
47 43 364
47 44 27
47 45 514
47 46 272
48 1 353
48 2 234
48 3 690
48 4 744
48 5 141
48 6 872
48 7 879
48 8 576
48 9 114
48 10 277
48 11 449
48 12 695
48 13 531
48 14 453
48 15 718
48 16 621
48 17 785
48 18 593
48 19 43
48 20 442
48 21 667
48 22 131
48 23 375
48 24 839
48 25 126
48 26 903
48 27 913
48 28 836
48 29 283
48 30 218
48 31 732
48 32 214
48 33 703
48 34 927
48 35 511
48 36 799
48 37 173
48 38 777
48 39 743
48 40 40
48 41 506
48 42 646
48 43 60
48 44 595
48 45 106
48 46 453
48 47 545
49 1 840
49 2 304
49 3 828
49 4 161
49 5 516
49 6 731
49 7 838
49 8 682
49 9 941
49 10 210
49 11 355
49 12 748
49 13 480
49 14 943
49 15 872
49 16 922
49 17 218
49 18 978
49 19 830
49 20 889
49 21 32
49 22 226
49 23 784
49 24 164
49 25 487
49 26 518
49 27 965
49 28 938
49 29 267
49 30 468
49 31 58
49 32 955
49 33 67
49 34 135
49 35 260
49 36 530
49 37 150
49 38 748
49 39 941
49 40 100
49 41 997
49 42 990
49 43 465
49 44 930
49 45 756
49 46 598
49 47 989
49 48 861
50 1 416
50 2 285
50 3 324
50 4 220
50 5 914
50 6 233
50 7 140
50 8 271
50 9 601
50 10 669
50 11 115
50 12 846
50 13 767
50 14 262
50 15 827
50 16 26
50 17 167
50 18 368
50 19 458
50 20 2
50 21 734
50 22 357
50 23 628
50 24 495
50 25 927
50 26 536
50 27 924
50 28 368
50 29 393
50 30 416
50 31 944
50 32 307
50 33 910
50 34 333
50 35 919
50 36 693
50 37 764
50 38 675
50 39 224
50 40 54
50 41 42
50 42 215
50 43 360
50 44 723
50 45 505
50 46 311
50 47 209
50 48 577
50 49 987
51 1 965
51 2 631
51 3 987
51 4 524
51 5 11
51 6 728
51 7 362
51 8 642
51 9 924
51 10 327
51 11 915
51 12 494
51 13 9
51 14 517
51 15 524
51 16 803
51 17 967
51 18 282
51 19 821
51 20 781
51 21 105
51 22 578
51 23 893
51 24 484
51 25 682
51 26 383
51 27 216
51 28 281
51 29 149
51 30 573
51 31 700
51 32 393
51 33 287
51 34 666
51 35 984
51 36 671
51 37 501
51 38 754
51 39 351
51 40 80
51 41 761
51 42 204
51 43 895
51 44 564
51 45 964
51 46 925
51 47 816
51 48 232
51 49 699
51 50 276
52 1 975
52 2 77
52 3 688
52 4 940
52 5 93
52 6 637
52 7 393
52 8 315
52 9 210
52 10 316
52 11 549
52 12 242
52 13 293
52 14 301
52 15 630
52 16 154
52 17 116
52 18 255
52 19 495
52 20 928
52 21 802
52 22 237
52 23 720
52 24 47
52 25 638
52 26 542
52 27 374
52 28 854
52 29 57
52 30 398
52 31 239
52 32 981
52 33 911
52 34 707
52 35 727
52 36 275
52 37 410
52 38 285
52 39 2
52 40 768
52 41 362
52 42 278
52 43 56
52 44 524
52 45 590
52 46 705
52 47 750
52 48 426
52 49 658
52 50 313
52 51 64
53 1 214
53 2 271
53 3 192
53 4 69
53 5 344
53 6 7
53 7 838
53 8 370
53 9 489
53 10 226
53 11 596
53 12 25
53 13 735
53 14 306
53 15 699
53 16 195
53 17 804
53 18 585
53 19 316
53 20 26
53 21 865
53 22 627
53 23 320
53 24 520
53 25 739
53 26 696
53 27 708
53 28 400
53 29 581
53 30 569
53 31 872
53 32 216
53 33 347
53 34 69
53 35 147
53 36 205
53 37 611
53 38 936
53 39 355
53 40 652
53 41 547
53 42 932
53 43 248
53 44 757
53 45 157
53 46 284
53 47 87
53 48 267
53 49 37
53 50 878
53 51 751
53 52 374
54 1 272
54 2 797
54 3 107
54 4 624
54 5 256
54 6 110
54 7 560
54 8 858
54 9 519
54 10 23
54 11 981
54 12 427
54 13 870
54 14 784
54 15 452
54 16 184
54 17 420
54 18 955
54 19 526
54 20 20
54 21 306
54 22 950
54 23 935
54 24 924
54 25 184
54 26 952
54 27 942
54 28 852
54 29 804
54 30 593
54 31 776
54 32 881
54 33 227
54 34 23
54 35 848
54 36 417
54 37 520
54 38 264
54 39 680
54 40 460
54 41 972
54 42 942
54 43 740
54 44 169
54 45 159
54 46 820
54 47 637
54 48 251
54 49 435
54 50 722
54 51 346
54 52 904
54 53 637
55 1 752
55 2 425
55 3 339
55 4 101
55 5 929
55 6 402
55 7 120
55 8 285
55 9 614
55 10 775
55 11 835
55 12 575
55 13 356
55 14 330
55 15 846
55 16 88
55 17 51
55 18 693
55 19 129
55 20 533
55 21 525
55 22 334
55 23 448
55 24 457
55 25 926
55 26 446
55 27 372
55 28 439
55 29 558
55 30 400
55 31 900
55 32 36
55 33 35
55 34 708
55 35 671
55 36 568
55 37 877
55 38 704
55 39 41
55 40 44
55 41 935
55 42 360
55 43 513
55 44 797
55 45 269
55 46 944
55 47 285
55 48 654
55 49 358
55 50 461
55 51 910
55 52 690
55 53 780
55 54 63
56 1 326
56 2 906
56 3 723
56 4 868
56 5 767
56 6 368
56 7 975
56 8 894
56 9 296
56 10 656
56 11 256
56 12 24
56 13 972
56 14 660
56 15 33
56 16 219
56 17 908
56 18 58
56 19 193
56 20 403
56 21 710
56 22 41
56 23 194
56 24 722
56 25 69
56 26 84
56 27 593
56 28 112
56 29 496
56 30 859
56 31 55
56 32 370
56 33 462
56 34 575
56 35 243
56 36 165
56 37 437
56 38 340
56 39 209
56 40 692
56 41 603
56 42 335
56 43 160
56 44 898
56 45 211
56 46 887
56 47 740
56 48 474
56 49 874
56 50 749
56 51 193
56 52 64
56 53 269
56 54 152
56 55 54
57 1 363
57 2 22
57 3 448
57 4 222
57 5 73
57 6 765
57 7 407
57 8 570
57 9 879
57 10 635
57 11 497
57 12 454
57 13 904
57 14 702
57 15 689
57 16 750
57 17 339
57 18 92
57 19 631
57 20 316
57 21 166
57 22 805
57 23 237
57 24 978
57 25 194
57 26 480
57 27 16
57 28 449
57 29 827
57 30 615
57 31 710
57 32 790
57 33 269
57 34 991
57 35 49
57 36 297
57 37 100
57 38 306
57 39 695
57 40 950
57 41 420
57 42 282
57 43 693
57 44 792
57 45 994
57 46 724
57 47 992
57 48 873
57 49 99
57 50 320
57 51 850
57 52 640
57 53 12
57 54 150
57 55 196
57 56 895
58 1 325
58 2 190
58 3 263
58 4 705
58 5 529
58 6 285
58 7 51
58 8 893
58 9 572
58 10 376
58 11 455
58 12 986
58 13 311
58 14 955
58 15 98
58 16 750
58 17 65
58 18 23
58 19 210
58 20 696
58 21 707
58 22 46
58 23 107
58 24 171
58 25 982
58 26 663
58 27 81
58 28 937
58 29 995
58 30 153
58 31 790
58 32 341
58 33 69
58 34 915
58 35 434
58 36 475
58 37 391
58 38 457
58 39 307
58 40 940
58 41 169
58 42 663
58 43 531
58 44 108
58 45 214
58 46 322
58 47 45
58 48 994
58 49 155
58 50 199
58 51 148
58 52 135
58 53 720
58 54 118
58 55 195
58 56 84
58 57 777
59 1 848
59 2 223
59 3 422
59 4 83
59 5 762
59 6 607
59 7 395
59 8 916
59 9 554
59 10 44
59 11 568
59 12 49
59 13 486
59 14 431
59 15 120
59 16 750
59 17 951
59 18 471
59 19 661
59 20 743
59 21 326
59 22 44
59 23 701
59 24 335
59 25 396
59 26 693
59 27 142
59 28 138
59 29 830
59 30 761
59 31 433
59 32 85
59 33 481
59 34 19
59 35 259
59 36 681
59 37 497
59 38 834
59 39 899
59 40 672
59 41 517
59 42 207
59 43 623
59 44 587
59 45 432
59 46 235
59 47 766
59 48 832
59 49 488
59 50 824
59 51 355
59 52 286
59 53 722
59 54 718
59 55 418
59 56 582
59 57 981
59 58 146
60 1 345
60 2 530
60 3 44
60 4 678
60 5 949
60 6 346
60 7 583
60 8 87
60 9 88
60 10 666
60 11 984
60 12 287
60 13 988
60 14 495
60 15 261
60 16 672
60 17 637
60 18 566
60 19 590
60 20 413
60 21 889
60 22 788
60 23 201
60 24 534
60 25 144
60 26 714
60 27 637
60 28 832
60 29 751
60 30 239
60 31 633
60 32 958
60 33 495
60 34 957
60 35 123
60 36 223
60 37 804
60 38 875
60 39 119
60 40 950
60 41 556
60 42 417
60 43 482
60 44 439
60 45 622
60 46 920
60 47 819
60 48 848
60 49 502
60 50 58
60 51 25
60 52 579
60 53 707
60 54 880
60 55 224
60 56 963
60 57 753
60 58 420
60 59 98
61 1 329
61 2 898
61 3 44
61 4 873
61 5 759
61 6 3
61 7 8
61 8 465
61 9 103
61 10 144
61 11 888
61 12 528
61 13 70
61 14 852
61 15 843
61 16 419
61 17 457
61 18 118
61 19 896
61 20 331
61 21 843
61 22 529
61 23 672
61 24 101
61 25 295
61 26 177
61 27 290
61 28 434
61 29 926
61 30 214
61 31 342
61 32 564
61 33 356
61 34 176
61 35 164
61 36 596
61 37 389
61 38 466
61 39 826
61 40 34
61 41 493
61 42 621
61 43 538
61 44 255
61 45 874
61 46 235
61 47 420
61 48 918
61 49 230
61 50 678
61 51 815
61 52 580
61 53 488
61 54 983
61 55 594
61 56 13
61 57 103
61 58 527
61 59 148
61 60 979
62 1 725
62 2 397
62 3 998
62 4 458
62 5 299
62 6 556
62 7 222
62 8 599
62 9 930
62 10 200
62 11 141
62 12 889
62 13 62
62 14 920
62 15 944
62 16 285
62 17 792
62 18 565
62 19 218
62 20 334
62 21 397
62 22 925
62 23 541
62 24 514
62 25 372
62 26 615
62 27 608
62 28 317
62 29 558
62 30 783
62 31 569
62 32 810
62 33 173
62 34 536
62 35 518
62 36 697
62 37 813
62 38 195
62 39 334
62 40 120
62 41 737
62 42 773
62 43 303
62 44 715
62 45 5
62 46 294
62 47 224
62 48 669
62 49 283
62 50 836
62 51 934
62 52 780
62 53 387
62 54 431
62 55 446
62 56 788
62 57 875
62 58 193
62 59 136
62 60 463
62 61 255
63 1 308
63 2 679
63 3 214
63 4 633
63 5 768
63 6 674
63 7 224
63 8 854
63 9 963
63 10 134
63 11 360
63 12 469
63 13 535
63 14 311
63 15 359
63 16 76
63 17 95
63 18 521
63 19 59
63 20 867
63 21 708
63 22 922
63 23 662
63 24 441
63 25 247
63 26 437
63 27 286
63 28 193
63 29 29
63 30 264
63 31 324
63 32 864
63 33 326
63 34 652
63 35 342
63 36 43
63 37 657
63 38 910
63 39 541
63 40 708
63 41 977
63 42 810
63 43 20
63 44 120
63 45 146
63 46 847
63 47 355
63 48 619
63 49 304
63 50 43
63 51 241
63 52 161
63 53 34
63 54 225
63 55 208
63 56 648
63 57 440
63 58 991
63 59 658
63 60 377
63 61 518
63 62 774
64 1 730
64 2 160
64 3 456
64 4 734
64 5 743
64 6 951
64 7 730
64 8 377
64 9 236
64 10 26
64 11 132
64 12 133
64 13 833
64 14 53
64 15 114
64 16 304
64 17 460
64 18 599
64 19 63
64 20 85
64 21 660
64 22 902
64 23 398
64 24 608
64 25 1
64 26 977
64 27 617
64 28 180
64 29 850
64 30 357
64 31 662
64 32 179
64 33 997
64 34 55
64 35 246
64 36 279
64 37 894
64 38 546
64 39 7
64 40 960
64 41 517
64 42 851
64 43 634
64 44 490
64 45 89
64 46 26
64 47 321
64 48 818
64 49 183
64 50 630
64 51 204
64 52 68
64 53 957
64 54 987
64 55 639
64 56 585
64 57 509
64 58 306
64 59 462
64 60 712
64 61 634
64 62 980
64 63 605
65 1 749
65 2 460
65 3 626
65 4 697
65 5 780
65 6 732
65 7 687
65 8 532
65 9 311
65 10 745
65 11 653
65 12 527
65 13 912
65 14 174
65 15 229
65 16 555
65 17 301
65 18 318
65 19 14
65 20 784
65 21 565
65 22 497
65 23 497
65 24 386
65 25 454
65 26 615
65 27 452
65 28 264
65 29 951
65 30 139
65 31 34
65 32 164
65 33 544
65 34 3
65 35 152
65 36 804
65 37 899
65 38 185
65 39 938
65 40 903
65 41 882
65 42 960
65 43 357
65 44 227
65 45 109
65 46 95
65 47 310
65 48 44
65 49 472
65 50 471
65 51 762
65 52 615
65 53 334
65 54 903
65 55 733
65 56 591
65 57 328
65 58 152
65 59 207
65 60 449
65 61 959
65 62 384
65 63 286
65 64 358
66 1 448
66 2 591
66 3 141
66 4 79
66 5 499
66 6 701
66 7 593
66 8 806
66 9 954
66 10 419
66 11 377
66 12 54
66 13 499
66 14 16
66 15 410
66 16 983
66 17 886
66 18 597
66 19 635
66 20 794
66 21 351
66 22 584
66 23 245
66 24 56
66 25 164
66 26 430
66 27 366
66 28 113
66 29 520
66 30 810
66 31 510
66 32 942
66 33 197
66 34 799
66 35 360
66 36 85
66 37 675
66 38 784
66 39 715
66 40 544
66 41 668
66 42 121
66 43 646
66 44 761
66 45 239
66 46 786
66 47 194
66 48 70
66 49 968
66 50 528
66 51 169
66 52 234
66 53 838
66 54 270
66 55 863
66 56 967
66 57 795
66 58 772
66 59 757
66 60 551
66 61 171
66 62 808
66 63 517
66 64 939
66 65 410
67 1 348
67 2 872
67 3 969
67 4 785
67 5 520
67 6 162
67 7 568
67 8 58
67 9 342
67 10 648
67 11 68
67 12 258
67 13 472
67 14 880
67 15 32
67 16 41
67 17 504
67 18 708
67 19 198
67 20 296
67 21 538
67 22 732
67 23 426
67 24 964
67 25 41
67 26 276
67 27 788
67 28 241
67 29 251
67 30 191
67 31 166
67 32 625
67 33 631
67 34 62
67 35 992
67 36 482
67 37 114
67 38 620
67 39 10
67 40 81
67 41 164
67 42 447
67 43 189
67 44 288
67 45 887
67 46 272
67 47 162
67 48 362
67 49 705
67 50 436
67 51 826
67 52 538
67 53 349
67 54 336
67 55 978
67 56 350
67 57 171
67 58 914
67 59 112
67 60 872
67 61 29
67 62 515
67 63 771
67 64 324
67 65 248
67 66 670
68 1 59
68 2 744
68 3 415
68 4 633
68 5 216
68 6 650
68 7 11
68 8 720
68 9 369
68 10 893
68 11 128
68 12 790
68 13 845
68 14 147
68 15 782
68 16 408
68 17 672
68 18 716
68 19 575
68 20 538
68 21 147
68 22 606
68 23 704
68 24 793
68 25 606
68 26 57
68 27 575
68 28 603
68 29 761
68 30 967
68 31 535
68 32 823
68 33 252
68 34 906
68 35 451
68 36 636
68 37 271
68 38 661
68 39 171
68 40 790
68 41 410
68 42 502
68 43 99
68 44 502
68 45 93
68 46 609
68 47 390
68 48 580
68 49 228
68 50 355
68 51 535
68 52 603
68 53 966
68 54 383
68 55 314
68 56 194
68 57 674
68 58 671
68 59 401
68 60 735
68 61 535
68 62 25
68 63 97
68 64 64
68 65 359
68 66 692
68 67 960
69 1 985
69 2 535
69 3 30
69 4 339
69 5 654
69 6 205
69 7 441
69 8 50
69 9 157
69 10 73
69 11 985
69 12 718
69 13 842
69 14 464
69 15 385
69 16 518
69 17 235
69 18 505
69 19 366
69 20 343
69 21 587
69 22 581
69 23 499
69 24 625
69 25 386
69 26 412
69 27 9
69 28 338
69 29 387
69 30 410
69 31 245
69 32 922
69 33 990
69 34 174
69 35 721
69 36 138
69 37 16
69 38 268
69 39 964
69 40 103
69 41 212
69 42 643
69 43 566
69 44 16
69 45 47
69 46 349
69 47 171
69 48 325
69 49 607
69 50 409
69 51 306
69 52 331
69 53 667
69 54 976
69 55 268
69 56 504
69 57 255
69 58 169
69 59 502
69 60 992
69 61 265
69 62 202
69 63 158
69 64 86
69 65 943
69 66 691
69 67 776
69 68 655
70 1 316
70 2 268
70 3 280
70 4 783
70 5 869
70 6 877
70 7 734
70 8 135
70 9 46
70 10 393
70 11 544
70 12 790
70 13 389
70 14 420
70 15 46
70 16 546
70 17 380
70 18 426
70 19 681
70 20 968
70 21 301
70 22 564
70 23 188
70 24 656
70 25 681
70 26 836
70 27 509
70 28 507
70 29 152
70 30 456
70 31 349
70 32 973
70 33 766
70 34 555
70 35 592
70 36 555
70 37 99
70 38 603
70 39 988
70 40 52
70 41 714
70 42 169
70 43 831
70 44 318
70 45 786
70 46 918
70 47 557
70 48 518
70 49 959
70 50 950
70 51 447
70 52 146
70 53 769
70 54 872
70 55 889
70 56 319
70 57 163
70 58 242
70 59 885
70 60 74
70 61 973
70 62 236
70 63 737
70 64 701
70 65 376
70 66 698
70 67 122
70 68 347
70 69 680
71 1 927
71 2 975
71 3 401
71 4 988
71 5 850
71 6 891
71 7 416
71 8 560
71 9 445
71 10 968
71 11 566
71 12 952
71 13 546
71 14 309
71 15 902
71 16 226
71 17 418
71 18 590
71 19 896
71 20 811
71 21 718
71 22 420
71 23 41
71 24 837
71 25 732
71 26 408
71 27 504
71 28 990
71 29 9
71 30 144
71 31 90
71 32 226
71 33 770
71 34 528
71 35 8
71 36 890
71 37 738
71 38 141
71 39 218
71 40 70
71 41 239
71 42 598
71 43 335
71 44 254
71 45 727
71 46 80
71 47 363
71 48 589
71 49 102
71 50 473
71 51 755
71 52 331
71 53 455
71 54 823
71 55 558
71 56 285
71 57 105
71 58 36
71 59 636
71 60 313
71 61 80
71 62 16
71 63 241
71 64 216
71 65 399
71 66 687
71 67 420
71 68 565
71 69 797
71 70 589
72 1 25
72 2 299
72 3 766
72 4 984
72 5 322
72 6 138
72 7 46
72 8 671
72 9 451
72 10 158
72 11 936
72 12 949
72 13 254
72 14 65
72 15 69
72 16 412
72 17 207
72 18 1000
72 19 506
72 20 533
72 21 471
72 22 945
72 23 312
72 24 212
72 25 321
72 26 27
72 27 953
72 28 740
72 29 435
72 30 312
72 31 180
72 32 868
72 33 829
72 34 884
72 35 250
72 36 916
72 37 409
72 38 288
72 39 634
72 40 126
72 41 417
72 42 647
72 43 574
72 44 688
72 45 267
72 46 21
72 47 135
72 48 140
72 49 525
72 50 834
72 51 615
72 52 74
72 53 33
72 54 409
72 55 446
72 56 350
72 57 441
72 58 966
72 59 981
72 60 248
72 61 637
72 62 609
72 63 766
72 64 263
72 65 849
72 66 152
72 67 205
72 68 466
72 69 396
72 70 828
72 71 725
73 1 646
73 2 367
73 3 212
73 4 840
73 5 650
73 6 718
73 7 909
73 8 719
73 9 631
73 10 544
73 11 842
73 12 162
73 13 136
73 14 530
73 15 189
73 16 95
73 17 227
73 18 837
73 19 301
73 20 968
73 21 79
73 22 923
73 23 150
73 24 688
73 25 744
73 26 59
73 27 144
73 28 964
73 29 21
73 30 530
73 31 355
73 32 193
73 33 630
73 34 798
73 35 490
73 36 262
73 37 118
73 38 111
73 39 167
73 40 903
73 41 210
73 42 314
73 43 314
73 44 469
73 45 523
73 46 880
73 47 753
73 48 275
73 49 847
73 50 400
73 51 290
73 52 869
73 53 437
73 54 38
73 55 877
73 56 863
73 57 998
73 58 721
73 59 656
73 60 215
73 61 313
73 62 36
73 63 969
73 64 79
73 65 697
73 66 128
73 67 621
73 68 606
73 69 727
73 70 63
73 71 994
73 72 322
74 1 935
74 2 442
74 3 806
74 4 970
74 5 402
74 6 251
74 7 591
74 8 935
74 9 455
74 10 206
74 11 217
74 12 639
74 13 896
74 14 103
74 15 5
74 16 526
74 17 460
74 18 916
74 19 261
74 20 527
74 21 450
74 22 653
74 23 304
74 24 125
74 25 725
74 26 226
74 27 286
74 28 401
74 29 498
74 30 834
74 31 382
74 32 695
74 33 624
74 34 617
74 35 167
74 36 753
74 37 331
74 38 581
74 39 240
74 40 491
74 41 567
74 42 49
74 43 417
74 44 766
74 45 429
74 46 149
74 47 59
74 48 762
74 49 343
74 50 76
74 51 345
74 52 885
74 53 947
74 54 157
74 55 562
74 56 301
74 57 875
74 58 943
74 59 736
74 60 474
74 61 864
74 62 857
74 63 147
74 64 354
74 65 893
74 66 145
74 67 577
74 68 82
74 69 291
74 70 120
74 71 321
74 72 355
74 73 1
75 1 972
75 2 313
75 3 801
75 4 442
75 5 645
75 6 906
75 7 32
75 8 670
75 9 514
75 10 137
75 11 220
75 12 761
75 13 900
75 14 540
75 15 344
75 16 630
75 17 645
75 18 821
75 19 482
75 20 709
75 21 273
75 22 961
75 23 774
75 24 182
75 25 478
75 26 574
75 27 937
75 28 720
75 29 953
75 30 568
75 31 465
75 32 909
75 33 798
75 34 442
75 35 887
75 36 803
75 37 34
75 38 778
75 39 710
75 40 306
75 41 955
75 42 742
75 43 938
75 44 315
75 45 336
75 46 665
75 47 280
75 48 819
75 49 744
75 50 25
75 51 440
75 52 393
75 53 457
75 54 380
75 55 109
75 56 787
75 57 748
75 58 85
75 59 536
75 60 538
75 61 537
75 62 857
75 63 822
75 64 806
75 65 659
75 66 492
75 67 295
75 68 871
75 69 259
75 70 314
75 71 612
75 72 989
75 73 68
75 74 169
76 1 455
76 2 538
76 3 556
76 4 23
76 5 962
76 6 652
76 7 228
76 8 497
76 9 256
76 10 786
76 11 554
76 12 879
76 13 720
76 14 896
76 15 295
76 16 461
76 17 875
76 18 186
76 19 230
76 20 243
76 21 14
76 22 605
76 23 532
76 24 329
76 25 953
76 26 534
76 27 299
76 28 585
76 29 526
76 30 361
76 31 997
76 32 365
76 33 728
76 34 889
76 35 817
76 36 392
76 37 599
76 38 753
76 39 194
76 40 77
76 41 260
76 42 297
76 43 8
76 44 881
76 45 705
76 46 611
76 47 199
76 48 503
76 49 252
76 50 652
76 51 820
76 52 984
76 53 753
76 54 647
76 55 766
76 56 30
76 57 974
76 58 232
76 59 697
76 60 123
76 61 746
76 62 997
76 63 895
76 64 246
76 65 782
76 66 391
76 67 72
76 68 270
76 69 288
76 70 185
76 71 376
76 72 336
76 73 734
76 74 909
76 75 94
77 1 791
77 2 436
77 3 990
77 4 815
77 5 498
77 6 804
77 7 502
77 8 61
77 9 578
77 10 402
77 11 729
77 12 616
77 13 911
77 14 194
77 15 997
77 16 91
77 17 961
77 18 600
77 19 440
77 20 448
77 21 726
77 22 246
77 23 664
77 24 507
77 25 910
77 26 541
77 27 488
77 28 682
77 29 597
77 30 447
77 31 207
77 32 448
77 33 23
77 34 82
77 35 70
77 36 299
77 37 246
77 38 34
77 39 914
77 40 199
77 41 790
77 42 509
77 43 139
77 44 771
77 45 566
77 46 697
77 47 476
77 48 748
77 49 654
77 50 983
77 51 231
77 52 414
77 53 752
77 54 882
77 55 953
77 56 65
77 57 351
77 58 825
77 59 707
77 60 718
77 61 977
77 62 183
77 63 410
77 64 600
77 65 35
77 66 147
77 67 902
77 68 142
77 69 97
77 70 345
77 71 710
77 72 508
77 73 688
77 74 337
77 75 687
77 76 890
78 1 888
78 2 351
78 3 968
78 4 94
78 5 319
78 6 891
78 7 940
78 8 152
78 9 330
78 10 115
78 11 161
78 12 981
78 13 446
78 14 83
78 15 424
78 16 325
78 17 409
78 18 275
78 19 404
78 20 504
78 21 357
78 22 998
78 23 581
78 24 701
78 25 974
78 26 570
78 27 384
78 28 819
78 29 669
78 30 398
78 31 734
78 32 129
78 33 110
78 34 334
78 35 452
78 36 243
78 37 661
78 38 946
78 39 195
78 40 150
78 41 561
78 42 569
78 43 880
78 44 314
78 45 895
78 46 274
78 47 787
78 48 109
78 49 679
78 50 132
78 51 770
78 52 69
78 53 627
78 54 398
78 55 279
78 56 730
78 57 413
78 58 504
78 59 133
78 60 50
78 61 496
78 62 977
78 63 226
78 64 673
78 65 829
78 66 671
78 67 621
78 68 534
78 69 4
78 70 933
78 71 717
78 72 560
78 73 672
78 74 593
78 75 423
78 76 477
78 77 278
79 1 899
79 2 546
79 3 969
79 4 455
79 5 775
79 6 819
79 7 692
79 8 616
79 9 35
79 10 274
79 11 911
79 12 587
79 13 433
79 14 892
79 15 741
79 16 323
79 17 673
79 18 721
79 19 272
79 20 41
79 21 761
79 22 910
79 23 54
79 24 327
79 25 327
79 26 351
79 27 726
79 28 44
79 29 794
79 30 855
79 31 767
79 32 84
79 33 533
79 34 78
79 35 632
79 36 317
79 37 365
79 38 619
79 39 788
79 40 265
79 41 55
79 42 982
79 43 386
79 44 344
79 45 669
79 46 363
79 47 582
79 48 731
79 49 923
79 50 426
79 51 763
79 52 170
79 53 912
79 54 530
79 55 177
79 56 290
79 57 827
79 58 92
79 59 721
79 60 244
79 61 570
79 62 21
79 63 898
79 64 743
79 65 359
79 66 426
79 67 183
79 68 794
79 69 738
79 70 31
79 71 320
79 72 713
79 73 595
79 74 990
79 75 287
79 76 232
79 77 78
79 78 46
80 1 943
80 2 757
80 3 536
80 4 224
80 5 610
80 6 103
80 7 866
80 8 498
80 9 90
80 10 268
80 11 889
80 12 124
80 13 871
80 14 61
80 15 639
80 16 583
80 17 533
80 18 658
80 19 694
80 20 322
80 21 598
80 22 387
80 23 929
80 24 736
80 25 334
80 26 329
80 27 308
80 28 83
80 29 269
80 30 534
80 31 613
80 32 270
80 33 410
80 34 926
80 35 224
80 36 707
80 37 432
80 38 217
80 39 339
80 40 668
80 41 328
80 42 381
80 43 251
80 44 845
80 45 291
80 46 531
80 47 571
80 48 47
80 49 813
80 50 233
80 51 528
80 52 225
80 53 270
80 54 605
80 55 713
80 56 270
80 57 485
80 58 742
80 59 902
80 60 281
80 61 39
80 62 296
80 63 844
80 64 225
80 65 314
80 66 283
80 67 133
80 68 207
80 69 532
80 70 411
80 71 544
80 72 764
80 73 303
80 74 528
80 75 469
80 76 903
80 77 415
80 78 970
80 79 320
81 1 796
81 2 890
81 3 910
81 4 48
81 5 346
81 6 545
81 7 999
81 8 127
81 9 52
81 10 573
81 11 876
81 12 665
81 13 866
81 14 891
81 15 365
81 16 492
81 17 996
81 18 259
81 19 421
81 20 375
81 21 825
81 22 432
81 23 142
81 24 728
81 25 408
81 26 834
81 27 413
81 28 448
81 29 221
81 30 526
81 31 7
81 32 755
81 33 120
81 34 456
81 35 194
81 36 171
81 37 687
81 38 254
81 39 185
81 40 9
81 41 415
81 42 73
81 43 977
81 44 1
81 45 413
81 46 232
81 47 412
81 48 955
81 49 586
81 50 660
81 51 518
81 52 557
81 53 468
81 54 402
81 55 448
81 56 699
81 57 154
81 58 683
81 59 583
81 60 972
81 61 35
81 62 290
81 63 617
81 64 189
81 65 248
81 66 278
81 67 690
81 68 79
81 69 65
81 70 240
81 71 884
81 72 522
81 73 643
81 74 664
81 75 647
81 76 957
81 77 826
81 78 118
81 79 967
81 80 846
82 1 958
82 2 268
82 3 362
82 4 316
82 5 872
82 6 993
82 7 987
82 8 362
82 9 521
82 10 80
82 11 452
82 12 236
82 13 923
82 14 285
82 15 145
82 16 914
82 17 381
82 18 725
82 19 130
82 20 746
82 21 148
82 22 891
82 23 948
82 24 692
82 25 994
82 26 762
82 27 873
82 28 758
82 29 363
82 30 781
82 31 453
82 32 519
82 33 58
82 34 704
82 35 386
82 36 848
82 37 643
82 38 564
82 39 63
82 40 244
82 41 17
82 42 261
82 43 340
82 44 377
82 45 834
82 46 532
82 47 345
82 48 729
82 49 719
82 50 303
82 51 405
82 52 470
82 53 481
82 54 675
82 55 391
82 56 934
82 57 737
82 58 52
82 59 62
82 60 336
82 61 672
82 62 166
82 63 211
82 64 600
82 65 849
82 66 990
82 67 698
82 68 436
82 69 279
82 70 820
82 71 661
82 72 32
82 73 179
82 74 992
82 75 496
82 76 4
82 77 120
82 78 29
82 79 407
82 80 474
82 81 498
83 1 184
83 2 599
83 3 407
83 4 526
83 5 664
83 6 426
83 7 588
83 8 184
83 9 19
83 10 67
83 11 861
83 12 820
83 13 455
83 14 538
83 15 525
83 16 344
83 17 81
83 18 114
83 19 990
83 20 207
83 21 337
83 22 475
83 23 100
83 24 598
83 25 108
83 26 136
83 27 732
83 28 570
83 29 278
83 30 989
83 31 559
83 32 13
83 33 737
83 34 16
83 35 99
83 36 682
83 37 72
83 38 488
83 39 444
83 40 713
83 41 476
83 42 222
83 43 275
83 44 324
83 45 604
83 46 711
83 47 62
83 48 635
83 49 394
83 50 187
83 51 568
83 52 811
83 53 98
83 54 942
83 55 41
83 56 953
83 57 36
83 58 471
83 59 712
83 60 440
83 61 822
83 62 249
83 63 496
83 64 660
83 65 61
83 66 215
83 67 7
83 68 328
83 69 782
83 70 271
83 71 281
83 72 812
83 73 100
83 74 374
83 75 819
83 76 184
83 77 874
83 78 27
83 79 848
83 80 924
83 81 342
83 82 238
84 1 916
84 2 468
84 3 20
84 4 271
84 5 198
84 6 42
84 7 334
84 8 739
84 9 159
84 10 480
84 11 770
84 12 877
84 13 430
84 14 959
84 15 515
84 16 39
84 17 42
84 18 844
84 19 879
84 20 758
84 21 391
84 22 97
84 23 962
84 24 910
84 25 569
84 26 912
84 27 356
84 28 825
84 29 922
84 30 556
84 31 863
84 32 391
84 33 992
84 34 573
84 35 488
84 36 476
84 37 198
84 38 813
84 39 218
84 40 236
84 41 890
84 42 974
84 43 331
84 44 122
84 45 672
84 46 585
84 47 250
84 48 648
84 49 94
84 50 650
84 51 181
84 52 252
84 53 116
84 54 354
84 55 54
84 56 792
84 57 962
84 58 568
84 59 512
84 60 525
84 61 248
84 62 50
84 63 954
84 64 598
84 65 504
84 66 575
84 67 887
84 68 405
84 69 478
84 70 395
84 71 92
84 72 348
84 73 849
84 74 761
84 75 349
84 76 829
84 77 229
84 78 407
84 79 740
84 80 548
84 81 568
84 82 230
84 83 772
85 1 405
85 2 373
85 3 564
85 4 827
85 5 587
85 6 333
85 7 782
85 8 696
85 9 653
85 10 256
85 11 128
85 12 197
85 13 677
85 14 434
85 15 4
85 16 130
85 17 776
85 18 821
85 19 129
85 20 83
85 21 580
85 22 642
85 23 274
85 24 826
85 25 467
85 26 332
85 27 512
85 28 311
85 29 624
85 30 911
85 31 171
85 32 528
85 33 255
85 34 193
85 35 937
85 36 717
85 37 499
85 38 441
85 39 796
85 40 695
85 41 878
85 42 366
85 43 750
85 44 297
85 45 339
85 46 578
85 47 510
85 48 192
85 49 201
85 50 886
85 51 601
85 52 571
85 53 591
85 54 65
85 55 570
85 56 461
85 57 161
85 58 974
85 59 237
85 60 677
85 61 171
85 62 146
85 63 188
85 64 655
85 65 251
85 66 246
85 67 941
85 68 679
85 69 398
85 70 5
85 71 488
85 72 252
85 73 39
85 74 523
85 75 140
85 76 609
85 77 219
85 78 68
85 79 883
85 80 641
85 81 225
85 82 738
85 83 670
85 84 719
86 1 222
86 2 640
86 3 357
86 4 177
86 5 721
86 6 435
86 7 205
86 8 466
86 9 924
86 10 399
86 11 159
86 12 214
86 13 287
86 14 374
86 15 336
86 16 717
86 17 853
86 18 230
86 19 405
86 20 602
86 21 179
86 22 728
86 23 824
86 24 668
86 25 912
86 26 909
86 27 94
86 28 166
86 29 350
86 30 380
86 31 504
86 32 3
86 33 529
86 34 142
86 35 30
86 36 655
86 37 679
86 38 818
86 39 349
86 40 757
86 41 92
86 42 438
86 43 155
86 44 658
86 45 734
86 46 124
86 47 202
86 48 415
86 49 165
86 50 342
86 51 797
86 52 2
86 53 571
86 54 567
86 55 656
86 56 727
86 57 997
86 58 510
86 59 322
86 60 114
86 61 72
86 62 286
86 63 605
86 64 750
86 65 813
86 66 130
86 67 698
86 68 860
86 69 314
86 70 577
86 71 952
86 72 605
86 73 385
86 74 195
86 75 470
86 76 359
86 77 470
86 78 279
86 79 974
86 80 470
86 81 393
86 82 121
86 83 644
86 84 263
86 85 759
87 1 744
87 2 850
87 3 280
87 4 75
87 5 214
87 6 986
87 7 16
87 8 911
87 9 927
87 10 846
87 11 659
87 12 653
87 13 484
87 14 221
87 15 580
87 16 685
87 17 50
87 18 670
87 19 578
87 20 50
87 21 305
87 22 654
87 23 141
87 24 913
87 25 384
87 26 471
87 27 222
87 28 393
87 29 426
87 30 690
87 31 280
87 32 579
87 33 613
87 34 13
87 35 597
87 36 796
87 37 828
87 38 774
87 39 121
87 40 438
87 41 308
87 42 501
87 43 342
87 44 934
87 45 928
87 46 236
87 47 951
87 48 666
87 49 988
87 50 568
87 51 282
87 52 899
87 53 631
87 54 544
87 55 811
87 56 47
87 57 285
87 58 927
87 59 185
87 60 840
87 61 731
87 62 473
87 63 563
87 64 196
87 65 708
87 66 177
87 67 257
87 68 891
87 69 157
87 70 680
87 71 927
87 72 311
87 73 499
87 74 272
87 75 850
87 76 883
87 77 569
87 78 190
87 79 990
87 80 972
87 81 89
87 82 150
87 83 899
87 84 341
87 85 802
87 86 295
88 1 690
88 2 463
88 3 656
88 4 23
88 5 578
88 6 267
88 7 656
88 8 357
88 9 770
88 10 135
88 11 273
88 12 826
88 13 676
88 14 205
88 15 532
88 16 27
88 17 712
88 18 307
88 19 160
88 20 325
88 21 203
88 22 96
88 23 422
88 24 372
88 25 128
88 26 194
88 27 529
88 28 389
88 29 715
88 30 414
88 31 738
88 32 411
88 33 144
88 34 378
88 35 531
88 36 918
88 37 858
88 38 93
88 39 496
88 40 563
88 41 238
88 42 310
88 43 797
88 44 931
88 45 641
88 46 727
88 47 346
88 48 507
88 49 64
88 50 347
88 51 80
88 52 321
88 53 927
88 54 571
88 55 945
88 56 942
88 57 740
88 58 827
88 59 490
88 60 763
88 61 649
88 62 816
88 63 183
88 64 776
88 65 117
88 66 678
88 67 833
88 68 280
88 69 250
88 70 653
88 71 755
88 72 202
88 73 511
88 74 57
88 75 541
88 76 980
88 77 839
88 78 621
88 79 581
88 80 205
88 81 413
88 82 534
88 83 703
88 84 445
88 85 578
88 86 740
88 87 570
89 1 967
89 2 675
89 3 306
89 4 697
89 5 278
89 6 789
89 7 935
89 8 239
89 9 685
89 10 661
89 11 940
89 12 911
89 13 318
89 14 277
89 15 233
89 16 675
89 17 300
89 18 876
89 19 164
89 20 72
89 21 11
89 22 389
89 23 257
89 24 339
89 25 635
89 26 565
89 27 182
89 28 662
89 29 437
89 30 281
89 31 500
89 32 232
89 33 447
89 34 789
89 35 31
89 36 942
89 37 508
89 38 918
89 39 882
89 40 896
89 41 879
89 42 466
89 43 470
89 44 66
89 45 814
89 46 295
89 47 98
89 48 767
89 49 839
89 50 891
89 51 904
89 52 794
89 53 638
89 54 374
89 55 246
89 56 377
89 57 770
89 58 230
89 59 844
89 60 309
89 61 627
89 62 254
89 63 241
89 64 902
89 65 347
89 66 476
89 67 404
89 68 623
89 69 621
89 70 52
89 71 521
89 72 558
89 73 570
89 74 392
89 75 330
89 76 82
89 77 152
89 78 20
89 79 523
89 80 345
89 81 779
89 82 919
89 83 64
89 84 479
89 85 90
89 86 373
89 87 463
89 88 636
90 1 71
90 2 551
90 3 348
90 4 247
90 5 960
90 6 343
90 7 883
90 8 120
90 9 633
90 10 197
90 11 856
90 12 267
90 13 410
90 14 964
90 15 501
90 16 585
90 17 477
90 18 4
90 19 370
90 20 763
90 21 349
90 22 62
90 23 828
90 24 55
90 25 96
90 26 654
90 27 979
90 28 795
90 29 236
90 30 987
90 31 87
90 32 772
90 33 522
90 34 643
90 35 826
90 36 859
90 37 35
90 38 556
90 39 902
90 40 521
90 41 297
90 42 17
90 43 883
90 44 70
90 45 329
90 46 719
90 47 287
90 48 813
90 49 854
90 50 95
90 51 261
90 52 457
90 53 90
90 54 454
90 55 405
90 56 408
90 57 808
90 58 660
90 59 560
90 60 845
90 61 618
90 62 378
90 63 628
90 64 687
90 65 657
90 66 116
90 67 745
90 68 843
90 69 130
90 70 586
90 71 364
90 72 371
90 73 393
90 74 128
90 75 70
90 76 421
90 77 517
90 78 206
90 79 191
90 80 92
90 81 526
90 82 227
90 83 526
90 84 592
90 85 755
90 86 186
90 87 752
90 88 308
90 89 11
91 1 895
91 2 328
91 3 690
91 4 484
91 5 795
91 6 958
91 7 61
91 8 595
91 9 612
91 10 940
91 11 740
91 12 236
91 13 350
91 14 957
91 15 98
91 16 66
91 17 387
91 18 131
91 19 436
91 20 836
91 21 668
91 22 404
91 23 817
91 24 914
91 25 255
91 26 568
91 27 207
91 28 453
91 29 736
91 30 503
91 31 586
91 32 907
91 33 246
91 34 444
91 35 884
91 36 816
91 37 107
91 38 343
91 39 886
91 40 71
91 41 334
91 42 642
91 43 469
91 44 87
91 45 519
91 46 18
91 47 819
91 48 582
91 49 846
91 50 932
91 51 493
91 52 900
91 53 233
91 54 25
91 55 456
91 56 71
91 57 860
91 58 704
91 59 481
91 60 53
91 61 597
91 62 458
91 63 531
91 64 836
91 65 61
91 66 740
91 67 7
91 68 366
91 69 333
91 70 477
91 71 989
91 72 463
91 73 575
91 74 513
91 75 852
91 76 193
91 77 44
91 78 570
91 79 877
91 80 363
91 81 280
91 82 529
91 83 754
91 84 104
91 85 444
91 86 98
91 87 82
91 88 713
91 89 84
91 90 199
92 1 265
92 2 213
92 3 814
92 4 619
92 5 421
92 6 308
92 7 676
92 8 752
92 9 192
92 10 681
92 11 176
92 12 507
92 13 574
92 14 830
92 15 254
92 16 675
92 17 151
92 18 870
92 19 694
92 20 350
92 21 368
92 22 16
92 23 721
92 24 194
92 25 707
92 26 657
92 27 795
92 28 634
92 29 908
92 30 245
92 31 855
92 32 290
92 33 614
92 34 413
92 35 511
92 36 215
92 37 53
92 38 33
92 39 952
92 40 748
92 41 660
92 42 142
92 43 551
92 44 69
92 45 744
92 46 935
92 47 446
92 48 741
92 49 599
92 50 271
92 51 584
92 52 838
92 53 674
92 54 361
92 55 989
92 56 451
92 57 688
92 58 615
92 59 256
92 60 652
92 61 814
92 62 800
92 63 522
92 64 225
92 65 319
92 66 988
92 67 426
92 68 738
92 69 278
92 70 954
92 71 802
92 72 763
92 73 249
92 74 986
92 75 117
92 76 320
92 77 38
92 78 286
92 79 907
92 80 849
92 81 927
92 82 418
92 83 704
92 84 295
92 85 995
92 86 471
92 87 223
92 88 103
92 89 420
92 90 909
92 91 810
93 1 202
93 2 881
93 3 265
93 4 389
93 5 287
93 6 437
93 7 156
93 8 437
93 9 972
93 10 526
93 11 277
93 12 722
93 13 628
93 14 946
93 15 345
93 16 812
93 17 964
93 18 961
93 19 158
93 20 616
93 21 688
93 22 898
93 23 232
93 24 455
93 25 786
93 26 876
93 27 694
93 28 412
93 29 266
93 30 538
93 31 378
93 32 979
93 33 403
93 34 918
93 35 313
93 36 238
93 37 832
93 38 820
93 39 49
93 40 99
93 41 26
93 42 342
93 43 502
93 44 326
93 45 1000
93 46 419
93 47 275
93 48 377
93 49 290
93 50 513
93 51 630
93 52 297
93 53 536
93 54 840
93 55 568
93 56 178
93 57 220
93 58 746
93 59 689
93 60 926
93 61 398
93 62 124
93 63 801
93 64 359
93 65 470
93 66 999
93 67 437
93 68 870
93 69 315
93 70 651
93 71 749
93 72 172
93 73 361
93 74 919
93 75 455
93 76 875
93 77 397
93 78 546
93 79 784
93 80 895
93 81 199
93 82 723
93 83 615
93 84 956
93 85 285
93 86 173
93 87 240
93 88 685
93 89 372
93 90 440
93 91 457
93 92 48
94 1 333
94 2 236
94 3 926
94 4 150
94 5 745
94 6 991
94 7 976
94 8 627
94 9 325
94 10 974
94 11 314
94 12 151
94 13 828
94 14 621
94 15 318
94 16 806
94 17 227
94 18 950
94 19 869
94 20 317
94 21 233
94 22 178
94 23 889
94 24 409
94 25 478
94 26 944
94 27 58
94 28 789
94 29 922
94 30 739
94 31 371
94 32 505
94 33 311
94 34 443
94 35 504
94 36 689
94 37 733
94 38 86
94 39 153
94 40 931
94 41 613
94 42 221
94 43 811
94 44 803
94 45 692
94 46 525
94 47 664
94 48 269
94 49 818
94 50 525
94 51 541
94 52 995
94 53 613
94 54 557
94 55 126
94 56 813
94 57 333
94 58 357
94 59 855
94 60 839
94 61 483
94 62 896
94 63 208
94 64 1000
94 65 8
94 66 351
94 67 317
94 68 976
94 69 128
94 70 331
94 71 100
94 72 810
94 73 128
94 74 748
94 75 350
94 76 690
94 77 670
94 78 943
94 79 483
94 80 651
94 81 452
94 82 972
94 83 862
94 84 214
94 85 266
94 86 159
94 87 926
94 88 202
94 89 783
94 90 302
94 91 524
94 92 248
94 93 630
95 1 166
95 2 181
95 3 740
95 4 568
95 5 136
95 6 212
95 7 211
95 8 845
95 9 161
95 10 892
95 11 434
95 12 40
95 13 365
95 14 111
95 15 708
95 16 957
95 17 959
95 18 216
95 19 114
95 20 396
95 21 330
95 22 973
95 23 721
95 24 856
95 25 438
95 26 848
95 27 12
95 28 500
95 29 891
95 30 41
95 31 25
95 32 937
95 33 343
95 34 967
95 35 971
95 36 636
95 37 81
95 38 132
95 39 324
95 40 55
95 41 930
95 42 581
95 43 640
95 44 782
95 45 867
95 46 377
95 47 614
95 48 261
95 49 957
95 50 787
95 51 122
95 52 929
95 53 503
95 54 124
95 55 260
95 56 815
95 57 529
95 58 442
95 59 615
95 60 930
95 61 984
95 62 503
95 63 307
95 64 1
95 65 286
95 66 744
95 67 510
95 68 387
95 69 96
95 70 145
95 71 504
95 72 213
95 73 440
95 74 221
95 75 468
95 76 71
95 77 564
95 78 565
95 79 556
95 80 829
95 81 155
95 82 632
95 83 974
95 84 378
95 85 794
95 86 711
95 87 98
95 88 378
95 89 786
95 90 276
95 91 854
95 92 322
95 93 725
95 94 157
96 1 888
96 2 482
96 3 454
96 4 216
96 5 270
96 6 558
96 7 261
96 8 477
96 9 730
96 10 88
96 11 475
96 12 905
96 13 693
96 14 947
96 15 814
96 16 260
96 17 609
96 18 487
96 19 134
96 20 733
96 21 334
96 22 150
96 23 440
96 24 299
96 25 561
96 26 611
96 27 307
96 28 974
96 29 565
96 30 763
96 31 71
96 32 431
96 33 756
96 34 126
96 35 433
96 36 648
96 37 800
96 38 480
96 39 349
96 40 544
96 41 307
96 42 800
96 43 332
96 44 793
96 45 351
96 46 799
96 47 555
96 48 241
96 49 304
96 50 661
96 51 370
96 52 647
96 53 764
96 54 757
96 55 134
96 56 660
96 57 565
96 58 440
96 59 468
96 60 241
96 61 119
96 62 204
96 63 320
96 64 964
96 65 617
96 66 799
96 67 472
96 68 897
96 69 807
96 70 108
96 71 361
96 72 983
96 73 393
96 74 843
96 75 352
96 76 143
96 77 275
96 78 401
96 79 833
96 80 516
96 81 155
96 82 416
96 83 765
96 84 538
96 85 253
96 86 855
96 87 566
96 88 803
96 89 141
96 90 689
96 91 456
96 92 897
96 93 945
96 94 496
96 95 650
97 1 642
97 2 429
97 3 523
97 4 10
97 5 442
97 6 695
97 7 52
97 8 55
97 9 679
97 10 529
97 11 125
97 12 448
97 13 347
97 14 625
97 15 937
97 16 337
97 17 354
97 18 199
97 19 486
97 20 181
97 21 208
97 22 752
97 23 267
97 24 948
97 25 2
97 26 976
97 27 105
97 28 798
97 29 910
97 30 66
97 31 418
97 32 643
97 33 622
97 34 936
97 35 498
97 36 210
97 37 416
97 38 92
97 39 611
97 40 480
97 41 804
97 42 176
97 43 991
97 44 642
97 45 954
97 46 419
97 47 39
97 48 926
97 49 312
97 50 519
97 51 299
97 52 966
97 53 128
97 54 699
97 55 24
97 56 548
97 57 830
97 58 935
97 59 392
97 60 890
97 61 423
97 62 626
97 63 711
97 64 820
97 65 371
97 66 195
97 67 143
97 68 491
97 69 637
97 70 384
97 71 802
97 72 507
97 73 842
97 74 242
97 75 262
97 76 590
97 77 711
97 78 63
97 79 814
97 80 164
97 81 270
97 82 780
97 83 19
97 84 488
97 85 471
97 86 557
97 87 386
97 88 221
97 89 190
97 90 600
97 91 243
97 92 535
97 93 789
97 94 428
97 95 106
97 96 171
98 1 690
98 2 112
98 3 120
98 4 55
98 5 640
98 6 242
98 7 389
98 8 357
98 9 621
98 10 611
98 11 260
98 12 121
98 13 584
98 14 885
98 15 877
98 16 851
98 17 461
98 18 759
98 19 565
98 20 669
98 21 142
98 22 343
98 23 881
98 24 937
98 25 345
98 26 796
98 27 368
98 28 466
98 29 600
98 30 457
98 31 358
98 32 686
98 33 751
98 34 968
98 35 368
98 36 423
98 37 708
98 38 159
98 39 920
98 40 134
98 41 348
98 42 681
98 43 843
98 44 760
98 45 797
98 46 664
98 47 379
98 48 552
98 49 503
98 50 875
98 51 654
98 52 511
98 53 808
98 54 154
98 55 333
98 56 319
98 57 953
98 58 123
98 59 529
98 60 884
98 61 719
98 62 418
98 63 276
98 64 889
98 65 126
98 66 954
98 67 135
98 68 963
98 69 900
98 70 974
98 71 753
98 72 359
98 73 636
98 74 891
98 75 434
98 76 264
98 77 863
98 78 162
98 79 46
98 80 129
98 81 430
98 82 723
98 83 824
98 84 631
98 85 931
98 86 709
98 87 894
98 88 167
98 89 91
98 90 491
98 91 570
98 92 986
98 93 312
98 94 264
98 95 755
98 96 365
98 97 817
99 1 699
99 2 9
99 3 424
99 4 88
99 5 412
99 6 91
99 7 497
99 8 539
99 9 250
99 10 53
99 11 154
99 12 608
99 13 655
99 14 199
99 15 274
99 16 719
99 17 602
99 18 469
99 19 792
99 20 799
99 21 868
99 22 74
99 23 994
99 24 295
99 25 644
99 26 445
99 27 498
99 28 879
99 29 726
99 30 806
99 31 293
99 32 288
99 33 806
99 34 947
99 35 463
99 36 985
99 37 608
99 38 10
99 39 490
99 40 579
99 41 875
99 42 350
99 43 241
99 44 212
99 45 465
99 46 796
99 47 37
99 48 331
99 49 48
99 50 868
99 51 430
99 52 558
99 53 174
99 54 774
99 55 555
99 56 583
99 57 701
99 58 256
99 59 203
99 60 283
99 61 850
99 62 588
99 63 978
99 64 500
99 65 379
99 66 309
99 67 182
99 68 175
99 69 641
99 70 492
99 71 291
99 72 780
99 73 516
99 74 634
99 75 164
99 76 231
99 77 490
99 78 457
99 79 362
99 80 731
99 81 368
99 82 218
99 83 193
99 84 240
99 85 377
99 86 316
99 87 381
99 88 493
99 89 678
99 90 278
99 91 475
99 92 784
99 93 520
99 94 441
99 95 384
99 96 934
99 97 556
99 98 887
