100
2 1 213
3 1 153
3 2 46
4 1 609
4 2 621
4 3 837
5 1 193
5 2 852
5 3 840
5 4 754
6 1 267
6 2 329
6 3 547
6 4 690
6 5 579
7 1 365
7 2 780
7 3 59
7 4 737
7 5 228
7 6 342
8 1 492
8 2 247
8 3 899
8 4 269
8 5 976
8 6 812
8 7 568
9 1 195
9 2 454
9 3 274
9 4 852
9 5 663
9 6 979
9 7 376
9 8 997
10 1 714
10 2 835
10 3 811
10 4 561
10 5 303
10 6 225
10 7 222
10 8 336
10 9 375
11 1 427
11 2 112
11 3 510
11 4 658
11 5 527
11 6 851
11 7 331
11 8 491
11 9 129
11 10 219
12 1 759
12 2 258
12 3 657
12 4 175
12 5 886
12 6 230
12 7 126
12 8 808
12 9 99
12 10 908
12 11 520
13 1 632
13 2 265
13 3 153
13 4 157
13 5 702
13 6 426
13 7 691
13 8 654
13 9 212
13 10 763
13 11 800
13 12 391
14 1 535
14 2 837
14 3 251
14 4 590
14 5 892
14 6 354
14 7 807
14 8 391
14 9 83
14 10 957
14 11 868
14 12 558
14 13 985
15 1 812
15 2 54
15 3 684
15 4 749
15 5 976
15 6 811
15 7 38
15 8 891
15 9 805
15 10 352
15 11 420
15 12 714
15 13 919
15 14 484
16 1 660
16 2 764
16 3 455
16 4 167
16 5 637
16 6 244
16 7 633
16 8 845
16 9 951
16 10 592
16 11 878
16 12 877
16 13 618
16 14 660
16 15 1
17 1 629
17 2 431
17 3 180
17 4 198
17 5 60
17 6 848
17 7 467
17 8 871
17 9 836
17 10 556
17 11 547
17 12 522
17 13 326
17 14 70
17 15 143
17 16 219
18 1 16
18 2 9
18 3 233
18 4 403
18 5 176
18 6 932
18 7 87
18 8 24
18 9 838
18 10 837
18 11 16
18 12 266
18 13 402
18 14 742
18 15 230
18 16 372
18 17 441
19 1 937
19 2 538
19 3 306
19 4 516
19 5 814
19 6 802
19 7 279
19 8 72
19 9 391
19 10 345
19 11 366
19 12 724
19 13 910
19 14 765
19 15 742
19 16 509
19 17 144
19 18 830
20 1 279
20 2 920
20 3 284
20 4 403
20 5 505
20 6 770
20 7 538
20 8 594
20 9 190
20 10 234
20 11 824
20 12 568
20 13 53
20 14 604
20 15 183
20 16 711
20 17 347
20 18 597
20 19 788
21 1 93
21 2 329
21 3 270
21 4 684
21 5 409
21 6 865
21 7 856
21 8 638
21 9 863
21 10 671
21 11 103
21 12 715
21 13 655
21 14 960
21 15 912
21 16 478
21 17 44
21 18 471
21 19 359
21 20 931
22 1 153
22 2 164
22 3 402
22 4 579
22 5 974
22 6 61
22 7 852
22 8 245
22 9 255
22 10 3
22 11 413
22 12 512
22 13 215
22 14 317
22 15 871
22 16 934
22 17 276
22 18 653
22 19 730
22 20 372
22 21 260
23 1 490
23 2 884
23 3 108
23 4 727
23 5 68
23 6 119
23 7 601
23 8 412
23 9 752
23 10 528
23 11 16
23 12 947
23 13 78
23 14 148
23 15 912
23 16 305
23 17 979
23 18 385
23 19 705
23 20 659
23 21 965
23 22 44
24 1 804
24 2 605
24 3 237
24 4 38
24 5 526
24 6 925
24 7 7
24 8 77
24 9 185
24 10 354
24 11 511
24 12 920
24 13 985
24 14 15
24 15 494
24 16 990
24 17 579
24 18 488
24 19 140
24 20 438
24 21 447
24 22 689
24 23 724
25 1 954
25 2 445
25 3 5
25 4 484
25 5 896
25 6 182
25 7 382
25 8 459
25 9 568
25 10 81
25 11 296
25 12 312
25 13 689
25 14 262
25 15 809
25 16 369
25 17 389
25 18 634
25 19 143
25 20 411
25 21 290
25 22 803
25 23 472
25 24 935
26 1 491
26 2 705
26 3 866
26 4 920
26 5 520
26 6 60
26 7 580
26 8 332
26 9 574
26 10 53
26 11 135
26 12 881
26 13 608
26 14 860
26 15 877
26 16 783
26 17 96
26 18 892
26 19 949
26 20 524
26 21 525
26 22 897
26 23 887
26 24 888
26 25 942
27 1 291
27 2 262
27 3 758
27 4 115
27 5 357
27 6 63
27 7 420
27 8 134
27 9 170
27 10 779
27 11 405
27 12 505
27 13 407
27 14 343
27 15 99
27 16 69
27 17 392
27 18 409
27 19 637
27 20 299
27 21 23
27 22 627
27 23 833
27 24 798
27 25 455
27 26 880
28 1 148
28 2 64
28 3 664
28 4 655
28 5 944
28 6 836
28 7 279
28 8 8
28 9 546
28 10 592
28 11 301
28 12 796
28 13 846
28 14 8
28 15 597
28 16 135
28 17 465
28 18 454
28 19 289
28 20 255
28 21 720
28 22 833
28 23 430
28 24 220
28 25 904
28 26 339
28 27 582
29 1 177
29 2 638
29 3 941
29 4 179
29 5 95
29 6 282
29 7 670
29 8 811
29 9 175
29 10 679
29 11 20
29 12 797
29 13 378
29 14 722
29 15 20
29 16 689
29 17 758
29 18 506
29 19 812
29 20 568
29 21 547
29 22 59
29 23 794
29 24 281
29 25 174
29 26 920
29 27 629
29 28 981
30 1 674
30 2 59
30 3 716
30 4 612
30 5 161
30 6 887
30 7 913
30 8 205
30 9 322
30 10 377
30 11 588
30 12 127
30 13 111
30 14 533
30 15 326
30 16 654
30 17 97
30 18 723
30 19 835
30 20 496
30 21 141
30 22 620
30 23 885
30 24 160
30 25 363
30 26 763
30 27 343
30 28 269
30 29 574
31 1 986
31 2 616
31 3 233
31 4 621
31 5 230
31 6 74
31 7 876
31 8 337
31 9 465
31 10 260
31 11 927
31 12 38
31 13 770
31 14 970
31 15 477
31 16 756
31 17 773
31 18 500
31 19 801
31 20 647
31 21 2
31 22 643
31 23 160
31 24 274
31 25 870
31 26 236
31 27 473
31 28 700
31 29 306
31 30 346
32 1 981
32 2 576
32 3 297
32 4 384
32 5 281
32 6 686
32 7 828
32 8 735
32 9 364
32 10 615
32 11 983
32 12 715
32 13 534
32 14 504
32 15 214
32 16 910
32 17 333
32 18 63
32 19 22
32 20 232
32 21 861
32 22 302
32 23 562
32 24 245
32 25 103
32 26 659
32 27 927
32 28 579
32 29 163
32 30 470
32 31 100
33 1 505
33 2 515
33 3 976
33 4 855
33 5 981
33 6 660
33 7 299
33 8 82
33 9 740
33 10 819
33 11 93
33 12 307
33 13 228
33 14 531
33 15 796
33 16 411
33 17 475
33 18 302
33 19 682
33 20 794
33 21 189
33 22 660
33 23 159
33 24 488
33 25 676
33 26 270
33 27 996
33 28 984
33 29 360
33 30 972
33 31 419
33 32 769
34 1 8
34 2 871
34 3 280
34 4 817
34 5 950
34 6 872
34 7 730
34 8 563
34 9 872
34 10 268
34 11 84
34 12 90
34 13 1
34 14 279
34 15 833
34 16 542
34 17 734
34 18 661
34 19 983
34 20 23
34 21 45
34 22 761
34 23 166
34 24 473
34 25 229
34 26 657
34 27 217
34 28 290
34 29 791
34 30 259
34 31 149
34 32 681
34 33 564
35 1 485
35 2 735
35 3 25
35 4 354
35 5 920
35 6 115
35 7 723
35 8 695
35 9 557
35 10 147
35 11 305
35 12 514
35 13 521
35 14 412
35 15 796
35 16 791
35 17 887
35 18 94
35 19 593
35 20 512
35 21 991
35 22 157
35 23 358
35 24 491
35 25 842
35 26 519
35 27 674
35 28 881
35 29 532
35 30 159
35 31 482
35 32 432
35 33 757
35 34 355
36 1 542
36 2 813
36 3 839
36 4 492
36 5 421
36 6 577
36 7 881
36 8 122
36 9 775
36 10 561
36 11 913
36 12 237
36 13 905
36 14 819
36 15 187
36 16 929
36 17 875
36 18 373
36 19 975
36 20 880
36 21 655
36 22 372
36 23 517
36 24 392
36 25 85
36 26 465
36 27 982
36 28 867
36 29 624
36 30 451
36 31 584
36 32 962
36 33 175
36 34 531
36 35 228
37 1 829
37 2 457
37 3 727
37 4 311
37 5 159
37 6 704
37 7 278
37 8 559
37 9 953
37 10 676
37 11 83
37 12 30
37 13 219
37 14 249
37 15 511
37 16 668
37 17 31
37 18 83
37 19 139
37 20 19
37 21 652
37 22 116
37 23 239
37 24 8
37 25 650
37 26 898
37 27 74
37 28 892
37 29 206
37 30 15
37 31 328
37 32 780
37 33 56
37 34 102
37 35 226
37 36 333
38 1 748
38 2 210
38 3 177
38 4 539
38 5 174
38 6 516
38 7 981
38 8 681
38 9 547
38 10 645
38 11 943
38 12 884
38 13 284
38 14 98
38 15 444
38 16 862
38 17 473
38 18 541
38 19 789
38 20 753
38 21 867
38 22 964
38 23 400
38 24 165
38 25 607
38 26 960
38 27 673
38 28 812
38 29 99
38 30 628
38 31 56
38 32 371
38 33 753
38 34 853
38 35 174
38 36 442
38 37 513
39 1 970
39 2 68
39 3 727
39 4 372
39 5 67
39 6 848
39 7 827
39 8 322
39 9 423
39 10 355
39 11 265
39 12 416
39 13 840
39 14 619
39 15 634
39 16 897
39 17 883
39 18 200
39 19 977
39 20 576
39 21 254
39 22 715
39 23 798
39 24 906
39 25 843
39 26 131
39 27 325
39 28 441
39 29 169
39 30 625
39 31 896
39 32 620
39 33 249
39 34 91
39 35 612
39 36 70
39 37 129
39 38 601
40 1 624
40 2 869
40 3 581
40 4 391
40 5 690
40 6 462
40 7 738
40 8 191
40 9 875
40 10 165
40 11 648
40 12 954
40 13 525
40 14 454
40 15 13
40 16 313
40 17 903
40 18 484
40 19 618
40 20 331
40 21 98
40 22 515
40 23 201
40 24 351
40 25 100
40 26 207
40 27 763
40 28 19
40 29 167
40 30 954
40 31 581
40 32 802
40 33 858
40 34 720
40 35 426
40 36 551
40 37 366
40 38 43
40 39 729
41 1 948
41 2 32
41 3 178
41 4 716
41 5 878
41 6 158
41 7 542
41 8 757
41 9 66
41 10 508
41 11 926
41 12 422
41 13 531
41 14 130
41 15 143
41 16 29
41 17 674
41 18 357
41 19 80
41 20 648
41 21 75
41 22 143
41 23 317
41 24 848
41 25 309
41 26 94
41 27 773
41 28 674
41 29 344
41 30 825
41 31 72
41 32 611
41 33 347
41 34 534
41 35 552
41 36 540
41 37 958
41 38 909
41 39 128
41 40 943
42 1 348
42 2 746
42 3 443
42 4 851
42 5 632
42 6 926
42 7 992
42 8 302
42 9 447
42 10 599
42 11 175
42 12 302
42 13 767
42 14 739
42 15 453
42 16 552
42 17 270
42 18 414
42 19 63
42 20 433
42 21 822
42 22 429
42 23 977
42 24 16
42 25 894
42 26 206
42 27 46
42 28 96
42 29 982
42 30 27
42 31 522
42 32 496
42 33 338
42 34 32
42 35 397
42 36 159
42 37 596
42 38 590
42 39 258
42 40 769
42 41 85
43 1 928
43 2 583
43 3 916
43 4 917
43 5 135
43 6 695
43 7 52
43 8 150
43 9 948
43 10 786
43 11 736
43 12 612
43 13 908
43 14 728
43 15 944
43 16 172
43 17 803
43 18 593
43 19 419
43 20 566
43 21 507
43 22 87
43 23 339
43 24 48
43 25 593
43 26 332
43 27 790
43 28 471
43 29 358
43 30 694
43 31 811
43 32 597
43 33 136
43 34 584
43 35 3
43 36 696
43 37 25
43 38 443
43 39 968
43 40 768
43 41 404
43 42 340
44 1 72
44 2 943
44 3 882
44 4 874
44 5 290
44 6 873
44 7 543
44 8 329
44 9 133
44 10 192
44 11 623
44 12 268
44 13 925
44 14 358
44 15 1000
44 16 3
44 17 911
44 18 429
44 19 122
44 20 649
44 21 970
44 22 615
44 23 248
44 24 680
44 25 927
44 26 654
44 27 145
44 28 197
44 29 718
44 30 324
44 31 601
44 32 347
44 33 918
44 34 684
44 35 403
44 36 568
44 37 377
44 38 827
44 39 636
44 40 628
44 41 980
44 42 236
44 43 457
45 1 627
45 2 767
45 3 46
45 4 703
45 5 410
45 6 940
45 7 790
45 8 970
45 9 92
45 10 485
45 11 428
45 12 44
45 13 623
45 14 442
45 15 748
45 16 806
45 17 587
45 18 45
45 19 431
45 20 999
45 21 689
45 22 265
45 23 369
45 24 475
45 25 602
45 26 489
45 27 39
45 28 815
45 29 129
45 30 353
45 31 996
45 32 431
45 33 870
45 34 972
45 35 820
45 36 554
45 37 825
45 38 77
45 39 60
45 40 711
45 41 646
45 42 818
45 43 12
45 44 593
46 1 448
46 2 216
46 3 379
46 4 425
46 5 404
46 6 552
46 7 148
46 8 228
46 9 541
46 10 158
46 11 233
46 12 596
46 13 439
46 14 401
46 15 714
46 16 870
46 17 772
46 18 830
46 19 731
46 20 841
46 21 882
46 22 769
46 23 347
46 24 346
46 25 831
46 26 842
46 27 960
46 28 409
46 29 619
46 30 186
46 31 60
46 32 787
46 33 505
46 34 365
46 35 419
46 36 57
46 37 633
46 38 228
46 39 9
46 40 624
46 41 398
46 42 221
46 43 238
46 44 279
46 45 242
47 1 907
47 2 293
47 3 178
47 4 823
47 5 698
47 6 685
47 7 383
47 8 755
47 9 43
47 10 287
47 11 341
47 12 344
47 13 597
47 14 454
47 15 914
47 16 36
47 17 98
47 18 17
47 19 869
47 20 488
47 21 985
47 22 242
47 23 925
47 24 483
47 25 985
47 26 58
47 27 759
47 28 108
47 29 188
47 30 109
47 31 593
47 32 904
47 33 359
47 34 480
47 35 230
47 36 912
47 37 493
47 38 121
47 39 689
47 40 821
47 41 866
47 42 323
47 43 801
47 44 652
47 45 82
47 46 785
48 1 393
48 2 670
48 3 877
48 4 106
48 5 966
48 6 469
48 7 680
48 8 761
48 9 951
48 10 417
48 11 186
48 12 874
48 13 968
48 14 904
48 15 439
48 16 365
48 17 686
48 18 84
48 19 189
48 20 277
48 21 170
48 22 61
48 23 524
48 24 355
48 25 856
48 26 686
48 27 24
48 28 191
48 29 519
48 30 441
48 31 947
48 32 503
48 33 861
48 34 72
48 35 199
48 36 365
48 37 618
48 38 927
48 39 99
48 40 449
48 41 289
48 42 187
48 43 178
48 44 608
48 45 886
48 46 433
48 47 526
49 1 346
49 2 322
49 3 235
49 4 447
49 5 13
49 6 320
49 7 713
49 8 409
49 9 782
49 10 978
49 11 253
49 12 556
49 13 714
49 14 353
49 15 828
49 16 282
49 17 498
49 18 712
49 19 603
49 20 622
49 21 672
49 22 313
49 23 779
49 24 462
49 25 382
49 26 856
49 27 862
49 28 820
49 29 12
49 30 975
49 31 791
49 32 709
49 33 248
49 34 409
49 35 634
49 36 331
49 37 377
49 38 714
49 39 768
49 40 603
49 41 911
49 42 675
49 43 764
49 44 276
49 45 830
49 46 754
49 47 394
49 48 147
50 1 31
50 2 251
50 3 466
50 4 115
50 5 783
50 6 15
50 7 414
50 8 92
50 9 260
50 10 861
50 11 859
50 12 17
50 13 471
50 14 59
50 15 552
50 16 483
50 17 155
50 18 532
50 19 416
50 20 715
50 21 447
50 22 631
50 23 610
50 24 931
50 25 394
50 26 628
50 27 821
50 28 314
50 29 627
50 30 299
50 31 213
50 32 106
50 33 765
50 34 226
50 35 736
50 36 590
50 37 358
50 38 697
50 39 721
50 40 948
50 41 445
50 42 338
50 43 977
50 44 254
50 45 32
50 46 850
50 47 798
50 48 111
50 49 66
51 1 483
51 2 606
51 3 684
51 4 723
51 5 119
51 6 143
51 7 120
51 8 60
51 9 108
51 10 426
51 11 638
51 12 371
51 13 222
51 14 884
51 15 755
51 16 794
51 17 356
51 18 392
51 19 438
51 20 994
51 21 869
51 22 123
51 23 158
51 24 991
51 25 677
51 26 425
51 27 119
51 28 437
51 29 486
51 30 151
51 31 158
51 32 931
51 33 793
51 34 145
51 35 63
51 36 157
51 37 535
51 38 817
51 39 329
51 40 943
51 41 509
51 42 6
51 43 593
51 44 539
51 45 944
51 46 562
51 47 258
51 48 679
51 49 867
51 50 349
52 1 52
52 2 257
52 3 117
52 4 607
52 5 544
52 6 671
52 7 157
52 8 858
52 9 843
52 10 157
52 11 55
52 12 807
52 13 16
52 14 678
52 15 264
52 16 928
52 17 950
52 18 186
52 19 73
52 20 662
52 21 679
52 22 317
52 23 874
52 24 448
52 25 428
52 26 850
52 27 606
52 28 989
52 29 871
52 30 476
52 31 19
52 32 488
52 33 366
52 34 711
52 35 623
52 36 754
52 37 159
52 38 14
52 39 473
52 40 401
52 41 825
52 42 416
52 43 134
52 44 564
52 45 442
52 46 248
52 47 498
52 48 829
52 49 245
52 50 761
52 51 292
53 1 320
53 2 786
53 3 723
53 4 434
53 5 126
53 6 825
53 7 295
53 8 600
53 9 528
53 10 481
53 11 767
53 12 638
53 13 687
53 14 381
53 15 954
53 16 708
53 17 773
53 18 817
53 19 333
53 20 271
53 21 689
53 22 168
53 23 230
53 24 313
53 25 855
53 26 83
53 27 623
53 28 430
53 29 739
53 30 184
53 31 381
53 32 652
53 33 73
53 34 294
53 35 2
53 36 134
53 37 939
53 38 438
53 39 170
53 40 99
53 41 188
53 42 133
53 43 693
53 44 652
53 45 853
53 46 699
53 47 642
53 48 354
53 49 530
53 50 622
53 51 757
53 52 678
54 1 889
54 2 206
54 3 433
54 4 730
54 5 776
54 6 14
54 7 860
54 8 859
54 9 590
54 10 868
54 11 122
54 12 42
54 13 878
54 14 402
54 15 330
54 16 166
54 17 336
54 18 418
54 19 107
54 20 590
54 21 663
54 22 560
54 23 985
54 24 615
54 25 954
54 26 52
54 27 528
54 28 740
54 29 580
54 30 503
54 31 262
54 32 834
54 33 740
54 34 38
54 35 712
54 36 603
54 37 124
54 38 262
54 39 122
54 40 979
54 41 392
54 42 794
54 43 668
54 44 313
54 45 397
54 46 398
54 47 242
54 48 498
54 49 349
54 50 943
54 51 104
54 52 403
54 53 357
55 1 719
55 2 993
55 3 242
55 4 47
55 5 837
55 6 487
55 7 771
55 8 199
55 9 739
55 10 703
55 11 420
55 12 577
55 13 59
55 14 635
55 15 758
55 16 420
55 17 344
55 18 705
55 19 910
55 20 260
55 21 390
55 22 345
55 23 810
55 24 28
55 25 190
55 26 668
55 27 411
55 28 627
55 29 756
55 30 557
55 31 244
55 32 419
55 33 318
55 34 720
55 35 942
55 36 315
55 37 644
55 38 551
55 39 613
55 40 413
55 41 499
55 42 844
55 43 195
55 44 368
55 45 490
55 46 683
55 47 165
55 48 947
55 49 794
55 50 75
55 51 231
55 52 449
55 53 541
55 54 148
56 1 899
56 2 934
56 3 837
56 4 966
56 5 22
56 6 463
56 7 691
56 8 291
56 9 727
56 10 773
56 11 349
56 12 852
56 13 345
56 14 93
56 15 787
56 16 940
56 17 219
56 18 32
56 19 366
56 20 392
56 21 522
56 22 741
56 23 909
56 24 283
56 25 463
56 26 779
56 27 693
56 28 897
56 29 508
56 30 382
56 31 123
56 32 777
56 33 505
56 34 78
56 35 79
56 36 947
56 37 822
56 38 828
56 39 204
56 40 592
56 41 902
56 42 149
56 43 619
56 44 790
56 45 837
56 46 901
56 47 838
56 48 90
56 49 865
56 50 681
56 51 872
56 52 22
56 53 902
56 54 18
56 55 786
57 1 839
57 2 496
57 3 809
57 4 207
57 5 64
57 6 827
57 7 685
57 8 536
57 9 666
57 10 635
57 11 254
57 12 873
57 13 912
57 14 206
57 15 402
57 16 909
57 17 239
57 18 790
57 19 114
57 20 281
57 21 679
57 22 89
57 23 475
57 24 155
57 25 688
57 26 676
57 27 827
57 28 25
57 29 417
57 30 504
57 31 244
57 32 9
57 33 760
57 34 846
57 35 786
57 36 111
57 37 733
57 38 328
57 39 214
57 40 231
57 41 12
57 42 919
57 43 113
57 44 915
57 45 681
57 46 1
57 47 605
57 48 103
57 49 531
57 50 913
57 51 103
57 52 367
57 53 442
57 54 588
57 55 801
57 56 416
58 1 701
58 2 164
58 3 817
58 4 848
58 5 292
58 6 697
58 7 220
58 8 420
58 9 496
58 10 355
58 11 341
58 12 323
58 13 352
58 14 731
58 15 89
58 16 245
58 17 810
58 18 131
58 19 203
58 20 182
58 21 624
58 22 999
58 23 626
58 24 301
58 25 324
58 26 822
58 27 454
58 28 315
58 29 812
58 30 172
58 31 140
58 32 150
58 33 410
58 34 754
58 35 904
58 36 903
58 37 430
58 38 581
58 39 534
58 40 340
58 41 565
58 42 668
58 43 22
58 44 437
58 45 693
58 46 869
58 47 723
58 48 730
58 49 882
58 50 729
58 51 991
58 52 456
58 53 691
58 54 492
58 55 459
58 56 769
58 57 58
59 1 633
59 2 432
59 3 505
59 4 358
59 5 556
59 6 67
59 7 265
59 8 438
59 9 316
59 10 280
59 11 824
59 12 709
59 13 518
59 14 592
59 15 108
59 16 588
59 17 757
59 18 323
59 19 252
59 20 882
59 21 224
59 22 858
59 23 485
59 24 910
59 25 381
59 26 902
59 27 857
59 28 448
59 29 795
59 30 930
59 31 51
59 32 791
59 33 557
59 34 269
59 35 788
59 36 521
59 37 866
59 38 496
59 39 584
59 40 782
59 41 698
59 42 109
59 43 851
59 44 136
59 45 665
59 46 649
59 47 608
59 48 316
59 49 451
59 50 718
59 51 303
59 52 432
59 53 451
59 54 590
59 55 489
59 56 466
59 57 496
59 58 344
60 1 376
60 2 103
60 3 788
60 4 731
60 5 501
60 6 228
60 7 429
60 8 186
60 9 18
60 10 644
60 11 170
60 12 714
60 13 373
60 14 844
60 15 256
60 16 553
60 17 358
60 18 880
60 19 502
60 20 839
60 21 800
60 22 666
60 23 975
60 24 688
60 25 394
60 26 276
60 27 914
60 28 404
60 29 428
60 30 43
60 31 760
60 32 746
60 33 404
60 34 540
60 35 435
60 36 448
60 37 817
60 38 753
60 39 242
60 40 433
60 41 581
60 42 5
60 43 11
60 44 412
60 45 873
60 46 467
60 47 387
60 48 811
60 49 386
60 50 298
60 51 365
60 52 211
60 53 250
60 54 749
60 55 473
60 56 756
60 57 128
60 58 792
60 59 214
61 1 206
61 2 230
61 3 85
61 4 663
61 5 581
61 6 265
61 7 349
61 8 327
61 9 596
61 10 570
61 11 461
61 12 675
61 13 314
61 14 930
61 15 844
61 16 934
61 17 718
61 18 832
61 19 959
61 20 57
61 21 143
61 22 174
61 23 970
61 24 979
61 25 754
61 26 667
61 27 901
61 28 544
61 29 516
61 30 438
61 31 839
61 32 725
61 33 350
61 34 595
61 35 24
61 36 30
61 37 404
61 38 745
61 39 859
61 40 206
61 41 648
61 42 737
61 43 189
61 44 630
61 45 220
61 46 112
61 47 396
61 48 21
61 49 222
61 50 34
61 51 127
61 52 334
61 53 905
61 54 690
61 55 731
61 56 985
61 57 431
61 58 428
61 59 717
61 60 771
62 1 666
62 2 122
62 3 790
62 4 120
62 5 675
62 6 526
62 7 303
62 8 557
62 9 881
62 10 627
62 11 166
62 12 496
62 13 68
62 14 229
62 15 548
62 16 756
62 17 664
62 18 304
62 19 926
62 20 421
62 21 17
62 22 833
62 23 312
62 24 922
62 25 580
62 26 162
62 27 700
62 28 477
62 29 213
62 30 112
62 31 80
62 32 254
62 33 36
62 34 366
62 35 557
62 36 906
62 37 530
62 38 862
62 39 415
62 40 337
62 41 820
62 42 217
62 43 170
62 44 840
62 45 338
62 46 426
62 47 950
62 48 985
62 49 304
62 50 340
62 51 755
62 52 880
62 53 720
62 54 685
62 55 414
62 56 687
62 57 809
62 58 610
62 59 310
62 60 527
62 61 106
63 1 32
63 2 192
63 3 141
63 4 626
63 5 286
63 6 628
63 7 953
63 8 813
63 9 806
63 10 927
63 11 392
63 12 202
63 13 881
63 14 598
63 15 625
63 16 996
63 17 705
63 18 646
63 19 63
63 20 984
63 21 245
63 22 293
63 23 275
63 24 511
63 25 675
63 26 928
63 27 192
63 28 421
63 29 376
63 30 345
63 31 721
63 32 183
63 33 765
63 34 609
63 35 158
63 36 628
63 37 448
63 38 95
63 39 26
63 40 992
63 41 458
63 42 519
63 43 207
63 44 213
63 45 571
63 46 44
63 47 517
63 48 661
63 49 975
63 50 752
63 51 79
63 52 758
63 53 765
63 54 73
63 55 144
63 56 161
63 57 51
63 58 973
63 59 227
63 60 466
63 61 657
63 62 963
64 1 687
64 2 619
64 3 681
64 4 267
64 5 140
64 6 466
64 7 410
64 8 686
64 9 316
64 10 147
64 11 347
64 12 8
64 13 261
64 14 274
64 15 362
64 16 993
64 17 991
64 18 68
64 19 204
64 20 282
64 21 997
64 22 923
64 23 897
64 24 778
64 25 214
64 26 62
64 27 754
64 28 325
64 29 339
64 30 246
64 31 35
64 32 736
64 33 630
64 34 717
64 35 481
64 36 514
64 37 565
64 38 820
64 39 244
64 40 799
64 41 974
64 42 994
64 43 962
64 44 384
64 45 554
64 46 74
64 47 976
64 48 857
64 49 863
64 50 98
64 51 955
64 52 179
64 53 191
64 54 53
64 55 425
64 56 274
64 57 938
64 58 263
64 59 954
64 60 444
64 61 366
64 62 345
64 63 9
65 1 675
65 2 860
65 3 943
65 4 720
65 5 147
65 6 81
65 7 664
65 8 74
65 9 527
65 10 637
65 11 918
65 12 281
65 13 839
65 14 144
65 15 601
65 16 319
65 17 6
65 18 819
65 19 808
65 20 911
65 21 349
65 22 969
65 23 27
65 24 444
65 25 643
65 26 24
65 27 494
65 28 573
65 29 513
65 30 968
65 31 660
65 32 525
65 33 262
65 34 322
65 35 954
65 36 345
65 37 437
65 38 42
65 39 291
65 40 604
65 41 696
65 42 963
65 43 7
65 44 307
65 45 800
65 46 674
65 47 172
65 48 11
65 49 794
65 50 949
65 51 466
65 52 413
65 53 687
65 54 112
65 55 62
65 56 899
65 57 211
65 58 963
65 59 206
65 60 823
65 61 460
65 62 155
65 63 436
65 64 508
66 1 484
66 2 134
66 3 634
66 4 222
66 5 161
66 6 37
66 7 348
66 8 650
66 9 891
66 10 162
66 11 77
66 12 593
66 13 957
66 14 905
66 15 463
66 16 917
66 17 596
66 18 278
66 19 577
66 20 986
66 21 111
66 22 397
66 23 743
66 24 110
66 25 582
66 26 564
66 27 593
66 28 735
66 29 996
66 30 820
66 31 292
66 32 394
66 33 864
66 34 110
66 35 120
66 36 669
66 37 638
66 38 418
66 39 867
66 40 669
66 41 493
66 42 525
66 43 712
66 44 780
66 45 300
66 46 246
66 47 546
66 48 675
66 49 840
66 50 295
66 51 919
66 52 874
66 53 596
66 54 139
66 55 55
66 56 307
66 57 668
66 58 486
66 59 631
66 60 689
66 61 644
66 62 274
66 63 255
66 64 660
66 65 488
67 1 296
67 2 837
67 3 987
67 4 753
67 5 838
67 6 295
67 7 297
67 8 703
67 9 959
67 10 287
67 11 120
67 12 142
67 13 289
67 14 914
67 15 235
67 16 31
67 17 485
67 18 572
67 19 568
67 20 199
67 21 709
67 22 415
67 23 160
67 24 719
67 25 764
67 26 106
67 27 946
67 28 771
67 29 770
67 30 794
67 31 357
67 32 42
67 33 502
67 34 528
67 35 991
67 36 996
67 37 778
67 38 526
67 39 870
67 40 579
67 41 514
67 42 5
67 43 17
67 44 160
67 45 334
67 46 514
67 47 380
67 48 790
67 49 864
67 50 948
67 51 340
67 52 95
67 53 79
67 54 703
67 55 308
67 56 359
67 57 348
67 58 643
67 59 182
67 60 617
67 61 40
67 62 845
67 63 638
67 64 837
67 65 829
67 66 285
68 1 543
68 2 487
68 3 77
68 4 931
68 5 965
68 6 66
68 7 918
68 8 924
68 9 551
68 10 417
68 11 927
68 12 781
68 13 268
68 14 881
68 15 503
68 16 827
68 17 773
68 18 610
68 19 341
68 20 290
68 21 897
68 22 610
68 23 626
68 24 743
68 25 14
68 26 329
68 27 824
68 28 846
68 29 293
68 30 848
68 31 204
68 32 579
68 33 80
68 34 9
68 35 467
68 36 393
68 37 926
68 38 24
68 39 106
68 40 992
68 41 10
68 42 400
68 43 386
68 44 665
68 45 953
68 46 243
68 47 68
68 48 382
68 49 291
68 50 244
68 51 248
68 52 75
68 53 102
68 54 930
68 55 961
68 56 807
68 57 538
68 58 990
68 59 402
68 60 769
68 61 279
68 62 739
68 63 911
68 64 295
68 65 147
68 66 43
68 67 102
69 1 333
69 2 397
69 3 263
69 4 751
69 5 74
69 6 427
69 7 48
69 8 334
69 9 666
69 10 925
69 11 23
69 12 341
69 13 215
69 14 694
69 15 711
69 16 739
69 17 512
69 18 666
69 19 240
69 20 222
69 21 175
69 22 852
69 23 652
69 24 124
69 25 150
69 26 248
69 27 894
69 28 118
69 29 759
69 30 929
69 31 792
69 32 89
69 33 745
69 34 849
69 35 575
69 36 797
69 37 990
69 38 102
69 39 784
69 40 233
69 41 864
69 42 636
69 43 605
69 44 763
69 45 386
69 46 686
69 47 967
69 48 471
69 49 642
69 50 427
69 51 957
69 52 310
69 53 151
69 54 595
69 55 367
69 56 943
69 57 118
69 58 85
69 59 455
69 60 416
69 61 773
69 62 781
69 63 220
69 64 20
69 65 226
69 66 121
69 67 761
69 68 989
70 1 538
70 2 143
70 3 545
70 4 908
70 5 948
70 6 31
70 7 641
70 8 954
70 9 444
70 10 405
70 11 239
70 12 355
70 13 125
70 14 851
70 15 25
70 16 696
70 17 36
70 18 472
70 19 217
70 20 946
70 21 431
70 22 431
70 23 345
70 24 343
70 25 643
70 26 760
70 27 78
70 28 505
70 29 7
70 30 939
70 31 664
70 32 405
70 33 531
70 34 989
70 35 816
70 36 89
70 37 250
70 38 85
70 39 85
70 40 253
70 41 461
70 42 958
70 43 60
70 44 81
70 45 271
70 46 563
70 47 946
70 48 947
70 49 162
70 50 792
70 51 346
70 52 882
70 53 505
70 54 222
70 55 305
70 56 918
70 57 212
70 58 156
70 59 937
70 60 699
70 61 985
70 62 459
70 63 204
70 64 987
70 65 826
70 66 946
70 67 660
70 68 931
70 69 777
71 1 327
71 2 222
71 3 244
71 4 59
71 5 952
71 6 296
71 7 653
71 8 72
71 9 877
71 10 812
71 11 262
71 12 921
71 13 992
71 14 993
71 15 698
71 16 442
71 17 216
71 18 922
71 19 172
71 20 891
71 21 23
71 22 218
71 23 837
71 24 753
71 25 787
71 26 402
71 27 70
71 28 356
71 29 718
71 30 747
71 31 553
71 32 237
71 33 374
71 34 700
71 35 288
71 36 446
71 37 21
71 38 183
71 39 919
71 40 231
71 41 329
71 42 335
71 43 1000
71 44 794
71 45 173
71 46 520
71 47 68
71 48 68
71 49 525
71 50 662
71 51 681
71 52 691
71 53 710
71 54 228
71 55 764
71 56 633
71 57 521
71 58 419
71 59 918
71 60 161
71 61 936
71 62 389
71 63 568
71 64 78
71 65 465
71 66 561
71 67 57
71 68 443
71 69 362
71 70 354
72 1 104
72 2 196
72 3 208
72 4 879
72 5 209
72 6 387
72 7 630
72 8 444
72 9 924
72 10 958
72 11 144
72 12 901
72 13 96
72 14 252
72 15 394
72 16 184
72 17 465
72 18 707
72 19 273
72 20 580
72 21 252
72 22 419
72 23 690
72 24 568
72 25 609
72 26 512
72 27 989
72 28 273
72 29 64
72 30 518
72 31 264
72 32 869
72 33 338
72 34 189
72 35 86
72 36 492
72 37 164
72 38 459
72 39 382
72 40 471
72 41 987
72 42 471
72 43 488
72 44 956
72 45 672
72 46 876
72 47 609
72 48 248
72 49 599
72 50 845
72 51 208
72 52 412
72 53 780
72 54 478
72 55 64
72 56 971
72 57 868
72 58 552
72 59 17
72 60 758
72 61 190
72 62 815
72 63 640
72 64 252
72 65 189
72 66 240
72 67 349
72 68 935
72 69 893
72 70 954
72 71 707
73 1 525
73 2 300
73 3 779
73 4 919
73 5 115
73 6 803
73 7 559
73 8 779
73 9 561
73 10 28
73 11 742
73 12 568
73 13 671
73 14 733
73 15 886
73 16 660
73 17 16
73 18 622
73 19 39
73 20 833
73 21 430
73 22 223
73 23 188
73 24 556
73 25 515
73 26 195
73 27 213
73 28 731
73 29 716
73 30 709
73 31 33
73 32 667
73 33 779
73 34 758
73 35 900
73 36 276
73 37 672
73 38 550
73 39 20
73 40 747
73 41 269
73 42 348
73 43 944
73 44 211
73 45 372
73 46 390
73 47 423
73 48 135
73 49 887
73 50 766
73 51 674
73 52 467
73 53 218
73 54 382
73 55 231
73 56 766
73 57 198
73 58 396
73 59 844
73 60 844
73 61 118
73 62 743
73 63 103
73 64 647
73 65 686
73 66 637
73 67 729
73 68 410
73 69 953
73 70 175
73 71 735
73 72 309
74 1 557
74 2 423
74 3 881
74 4 134
74 5 826
74 6 616
74 7 134
74 8 732
74 9 568
74 10 343
74 11 53
74 12 223
74 13 605
74 14 853
74 15 307
74 16 241
74 17 389
74 18 861
74 19 768
74 20 706
74 21 235
74 22 474
74 23 851
74 24 879
74 25 12
74 26 131
74 27 67
74 28 715
74 29 351
74 30 670
74 31 964
74 32 744
74 33 680
74 34 912
74 35 901
74 36 10
74 37 667
74 38 387
74 39 357
74 40 807
74 41 864
74 42 77
74 43 692
74 44 215
74 45 653
74 46 319
74 47 584
74 48 701
74 49 767
74 50 223
74 51 551
74 52 277
74 53 998
74 54 260
74 55 276
74 56 978
74 57 868
74 58 879
74 59 657
74 60 654
74 61 357
74 62 292
74 63 787
74 64 344
74 65 996
74 66 806
74 67 297
74 68 719
74 69 881
74 70 325
74 71 755
74 72 365
74 73 446
75 1 905
75 2 65
75 3 892
75 4 37
75 5 490
75 6 61
75 7 143
75 8 626
75 9 211
75 10 721
75 11 988
75 12 210
75 13 870
75 14 714
75 15 470
75 16 736
75 17 495
75 18 209
75 19 297
75 20 590
75 21 87
75 22 134
75 23 948
75 24 991
75 25 953
75 26 340
75 27 877
75 28 844
75 29 230
75 30 349
75 31 588
75 32 870
75 33 504
75 34 630
75 35 575
75 36 78
75 37 635
75 38 604
75 39 379
75 40 906
75 41 178
75 42 800
75 43 273
75 44 576
75 45 16
75 46 878
75 47 327
75 48 507
75 49 103
75 50 436
75 51 849
75 52 828
75 53 430
75 54 813
75 55 471
75 56 319
75 57 593
75 58 311
75 59 366
75 60 349
75 61 606
75 62 548
75 63 370
75 64 616
75 65 826
75 66 862
75 67 986
75 68 771
75 69 115
75 70 973
75 71 561
75 72 228
75 73 633
75 74 336
76 1 99
76 2 732
76 3 880
76 4 882
76 5 495
76 6 507
76 7 868
76 8 85
76 9 180
76 10 41
76 11 549
76 12 544
76 13 435
76 14 828
76 15 888
76 16 531
76 17 872
76 18 635
76 19 201
76 20 181
76 21 842
76 22 116
76 23 630
76 24 286
76 25 779
76 26 818
76 27 910
76 28 857
76 29 716
76 30 924
76 31 775
76 32 932
76 33 497
76 34 281
76 35 652
76 36 277
76 37 427
76 38 532
76 39 522
76 40 965
76 41 361
76 42 421
76 43 61
76 44 993
76 45 504
76 46 589
76 47 456
76 48 393
76 49 406
76 50 425
76 51 527
76 52 528
76 53 910
76 54 786
76 55 8
76 56 504
76 57 69
76 58 657
76 59 155
76 60 904
76 61 274
76 62 67
76 63 20
76 64 278
76 65 97
76 66 822
76 67 57
76 68 78
76 69 612
76 70 876
76 71 904
76 72 980
76 73 187
76 74 412
76 75 500
77 1 796
77 2 10
77 3 934
77 4 898
77 5 395
77 6 845
77 7 949
77 8 402
77 9 350
77 10 782
77 11 56
77 12 924
77 13 231
77 14 969
77 15 498
77 16 668
77 17 749
77 18 603
77 19 503
77 20 538
77 21 185
77 22 654
77 23 977
77 24 885
77 25 800
77 26 111
77 27 365
77 28 482
77 29 164
77 30 719
77 31 746
77 32 853
77 33 597
77 34 487
77 35 483
77 36 330
77 37 165
77 38 459
77 39 984
77 40 475
77 41 920
77 42 501
77 43 406
77 44 737
77 45 324
77 46 117
77 47 351
77 48 484
77 49 51
77 50 536
77 51 883
77 52 777
77 53 612
77 54 583
77 55 431
77 56 525
77 57 486
77 58 82
77 59 386
77 60 891
77 61 704
77 62 805
77 63 467
77 64 84
77 65 76
77 66 203
77 67 174
77 68 918
77 69 501
77 70 439
77 71 878
77 72 758
77 73 60
77 74 476
77 75 390
77 76 738
78 1 812
78 2 208
78 3 55
78 4 382
78 5 519
78 6 908
78 7 692
78 8 1
78 9 699
78 10 488
78 11 955
78 12 498
78 13 739
78 14 316
78 15 920
78 16 461
78 17 980
78 18 619
78 19 970
78 20 672
78 21 981
78 22 688
78 23 298
78 24 405
78 25 396
78 26 436
78 27 583
78 28 160
78 29 162
78 30 13
78 31 672
78 32 680
78 33 931
78 34 524
78 35 314
78 36 422
78 37 947
78 38 81
78 39 283
78 40 816
78 41 800
78 42 695
78 43 442
78 44 982
78 45 754
78 46 768
78 47 572
78 48 750
78 49 591
78 50 186
78 51 25
78 52 137
78 53 160
78 54 272
78 55 527
78 56 645
78 57 71
78 58 84
78 59 691
78 60 14
78 61 230
78 62 844
78 63 57
78 64 308
78 65 151
78 66 469
78 67 726
78 68 470
78 69 245
78 70 480
78 71 907
78 72 705
78 73 511
78 74 783
78 75 938
78 76 349
78 77 346
79 1 82
79 2 605
79 3 73
79 4 385
79 5 920
79 6 815
79 7 577
79 8 589
79 9 606
79 10 949
79 11 132
79 12 6
79 13 538
79 14 459
79 15 612
79 16 902
79 17 665
79 18 521
79 19 892
79 20 210
79 21 97
79 22 814
79 23 735
79 24 465
79 25 120
79 26 743
79 27 558
79 28 705
79 29 114
79 30 670
79 31 694
79 32 989
79 33 134
79 34 966
79 35 36
79 36 497
79 37 148
79 38 961
79 39 194
79 40 408
79 41 203
79 42 94
79 43 533
79 44 972
79 45 1
79 46 843
79 47 736
79 48 490
79 49 659
79 50 242
79 51 755
79 52 143
79 53 643
79 54 57
79 55 296
79 56 841
79 57 141
79 58 933
79 59 202
79 60 560
79 61 365
79 62 80
79 63 366
79 64 836
79 65 551
79 66 322
79 67 66
79 68 374
79 69 648
79 70 559
79 71 828
79 72 950
79 73 964
79 74 970
79 75 220
79 76 62
79 77 257
79 78 530
80 1 185
80 2 3
80 3 32
80 4 634
80 5 808
80 6 316
80 7 58
80 8 924
80 9 636
80 10 812
80 11 339
80 12 607
80 13 933
80 14 591
80 15 60
80 16 857
80 17 500
80 18 762
80 19 249
80 20 90
80 21 939
80 22 807
80 23 174
80 24 206
80 25 486
80 26 771
80 27 711
80 28 92
80 29 796
80 30 722
80 31 201
80 32 966
80 33 312
80 34 183
80 35 544
80 36 373
80 37 80
80 38 457
80 39 535
80 40 899
80 41 171
80 42 60
80 43 694
80 44 923
80 45 49
80 46 682
80 47 99
80 48 965
80 49 548
80 50 385
80 51 965
80 52 466
80 53 318
80 54 966
80 55 993
80 56 35
80 57 876
80 58 682
80 59 716
80 60 512
80 61 635
80 62 783
80 63 372
80 64 392
80 65 551
80 66 536
80 67 39
80 68 434
80 69 249
80 70 683
80 71 45
80 72 522
80 73 784
80 74 534
80 75 905
80 76 88
80 77 379
80 78 117
80 79 292
81 1 679
81 2 810
81 3 105
81 4 784
81 5 460
81 6 280
81 7 426
81 8 411
81 9 745
81 10 938
81 11 782
81 12 236
81 13 855
81 14 406
81 15 491
81 16 485
81 17 873
81 18 951
81 19 362
81 20 978
81 21 120
81 22 173
81 23 538
81 24 865
81 25 409
81 26 353
81 27 488
81 28 919
81 29 398
81 30 816
81 31 613
81 32 889
81 33 609
81 34 966
81 35 131
81 36 673
81 37 923
81 38 846
81 39 205
81 40 310
81 41 632
81 42 372
81 43 487
81 44 41
81 45 344
81 46 606
81 47 537
81 48 957
81 49 326
81 50 705
81 51 788
81 52 966
81 53 90
81 54 420
81 55 18
81 56 111
81 57 293
81 58 284
81 59 511
81 60 461
81 61 265
81 62 845
81 63 346
81 64 110
81 65 740
81 66 606
81 67 513
81 68 12
81 69 584
81 70 516
81 71 787
81 72 672
81 73 621
81 74 174
81 75 564
81 76 947
81 77 838
81 78 94
81 79 94
81 80 444
82 1 558
82 2 683
82 3 794
82 4 290
82 5 396
82 6 804
82 7 605
82 8 268
82 9 48
82 10 43
82 11 553
82 12 571
82 13 249
82 14 79
82 15 989
82 16 680
82 17 456
82 18 762
82 19 175
82 20 123
82 21 75
82 22 798
82 23 160
82 24 119
82 25 296
82 26 163
82 27 158
82 28 347
82 29 855
82 30 618
82 31 841
82 32 370
82 33 291
82 34 963
82 35 254
82 36 444
82 37 511
82 38 909
82 39 299
82 40 723
82 41 726
82 42 687
82 43 963
82 44 127
82 45 88
82 46 787
82 47 738
82 48 354
82 49 576
82 50 439
82 51 942
82 52 807
82 53 966
82 54 738
82 55 844
82 56 435
82 57 932
82 58 514
82 59 827
82 60 741
82 61 612
82 62 349
82 63 998
82 64 459
82 65 197
82 66 361
82 67 957
82 68 663
82 69 359
82 70 627
82 71 650
82 72 295
82 73 584
82 74 393
82 75 515
82 76 385
82 77 732
82 78 425
82 79 346
82 80 457
82 81 383
83 1 148
83 2 578
83 3 868
83 4 796
83 5 455
83 6 924
83 7 105
83 8 526
83 9 290
83 10 571
83 11 269
83 12 50
83 13 413
83 14 360
83 15 265
83 16 928
83 17 962
83 18 644
83 19 455
83 20 350
83 21 687
83 22 784
83 23 765
83 24 118
83 25 992
83 26 445
83 27 502
83 28 372
83 29 169
83 30 153
83 31 405
83 32 655
83 33 435
83 34 810
83 35 649
83 36 101
83 37 669
83 38 78
83 39 842
83 40 830
83 41 972
83 42 866
83 43 240
83 44 867
83 45 421
83 46 320
83 47 702
83 48 145
83 49 656
83 50 40
83 51 132
83 52 409
83 53 183
83 54 442
83 55 410
83 56 91
83 57 498
83 58 474
83 59 73
83 60 473
83 61 446
83 62 118
83 63 245
83 64 698
83 65 411
83 66 364
83 67 562
83 68 451
83 69 234
83 70 614
83 71 120
83 72 379
83 73 992
83 74 692
83 75 668
83 76 552
83 77 997
83 78 910
83 79 581
83 80 556
83 81 662
83 82 879
84 1 338
84 2 5
84 3 109
84 4 2
84 5 533
84 6 569
84 7 642
84 8 850
84 9 661
84 10 803
84 11 466
84 12 850
84 13 181
84 14 374
84 15 287
84 16 996
84 17 618
84 18 477
84 19 668
84 20 494
84 21 702
84 22 525
84 23 262
84 24 565
84 25 797
84 26 412
84 27 316
84 28 825
84 29 134
84 30 938
84 31 64
84 32 944
84 33 585
84 34 188
84 35 892
84 36 521
84 37 994
84 38 947
84 39 400
84 40 367
84 41 325
84 42 466
84 43 748
84 44 640
84 45 109
84 46 137
84 47 904
84 48 521
84 49 961
84 50 903
84 51 685
84 52 372
84 53 177
84 54 466
84 55 705
84 56 571
84 57 637
84 58 605
84 59 629
84 60 457
84 61 551
84 62 178
84 63 341
84 64 91
84 65 780
84 66 615
84 67 917
84 68 757
84 69 742
84 70 986
84 71 528
84 72 407
84 73 157
84 74 933
84 75 660
84 76 488
84 77 143
84 78 60
84 79 263
84 80 844
84 81 397
84 82 577
84 83 725
85 1 620
85 2 486
85 3 281
85 4 790
85 5 393
85 6 491
85 7 173
85 8 800
85 9 928
85 10 507
85 11 294
85 12 900
85 13 285
85 14 761
85 15 584
85 16 62
85 17 205
85 18 343
85 19 839
85 20 88
85 21 965
85 22 808
85 23 74
85 24 942
85 25 143
85 26 154
85 27 869
85 28 57
85 29 994
85 30 926
85 31 504
85 32 490
85 33 364
85 34 457
85 35 956
85 36 59
85 37 347
85 38 491
85 39 69
85 40 832
85 41 116
85 42 695
85 43 475
85 44 602
85 45 626
85 46 823
85 47 63
85 48 231
85 49 127
85 50 518
85 51 83
85 52 986
85 53 683
85 54 22
85 55 185
85 56 243
85 57 125
85 58 292
85 59 972
85 60 200
85 61 155
85 62 273
85 63 875
85 64 467
85 65 511
85 66 334
85 67 419
85 68 661
85 69 408
85 70 127
85 71 194
85 72 400
85 73 692
85 74 360
85 75 109
85 76 300
85 77 386
85 78 253
85 79 725
85 80 883
85 81 584
85 82 667
85 83 755
85 84 497
86 1 879
86 2 166
86 3 26
86 4 649
86 5 762
86 6 525
86 7 493
86 8 365
86 9 695
86 10 418
86 11 101
86 12 467
86 13 781
86 14 307
86 15 570
86 16 883
86 17 246
86 18 776
86 19 422
86 20 383
86 21 149
86 22 825
86 23 811
86 24 366
86 25 38
86 26 861
86 27 976
86 28 561
86 29 466
86 30 404
86 31 377
86 32 799
86 33 581
86 34 763
86 35 846
86 36 215
86 37 219
86 38 167
86 39 300
86 40 508
86 41 198
86 42 132
86 43 840
86 44 152
86 45 743
86 46 47
86 47 314
86 48 677
86 49 253
86 50 239
86 51 637
86 52 397
86 53 832
86 54 27
86 55 462
86 56 223
86 57 286
86 58 507
86 59 985
86 60 428
86 61 523
86 62 90
86 63 992
86 64 507
86 65 555
86 66 21
86 67 420
86 68 498
86 69 529
86 70 408
86 71 38
86 72 401
86 73 495
86 74 502
86 75 33
86 76 568
86 77 838
86 78 235
86 79 588
86 80 199
86 81 579
86 82 266
86 83 761
86 84 322
86 85 971
87 1 43
87 2 230
87 3 877
87 4 97
87 5 640
87 6 721
87 7 795
87 8 400
87 9 360
87 10 192
87 11 197
87 12 341
87 13 366
87 14 75
87 15 85
87 16 626
87 17 848
87 18 163
87 19 166
87 20 698
87 21 467
87 22 932
87 23 674
87 24 419
87 25 94
87 26 398
87 27 334
87 28 159
87 29 90
87 30 785
87 31 836
87 32 711
87 33 627
87 34 611
87 35 448
87 36 734
87 37 821
87 38 979
87 39 655
87 40 663
87 41 655
87 42 152
87 43 946
87 44 278
87 45 972
87 46 724
87 47 128
87 48 376
87 49 27
87 50 966
87 51 804
87 52 227
87 53 345
87 54 134
87 55 876
87 56 774
87 57 919
87 58 844
87 59 229
87 60 746
87 61 959
87 62 801
87 63 945
87 64 144
87 65 739
87 66 455
87 67 700
87 68 784
87 69 259
87 70 413
87 71 210
87 72 832
87 73 756
87 74 658
87 75 855
87 76 540
87 77 295
87 78 898
87 79 872
87 80 604
87 81 955
87 82 612
87 83 726
87 84 845
87 85 370
87 86 607
88 1 559
88 2 165
88 3 608
88 4 158
88 5 826
88 6 943
88 7 667
88 8 34
88 9 517
88 10 341
88 11 73
88 12 997
88 13 576
88 14 191
88 15 343
88 16 566
88 17 406
88 18 416
88 19 315
88 20 142
88 21 587
88 22 167
88 23 598
88 24 773
88 25 187
88 26 132
88 27 647
88 28 166
88 29 286
88 30 687
88 31 217
88 32 729
88 33 612
88 34 853
88 35 197
88 36 729
88 37 389
88 38 233
88 39 84
88 40 874
88 41 808
88 42 381
88 43 595
88 44 891
88 45 722
88 46 289
88 47 170
88 48 906
88 49 463
88 50 938
88 51 383
88 52 710
88 53 895
88 54 93
88 55 490
88 56 207
88 57 101
88 58 807
88 59 650
88 60 628
88 61 311
88 62 292
88 63 538
88 64 312
88 65 967
88 66 133
88 67 387
88 68 138
88 69 41
88 70 10
88 71 689
88 72 904
88 73 1000
88 74 384
88 75 67
88 76 239
88 77 28
88 78 831
88 79 78
88 80 849
88 81 405
88 82 971
88 83 943
88 84 175
88 85 151
88 86 181
88 87 453
89 1 768
89 2 330
89 3 530
89 4 575
89 5 960
89 6 632
89 7 633
89 8 490
89 9 638
89 10 126
89 11 364
89 12 77
89 13 188
89 14 291
89 15 613
89 16 97
89 17 933
89 18 725
89 19 543
89 20 583
89 21 623
89 22 151
89 23 19
89 24 177
89 25 799
89 26 596
89 27 168
89 28 442
89 29 89
89 30 884
89 31 251
89 32 371
89 33 766
89 34 808
89 35 291
89 36 631
89 37 123
89 38 616
89 39 151
89 40 269
89 41 487
89 42 694
89 43 998
89 44 894
89 45 935
89 46 567
89 47 352
89 48 598
89 49 28
89 50 604
89 51 152
89 52 99
89 53 138
89 54 49
89 55 538
89 56 881
89 57 173
89 58 263
89 59 291
89 60 322
89 61 771
89 62 304
89 63 113
89 64 68
89 65 282
89 66 221
89 67 199
89 68 155
89 69 102
89 70 696
89 71 784
89 72 638
89 73 173
89 74 906
89 75 618
89 76 727
89 77 722
89 78 745
89 79 546
89 80 680
89 81 545
89 82 770
89 83 641
89 84 964
89 85 419
89 86 514
89 87 588
89 88 437
90 1 435
90 2 35
90 3 247
90 4 551
90 5 341
90 6 838
90 7 601
90 8 833
90 9 203
90 10 537
90 11 511
90 12 140
90 13 940
90 14 905
90 15 998
90 16 463
90 17 568
90 18 167
90 19 961
90 20 257
90 21 204
90 22 685
90 23 547
90 24 566
90 25 161
90 26 407
90 27 605
90 28 451
90 29 676
90 30 702
90 31 910
90 32 459
90 33 126
90 34 471
90 35 114
90 36 155
90 37 753
90 38 658
90 39 596
90 40 954
90 41 252
90 42 536
90 43 668
90 44 772
90 45 772
90 46 404
90 47 820
90 48 239
90 49 140
90 50 572
90 51 953
90 52 485
90 53 388
90 54 756
90 55 778
90 56 743
90 57 900
90 58 275
90 59 835
90 60 289
90 61 725
90 62 663
90 63 824
90 64 458
90 65 897
90 66 591
90 67 176
90 68 745
90 69 820
90 70 216
90 71 67
90 72 249
90 73 18
90 74 342
90 75 321
90 76 956
90 77 852
90 78 16
90 79 869
90 80 625
90 81 980
90 82 448
90 83 744
90 84 269
90 85 656
90 86 374
90 87 760
90 88 493
90 89 173
91 1 245
91 2 353
91 3 195
91 4 16
91 5 873
91 6 256
91 7 373
91 8 540
91 9 407
91 10 951
91 11 56
91 12 251
91 13 772
91 14 97
91 15 597
91 16 988
91 17 956
91 18 366
91 19 852
91 20 586
91 21 754
91 22 386
91 23 973
91 24 837
91 25 877
91 26 731
91 27 850
91 28 800
91 29 526
91 30 143
91 31 425
91 32 802
91 33 830
91 34 436
91 35 401
91 36 668
91 37 768
91 38 768
91 39 103
91 40 16
91 41 456
91 42 227
91 43 471
91 44 682
91 45 927
91 46 913
91 47 471
91 48 577
91 49 784
91 50 973
91 51 401
91 52 563
91 53 356
91 54 265
91 55 861
91 56 144
91 57 233
91 58 597
91 59 388
91 60 55
91 61 308
91 62 743
91 63 5
91 64 55
91 65 714
91 66 656
91 67 192
91 68 499
91 69 270
91 70 596
91 71 36
91 72 490
91 73 331
91 74 88
91 75 556
91 76 702
91 77 152
91 78 921
91 79 464
91 80 164
91 81 172
91 82 621
91 83 860
91 84 588
91 85 814
91 86 86
91 87 622
91 88 56
91 89 709
91 90 338
92 1 489
92 2 126
92 3 452
92 4 563
92 5 90
92 6 676
92 7 285
92 8 903
92 9 431
92 10 56
92 11 323
92 12 672
92 13 585
92 14 361
92 15 208
92 16 948
92 17 592
92 18 891
92 19 322
92 20 736
92 21 827
92 22 115
92 23 933
92 24 122
92 25 333
92 26 708
92 27 905
92 28 146
92 29 879
92 30 474
92 31 851
92 32 294
92 33 738
92 34 223
92 35 859
92 36 835
92 37 457
92 38 915
92 39 167
92 40 423
92 41 95
92 42 649
92 43 421
92 44 663
92 45 714
92 46 294
92 47 386
92 48 585
92 49 102
92 50 847
92 51 248
92 52 211
92 53 996
92 54 824
92 55 884
92 56 661
92 57 302
92 58 252
92 59 724
92 60 488
92 61 71
92 62 83
92 63 89
92 64 183
92 65 232
92 66 89
92 67 129
92 68 44
92 69 333
92 70 563
92 71 749
92 72 844
92 73 801
92 74 379
92 75 142
92 76 998
92 77 472
92 78 248
92 79 808
92 80 164
92 81 386
92 82 217
92 83 203
92 84 471
92 85 124
92 86 734
92 87 370
92 88 819
92 89 155
92 90 852
92 91 214
93 1 934
93 2 990
93 3 377
93 4 266
93 5 131
93 6 108
93 7 36
93 8 94
93 9 963
93 10 930
93 11 978
93 12 718
93 13 212
93 14 344
93 15 171
93 16 676
93 17 902
93 18 524
93 19 513
93 20 601
93 21 277
93 22 53
93 23 732
93 24 458
93 25 945
93 26 613
93 27 379
93 28 801
93 29 612
93 30 723
93 31 483
93 32 696
93 33 119
93 34 308
93 35 695
93 36 172
93 37 702
93 38 75
93 39 970
93 40 347
93 41 681
93 42 973
93 43 123
93 44 589
93 45 18
93 46 222
93 47 805
93 48 359
93 49 423
93 50 682
93 51 735
93 52 601
93 53 970
93 54 548
93 55 235
93 56 813
93 57 393
93 58 644
93 59 406
93 60 182
93 61 517
93 62 806
93 63 490
93 64 404
93 65 516
93 66 108
93 67 251
93 68 75
93 69 930
93 70 949
93 71 428
93 72 776
93 73 639
93 74 233
93 75 590
93 76 238
93 77 231
93 78 172
93 79 949
93 80 205
93 81 469
93 82 437
93 83 951
93 84 888
93 85 774
93 86 686
93 87 711
93 88 127
93 89 940
93 90 712
93 91 611
93 92 642
94 1 502
94 2 708
94 3 619
94 4 12
94 5 472
94 6 421
94 7 164
94 8 248
94 9 353
94 10 179
94 11 604
94 12 93
94 13 655
94 14 59
94 15 635
94 16 431
94 17 331
94 18 697
94 19 186
94 20 433
94 21 835
94 22 488
94 23 621
94 24 316
94 25 739
94 26 184
94 27 324
94 28 847
94 29 108
94 30 150
94 31 969
94 32 966
94 33 65
94 34 767
94 35 50
94 36 169
94 37 238
94 38 750
94 39 490
94 40 508
94 41 39
94 42 381
94 43 386
94 44 366
94 45 963
94 46 904
94 47 212
94 48 357
94 49 338
94 50 600
94 51 49
94 52 1
94 53 234
94 54 276
94 55 657
94 56 43
94 57 460
94 58 192
94 59 442
94 60 544
94 61 848
94 62 669
94 63 666
94 64 131
94 65 256
94 66 884
94 67 427
94 68 26
94 69 999
94 70 605
94 71 255
94 72 739
94 73 621
94 74 869
94 75 382
94 76 550
94 77 235
94 78 865
94 79 996
94 80 159
94 81 842
94 82 516
94 83 52
94 84 139
94 85 332
94 86 513
94 87 452
94 88 64
94 89 115
94 90 820
94 91 672
94 92 441
94 93 565
95 1 881
95 2 131
95 3 828
95 4 715
95 5 58
95 6 889
95 7 772
95 8 907
95 9 33
95 10 481
95 11 430
95 12 327
95 13 186
95 14 955
95 15 19
95 16 622
95 17 207
95 18 424
95 19 464
95 20 38
95 21 441
95 22 717
95 23 878
95 24 776
95 25 717
95 26 919
95 27 744
95 28 492
95 29 675
95 30 889
95 31 946
95 32 159
95 33 836
95 34 63
95 35 4
95 36 700
95 37 916
95 38 103
95 39 163
95 40 114
95 41 153
95 42 225
95 43 202
95 44 13
95 45 636
95 46 251
95 47 98
95 48 776
95 49 897
95 50 720
95 51 917
95 52 756
95 53 263
95 54 614
95 55 579
95 56 226
95 57 736
95 58 515
95 59 343
95 60 20
95 61 392
95 62 270
95 63 181
95 64 46
95 65 551
95 66 467
95 67 383
95 68 117
95 69 241
95 70 294
95 71 51
95 72 796
95 73 680
95 74 602
95 75 341
95 76 190
95 77 814
95 78 233
95 79 589
95 80 889
95 81 134
95 82 927
95 83 709
95 84 489
95 85 295
95 86 381
95 87 469
95 88 387
95 89 288
95 90 274
95 91 555
95 92 803
95 93 159
95 94 322
96 1 515
96 2 199
96 3 543
96 4 684
96 5 5
96 6 557
96 7 509
96 8 276
96 9 920
96 10 194
96 11 464
96 12 824
96 13 327
96 14 61
96 15 138
96 16 712
96 17 311
96 18 720
96 19 883
96 20 940
96 21 108
96 22 429
96 23 808
96 24 764
96 25 171
96 26 40
96 27 485
96 28 839
96 29 32
96 30 649
96 31 254
96 32 916
96 33 97
96 34 172
96 35 356
96 36 421
96 37 753
96 38 320
96 39 415
96 40 484
96 41 412
96 42 636
96 43 14
96 44 226
96 45 371
96 46 548
96 47 378
96 48 377
96 49 624
96 50 626
96 51 404
96 52 536
96 53 996
96 54 495
96 55 556
96 56 646
96 57 233
96 58 73
96 59 369
96 60 496
96 61 922
96 62 100
96 63 577
96 64 316
96 65 382
96 66 133
96 67 98
96 68 783
96 69 887
96 70 452
96 71 409
96 72 5
96 73 864
96 74 577
96 75 37
96 76 298
96 77 939
96 78 323
96 79 193
96 80 825
96 81 963
96 82 596
96 83 783
96 84 406
96 85 393
96 86 366
96 87 313
96 88 76
96 89 659
96 90 511
96 91 442
96 92 200
96 93 395
96 94 469
96 95 176
97 1 213
97 2 668
97 3 898
97 4 967
97 5 304
97 6 572
97 7 773
97 8 222
97 9 608
97 10 833
97 11 623
97 12 962
97 13 719
97 14 287
97 15 844
97 16 657
97 17 597
97 18 369
97 19 279
97 20 464
97 21 187
97 22 993
97 23 511
97 24 404
97 25 302
97 26 445
97 27 549
97 28 195
97 29 608
97 30 177
97 31 865
97 32 782
97 33 752
97 34 621
97 35 960
97 36 786
97 37 980
97 38 411
97 39 909
97 40 402
97 41 779
97 42 634
97 43 565
97 44 476
97 45 384
97 46 994
97 47 380
97 48 790
97 49 203
97 50 21
97 51 20
97 52 782
97 53 489
97 54 692
97 55 222
97 56 232
97 57 803
97 58 105
97 59 584
97 60 642
97 61 112
97 62 80
97 63 226
97 64 340
97 65 569
97 66 815
97 67 520
97 68 532
97 69 298
97 70 979
97 71 324
97 72 842
97 73 747
97 74 864
97 75 411
97 76 53
97 77 439
97 78 489
97 79 47
97 80 93
97 81 159
97 82 765
97 83 884
97 84 490
97 85 932
97 86 122
97 87 642
97 88 812
97 89 318
97 90 205
97 91 243
97 92 851
97 93 871
97 94 534
97 95 352
97 96 539
98 1 817
98 2 255
98 3 519
98 4 870
98 5 266
98 6 348
98 7 350
98 8 313
98 9 519
98 10 940
98 11 418
98 12 485
98 13 310
98 14 585
98 15 836
98 16 77
98 17 15
98 18 650
98 19 694
98 20 293
98 21 175
98 22 183
98 23 801
98 24 305
98 25 879
98 26 893
98 27 419
98 28 473
98 29 837
98 30 118
98 31 936
98 32 345
98 33 200
98 34 910
98 35 668
98 36 679
98 37 449
98 38 625
98 39 220
98 40 995
98 41 911
98 42 626
98 43 121
98 44 417
98 45 738
98 46 10
98 47 649
98 48 795
98 49 387
98 50 451
98 51 61
98 52 382
98 53 944
98 54 568
98 55 642
98 56 542
98 57 842
98 58 432
98 59 296
98 60 275
98 61 792
98 62 91
98 63 593
98 64 530
98 65 4
98 66 250
98 67 482
98 68 589
98 69 996
98 70 477
98 71 98
98 72 9
98 73 576
98 74 565
98 75 363
98 76 872
98 77 802
98 78 938
98 79 324
98 80 373
98 81 987
98 82 210
98 83 410
98 84 958
98 85 70
98 86 304
98 87 56
98 88 564
98 89 918
98 90 729
98 91 386
98 92 672
98 93 377
98 94 924
98 95 893
98 96 204
98 97 126
99 1 769
99 2 310
99 3 510
99 4 673
99 5 667
99 6 109
99 7 944
99 8 41
99 9 812
99 10 331
99 11 789
99 12 961
99 13 518
99 14 669
99 15 538
99 16 657
99 17 760
99 18 18
99 19 771
99 20 512
99 21 273
99 22 913
99 23 147
99 24 205
99 25 868
99 26 559
99 27 258
99 28 122
99 29 830
99 30 392
99 31 350
99 32 109
99 33 522
99 34 363
99 35 162
99 36 896
99 37 585
99 38 374
99 39 394
99 40 731
99 41 361
99 42 583
99 43 548
99 44 76
99 45 411
99 46 496
99 47 157
99 48 399
99 49 259
99 50 42
99 51 645
99 52 397
99 53 751
99 54 90
99 55 333
99 56 217
99 57 641
99 58 69
99 59 334
99 60 478
99 61 298
99 62 664
99 63 347
99 64 172
99 65 653
99 66 750
99 67 608
99 68 757
99 69 774
99 70 37
99 71 488
99 72 9
99 73 683
99 74 84
99 75 506
99 76 447
99 77 314
99 78 647
99 79 760
99 80 404
99 81 722
99 82 551
99 83 14
99 84 44
99 85 936
99 86 508
99 87 967
99 88 918
99 89 76
99 90 595
99 91 443
99 92 852
99 93 618
99 94 328
99 95 511
99 96 238
99 97 930
99 98 508
