100
2 1 784
3 1 60
3 2 469
4 1 300
4 2 416
4 3 197
5 1 252
5 2 229
5 3 525
5 4 842
6 1 498
6 2 31
6 3 76
6 4 87
6 5 550
7 1 556
7 2 449
7 3 999
7 4 480
7 5 156
7 6 222
8 1 752
8 2 975
8 3 263
8 4 902
8 5 631
8 6 421
8 7 88
9 1 617
9 2 970
9 3 272
9 4 631
9 5 32
9 6 351
9 7 122
9 8 450
10 1 968
10 2 617
10 3 77
10 4 883
10 5 507
10 6 528
10 7 333
10 8 651
10 9 564
11 1 116
11 2 64
11 3 42
11 4 195
11 5 65
11 6 18
11 7 128
11 8 135
11 9 673
11 10 440
12 1 682
12 2 327
12 3 219
12 4 204
12 5 755
12 6 439
12 7 800
12 8 283
12 9 103
12 10 628
12 11 949
13 1 935
13 2 896
13 3 60
13 4 616
13 5 234
13 6 409
13 7 919
13 8 302
13 9 825
13 10 634
13 11 941
13 12 443
14 1 33
14 2 1
14 3 695
14 4 334
14 5 704
14 6 654
14 7 135
14 8 179
14 9 403
14 10 974
14 11 173
14 12 67
14 13 861
15 1 283
15 2 273
15 3 958
15 4 781
15 5 929
15 6 318
15 7 977
15 8 394
15 9 193
15 10 266
15 11 599
15 12 398
15 13 696
15 14 333
16 1 526
16 2 144
16 3 269
16 4 719
16 5 338
16 6 209
16 7 460
16 8 127
16 9 219
16 10 737
16 11 127
16 12 574
16 13 341
16 14 164
16 15 806
17 1 258
17 2 702
17 3 220
17 4 799
17 5 475
17 6 508
17 7 332
17 8 169
17 9 845
17 10 394
17 11 797
17 12 82
17 13 351
17 14 62
17 15 373
17 16 196
18 1 948
18 2 154
18 3 154
18 4 31
18 5 729
18 6 416
18 7 854
18 8 515
18 9 933
18 10 483
18 11 896
18 12 137
18 13 263
18 14 835
18 15 914
18 16 420
18 17 298
19 1 762
19 2 568
19 3 637
19 4 988
19 5 377
19 6 780
19 7 962
19 8 481
19 9 24
19 10 785
19 11 511
19 12 802
19 13 619
19 14 624
19 15 950
19 16 128
19 17 762
19 18 948
20 1 618
20 2 659
20 3 671
20 4 275
20 5 360
20 6 349
20 7 270
20 8 69
20 9 503
20 10 996
20 11 975
20 12 275
20 13 667
20 14 438
20 15 23
20 16 186
20 17 365
20 18 876
20 19 385
21 1 778
21 2 566
21 3 561
21 4 592
21 5 877
21 6 677
21 7 357
21 8 39
21 9 808
21 10 623
21 11 931
21 12 585
21 13 378
21 14 976
21 15 581
21 16 508
21 17 355
21 18 322
21 19 941
21 20 140
22 1 787
22 2 304
22 3 88
22 4 740
22 5 821
22 6 33
22 7 779
22 8 435
22 9 877
22 10 817
22 11 852
22 12 278
22 13 318
22 14 382
22 15 11
22 16 749
22 17 998
22 18 48
22 19 537
22 20 271
22 21 304
23 1 533
23 2 639
23 3 545
23 4 584
23 5 336
23 6 483
23 7 772
23 8 79
23 9 886
23 10 130
23 11 96
23 12 752
23 13 908
23 14 902
23 15 809
23 16 620
23 17 676
23 18 918
23 19 149
23 20 501
23 21 127
23 22 812
24 1 757
24 2 265
24 3 989
24 4 883
24 5 109
24 6 9
24 7 401
24 8 182
24 9 482
24 10 747
24 11 686
24 12 292
24 13 279
24 14 526
24 15 243
24 16 802
24 17 779
24 18 74
24 19 734
24 20 727
24 21 620
24 22 368
24 23 5
25 1 383
25 2 591
25 3 757
25 4 455
25 5 471
25 6 549
25 7 504
25 8 759
25 9 367
25 10 513
25 11 888
25 12 177
25 13 880
25 14 277
25 15 243
25 16 848
25 17 973
25 18 81
25 19 557
25 20 799
25 21 216
25 22 179
25 23 520
25 24 587
26 1 954
26 2 351
26 3 132
26 4 768
26 5 463
26 6 698
26 7 278
26 8 640
26 9 586
26 10 257
26 11 870
26 12 958
26 13 607
26 14 286
26 15 450
26 16 538
26 17 371
26 18 255
26 19 387
26 20 972
26 21 893
26 22 880
26 23 32
26 24 871
26 25 973
27 1 757
27 2 472
27 3 342
27 4 557
27 5 412
27 6 760
27 7 635
27 8 865
27 9 844
27 10 747
27 11 148
27 12 523
27 13 856
27 14 889
27 15 241
27 16 210
27 17 769
27 18 677
27 19 539
27 20 581
27 21 307
27 22 552
27 23 679
27 24 454
27 25 743
27 26 430
28 1 673
28 2 532
28 3 601
28 4 240
28 5 352
28 6 150
28 7 504
28 8 76
28 9 561
28 10 810
28 11 962
28 12 860
28 13 60
28 14 502
28 15 178
28 16 642
28 17 321
28 18 72
28 19 191
28 20 903
28 21 650
28 22 129
28 23 914
28 24 514
28 25 346
28 26 262
28 27 888
29 1 203
29 2 823
29 3 553
29 4 818
29 5 681
29 6 883
29 7 653
29 8 207
29 9 795
29 10 605
29 11 916
29 12 659
29 13 334
29 14 512
29 15 353
29 16 652
29 17 376
29 18 977
29 19 406
29 20 872
29 21 304
29 22 50
29 23 791
29 24 399
29 25 855
29 26 158
29 27 921
29 28 333
30 1 857
30 2 353
30 3 668
30 4 660
30 5 506
30 6 63
30 7 445
30 8 433
30 9 331
30 10 535
30 11 893
30 12 584
30 13 218
30 14 405
30 15 650
30 16 927
30 17 121
30 18 94
30 19 976
30 20 184
30 21 343
30 22 967
30 23 221
30 24 73
30 25 513
30 26 449
30 27 405
30 28 810
30 29 638
31 1 535
31 2 404
31 3 555
31 4 863
31 5 389
31 6 495
31 7 648
31 8 810
31 9 981
31 10 276
31 11 688
31 12 632
31 13 929
31 14 200
31 15 762
31 16 157
31 17 21
31 18 237
31 19 416
31 20 756
31 21 77
31 22 412
31 23 162
31 24 803
31 25 117
31 26 226
31 27 589
31 28 873
31 29 12
31 30 219
32 1 417
32 2 35
32 3 57
32 4 160
32 5 24
32 6 894
32 7 174
32 8 646
32 9 298
32 10 236
32 11 674
32 12 91
32 13 855
32 14 424
32 15 761
32 16 364
32 17 954
32 18 916
32 19 247
32 20 594
32 21 667
32 22 528
32 23 135
32 24 870
32 25 129
32 26 340
32 27 45
32 28 869
32 29 918
32 30 345
32 31 644
33 1 642
33 2 908
33 3 254
33 4 543
33 5 73
33 6 136
33 7 51
33 8 346
33 9 769
33 10 506
33 11 210
33 12 788
33 13 370
33 14 415
33 15 671
33 16 154
33 17 550
33 18 582
33 19 986
33 20 434
33 21 202
33 22 686
33 23 233
33 24 879
33 25 565
33 26 595
33 27 605
33 28 932
33 29 292
33 30 279
33 31 777
33 32 693
34 1 724
34 2 698
34 3 454
34 4 383
34 5 858
34 6 264
34 7 707
34 8 493
34 9 780
34 10 656
34 11 995
34 12 548
34 13 554
34 14 85
34 15 988
34 16 689
34 17 825
34 18 310
34 19 578
34 20 519
34 21 642
34 22 973
34 23 702
34 24 885
34 25 251
34 26 73
34 27 855
34 28 555
34 29 870
34 30 645
34 31 436
34 32 981
34 33 686
35 1 957
35 2 281
35 3 571
35 4 589
35 5 794
35 6 33
35 7 187
35 8 401
35 9 643
35 10 221
35 11 791
35 12 582
35 13 853
35 14 175
35 15 438
35 16 696
35 17 75
35 18 156
35 19 60
35 20 118
35 21 556
35 22 331
35 23 725
35 24 750
35 25 102
35 26 479
35 27 319
35 28 736
35 29 776
35 30 538
35 31 838
35 32 449
35 33 647
35 34 395
36 1 735
36 2 237
36 3 154
36 4 535
36 5 12
36 6 687
36 7 911
36 8 419
36 9 996
36 10 415
36 11 6
36 12 748
36 13 993
36 14 633
36 15 118
36 16 961
36 17 263
36 18 996
36 19 21
36 20 618
36 21 3
36 22 483
36 23 287
36 24 529
36 25 284
36 26 314
36 27 246
36 28 779
36 29 126
36 30 170
36 31 547
36 32 7
36 33 167
36 34 195
36 35 847
37 1 582
37 2 596
37 3 559
37 4 482
37 5 547
37 6 314
37 7 573
37 8 163
37 9 468
37 10 498
37 11 608
37 12 16
37 13 552
37 14 15
37 15 331
37 16 545
37 17 687
37 18 382
37 19 4
37 20 323
37 21 255
37 22 201
37 23 853
37 24 476
37 25 870
37 26 280
37 27 767
37 28 287
37 29 403
37 30 858
37 31 811
37 32 478
37 33 939
37 34 644
37 35 336
37 36 986
38 1 529
38 2 603
38 3 666
38 4 306
38 5 875
38 6 683
38 7 622
38 8 712
38 9 329
38 10 918
38 11 398
38 12 923
38 13 825
38 14 614
38 15 528
38 16 33
38 17 634
38 18 541
38 19 955
38 20 766
38 21 63
38 22 330
38 23 454
38 24 383
38 25 481
38 26 526
38 27 922
38 28 792
38 29 297
38 30 967
38 31 265
38 32 692
38 33 777
38 34 455
38 35 921
38 36 811
38 37 818
39 1 889
39 2 236
39 3 548
39 4 68
39 5 314
39 6 227
39 7 603
39 8 9
39 9 578
39 10 467
39 11 393
39 12 899
39 13 526
39 14 106
39 15 326
39 16 686
39 17 939
39 18 275
39 19 261
39 20 278
39 21 649
39 22 381
39 23 699
39 24 803
39 25 516
39 26 52
39 27 544
39 28 729
39 29 230
39 30 718
39 31 479
39 32 987
39 33 106
39 34 104
39 35 294
39 36 453
39 37 323
39 38 129
40 1 717
40 2 441
40 3 302
40 4 955
40 5 568
40 6 76
40 7 161
40 8 211
40 9 307
40 10 674
40 11 431
40 12 627
40 13 293
40 14 507
40 15 494
40 16 593
40 17 309
40 18 594
40 19 408
40 20 393
40 21 184
40 22 380
40 23 86
40 24 117
40 25 568
40 26 443
40 27 1
40 28 504
40 29 183
40 30 605
40 31 870
40 32 232
40 33 111
40 34 76
40 35 4
40 36 384
40 37 940
40 38 510
40 39 265
41 1 121
41 2 831
41 3 96
41 4 822
41 5 800
41 6 827
41 7 82
41 8 152
41 9 41
41 10 961
41 11 329
41 12 964
41 13 509
41 14 992
41 15 809
41 16 11
41 17 394
41 18 824
41 19 149
41 20 948
41 21 869
41 22 936
41 23 616
41 24 718
41 25 10
41 26 375
41 27 157
41 28 115
41 29 933
41 30 141
41 31 397
41 32 503
41 33 167
41 34 26
41 35 693
41 36 854
41 37 503
41 38 220
41 39 652
41 40 565
42 1 822
42 2 257
42 3 715
42 4 737
42 5 670
42 6 111
42 7 713
42 8 853
42 9 567
42 10 512
42 11 505
42 12 63
42 13 317
42 14 800
42 15 75
42 16 497
42 17 813
42 18 878
42 19 741
42 20 315
42 21 100
42 22 84
42 23 318
42 24 415
42 25 690
42 26 51
42 27 405
42 28 22
42 29 396
42 30 865
42 31 133
42 32 562
42 33 174
42 34 89
42 35 43
42 36 540
42 37 734
42 38 481
42 39 939
42 40 353
42 41 933
43 1 447
43 2 872
43 3 230
43 4 184
43 5 575
43 6 607
43 7 740
43 8 402
43 9 796
43 10 234
43 11 561
43 12 233
43 13 994
43 14 770
43 15 451
43 16 572
43 17 135
43 18 900
43 19 611
43 20 624
43 21 226
43 22 238
43 23 885
43 24 10
43 25 676
43 26 718
43 27 484
43 28 673
43 29 870
43 30 15
43 31 176
43 32 594
43 33 26
43 34 111
43 35 139
43 36 555
43 37 648
43 38 398
43 39 909
43 40 476
43 41 146
43 42 924
44 1 123
44 2 63
44 3 440
44 4 692
44 5 997
44 6 770
44 7 601
44 8 113
44 9 720
44 10 345
44 11 869
44 12 10
44 13 224
44 14 450
44 15 589
44 16 791
44 17 4
44 18 108
44 19 905
44 20 677
44 21 941
44 22 990
44 23 258
44 24 111
44 25 311
44 26 793
44 27 19
44 28 727
44 29 428
44 30 207
44 31 814
44 32 506
44 33 611
44 34 231
44 35 364
44 36 3
44 37 412
44 38 841
44 39 903
44 40 769
44 41 300
44 42 262
44 43 491
45 1 349
45 2 246
45 3 350
45 4 787
45 5 487
45 6 892
45 7 836
45 8 102
45 9 407
45 10 252
45 11 433
45 12 798
45 13 318
45 14 132
45 15 75
45 16 341
45 17 501
45 18 716
45 19 768
45 20 589
45 21 619
45 22 7
45 23 824
45 24 116
45 25 129
45 26 55
45 27 481
45 28 654
45 29 919
45 30 182
45 31 156
45 32 954
45 33 550
45 34 630
45 35 834
45 36 646
45 37 740
45 38 330
45 39 364
45 40 900
45 41 960
45 42 731
45 43 634
45 44 975
46 1 270
46 2 884
46 3 919
46 4 943
46 5 782
46 6 218
46 7 866
46 8 191
46 9 376
46 10 698
46 11 903
46 12 480
46 13 538
46 14 319
46 15 52
46 16 655
46 17 470
46 18 108
46 19 414
46 20 314
46 21 826
46 22 92
46 23 826
46 24 991
46 25 724
46 26 916
46 27 441
46 28 690
46 29 897
46 30 49
46 31 237
46 32 823
46 33 126
46 34 779
46 35 716
46 36 866
46 37 322
46 38 432
46 39 275
46 40 308
46 41 892
46 42 505
46 43 37
46 44 711
46 45 265
47 1 659
47 2 112
47 3 935
47 4 716
47 5 763
47 6 565
47 7 853
47 8 848
47 9 423
47 10 579
47 11 127
47 12 380
47 13 703
47 14 586
47 15 847
47 16 113
47 17 956
47 18 350
47 19 118
47 20 198
47 21 984
47 22 261
47 23 890
47 24 90
47 25 947
47 26 362
47 27 620
47 28 819
47 29 716
47 30 830
47 31 563
47 32 451
47 33 628
47 34 950
47 35 771
47 36 871
47 37 807
47 38 805
47 39 111
47 40 269
47 41 516
47 42 209
47 43 870
47 44 953
47 45 222
47 46 625
48 1 761
48 2 374
48 3 312
48 4 73
48 5 401
48 6 483
48 7 658
48 8 288
48 9 573
48 10 807
48 11 467
48 12 623
48 13 837
48 14 877
48 15 117
48 16 458
48 17 320
48 18 867
48 19 903
48 20 114
48 21 727
48 22 596
48 23 904
48 24 536
48 25 916
48 26 259
48 27 397
48 28 226
48 29 579
48 30 520
48 31 520
48 32 214
48 33 869
48 34 843
48 35 121
48 36 36
48 37 17
48 38 191
48 39 979
48 40 997
48 41 272
48 42 476
48 43 850
48 44 214
48 45 725
48 46 383
48 47 23
49 1 194
49 2 828
49 3 451
49 4 321
49 5 945
49 6 685
49 7 535
49 8 757
49 9 889
49 10 417
49 11 36
49 12 259
49 13 63
49 14 188
49 15 522
49 16 188
49 17 378
49 18 685
49 19 614
49 20 559
49 21 923
49 22 138
49 23 282
49 24 179
49 25 585
49 26 183
49 27 912
49 28 132
49 29 480
49 30 140
49 31 784
49 32 307
49 33 945
49 34 528
49 35 835
49 36 906
49 37 104
49 38 870
49 39 843
49 40 133
49 41 261
49 42 112
49 43 396
49 44 492
49 45 609
49 46 232
49 47 293
49 48 392
50 1 37
50 2 832
50 3 241
50 4 8
50 5 7
50 6 803
50 7 991
50 8 574
50 9 781
50 10 367
50 11 275
50 12 563
50 13 486
50 14 60
50 15 186
50 16 435
50 17 779
50 18 485
50 19 881
50 20 903
50 21 110
50 22 888
50 23 722
50 24 904
50 25 845
50 26 884
50 27 246
50 28 713
50 29 741
50 30 887
50 31 596
50 32 905
50 33 541
50 34 74
50 35 273
50 36 84
50 37 683
50 38 944
50 39 364
50 40 594
50 41 374
50 42 784
50 43 599
50 44 637
50 45 552
50 46 612
50 47 889
50 48 497
50 49 459
51 1 417
51 2 206
51 3 810
51 4 864
51 5 756
51 6 943
51 7 66
51 8 159
51 9 28
51 10 132
51 11 800
51 12 851
51 13 993
51 14 150
51 15 139
51 16 198
51 17 345
51 18 782
51 19 671
51 20 993
51 21 418
51 22 786
51 23 814
51 24 746
51 25 324
51 26 328
51 27 122
51 28 779
51 29 110
51 30 916
51 31 235
51 32 973
51 33 734
51 34 718
51 35 405
51 36 185
51 37 929
51 38 387
51 39 781
51 40 581
51 41 284
51 42 775
51 43 919
51 44 384
51 45 91
51 46 164
51 47 174
51 48 809
51 49 784
51 50 894
52 1 953
52 2 165
52 3 38
52 4 515
52 5 988
52 6 402
52 7 835
52 8 842
52 9 91
52 10 585
52 11 79
52 12 544
52 13 76
52 14 64
52 15 559
52 16 147
52 17 782
52 18 341
52 19 336
52 20 573
52 21 404
52 22 877
52 23 869
52 24 598
52 25 560
52 26 364
52 27 452
52 28 866
52 29 793
52 30 193
52 31 762
52 32 324
52 33 441
52 34 138
52 35 605
52 36 210
52 37 77
52 38 501
52 39 158
52 40 989
52 41 958
52 42 233
52 43 292
52 44 835
52 45 164
52 46 765
52 47 770
52 48 574
52 49 379
52 50 576
52 51 409
53 1 184
53 2 510
53 3 734
53 4 507
53 5 258
53 6 567
53 7 927
53 8 107
53 9 36
53 10 510
53 11 727
53 12 916
53 13 902
53 14 8
53 15 96
53 16 940
53 17 467
53 18 284
53 19 391
53 20 159
53 21 620
53 22 504
53 23 366
53 24 797
53 25 169
53 26 390
53 27 926
53 28 21
53 29 962
53 30 13
53 31 646
53 32 115
53 33 609
53 34 935
53 35 290
53 36 459
53 37 182
53 38 164
53 39 852
53 40 879
53 41 536
53 42 601
53 43 870
53 44 178
53 45 109
53 46 920
53 47 1
53 48 915
53 49 345
53 50 81
53 51 135
53 52 755
54 1 117
54 2 908
54 3 532
54 4 952
54 5 774
54 6 426
54 7 748
54 8 781
54 9 692
54 10 906
54 11 350
54 12 986
54 13 461
54 14 798
54 15 666
54 16 558
54 17 90
54 18 996
54 19 93
54 20 418
54 21 843
54 22 138
54 23 697
54 24 810
54 25 606
54 26 866
54 27 119
54 28 481
54 29 900
54 30 243
54 31 44
54 32 950
54 33 925
54 34 782
54 35 722
54 36 453
54 37 258
54 38 751
54 39 314
54 40 362
54 41 87
54 42 721
54 43 57
54 44 153
54 45 122
54 46 536
54 47 498
54 48 238
54 49 534
54 50 151
54 51 308
54 52 225
54 53 577
55 1 19
55 2 429
55 3 432
55 4 764
55 5 988
55 6 558
55 7 704
55 8 717
55 9 879
55 10 211
55 11 865
55 12 83
55 13 202
55 14 896
55 15 367
55 16 137
55 17 688
55 18 118
55 19 949
55 20 951
55 21 589
55 22 243
55 23 374
55 24 263
55 25 938
55 26 467
55 27 564
55 28 423
55 29 196
55 30 393
55 31 691
55 32 36
55 33 997
55 34 968
55 35 54
55 36 199
55 37 916
55 38 791
55 39 793
55 40 439
55 41 463
55 42 39
55 43 768
55 44 756
55 45 735
55 46 519
55 47 163
55 48 372
55 49 430
55 50 599
55 51 634
55 52 92
55 53 144
55 54 16
56 1 68
56 2 382
56 3 170
56 4 831
56 5 266
56 6 560
56 7 208
56 8 13
56 9 122
56 10 726
56 11 715
56 12 424
56 13 107
56 14 298
56 15 796
56 16 197
56 17 134
56 18 300
56 19 863
56 20 773
56 21 109
56 22 764
56 23 475
56 24 88
56 25 745
56 26 897
56 27 77
56 28 671
56 29 447
56 30 862
56 31 554
56 32 654
56 33 344
56 34 331
56 35 811
56 36 956
56 37 768
56 38 169
56 39 805
56 40 132
56 41 773
56 42 890
56 43 736
56 44 646
56 45 475
56 46 757
56 47 324
56 48 583
56 49 317
56 50 655
56 51 376
56 52 32
56 53 544
56 54 119
56 55 69
57 1 665
57 2 477
57 3 149
57 4 661
57 5 254
57 6 384
57 7 682
57 8 549
57 9 130
57 10 32
57 11 851
57 12 885
57 13 847
57 14 221
57 15 427
57 16 175
57 17 543
57 18 880
57 19 43
57 20 571
57 21 759
57 22 527
57 23 106
57 24 773
57 25 723
57 26 172
57 27 513
57 28 758
57 29 340
57 30 976
57 31 548
57 32 756
57 33 409
57 34 224
57 35 602
57 36 183
57 37 807
57 38 443
57 39 573
57 40 455
57 41 648
57 42 719
57 43 102
57 44 886
57 45 679
57 46 533
57 47 998
57 48 111
57 49 402
57 50 691
57 51 500
57 52 716
57 53 688
57 54 146
57 55 243
57 56 30
58 1 883
58 2 797
58 3 66
58 4 254
58 5 657
58 6 576
58 7 31
58 8 391
58 9 106
58 10 373
58 11 294
58 12 641
58 13 856
58 14 651
58 15 693
58 16 224
58 17 171
58 18 773
58 19 192
58 20 818
58 21 330
58 22 400
58 23 560
58 24 39
58 25 759
58 26 494
58 27 908
58 28 679
58 29 694
58 30 761
58 31 965
58 32 620
58 33 356
58 34 592
58 35 222
58 36 630
58 37 910
58 38 822
58 39 330
58 40 479
58 41 702
58 42 874
58 43 366
58 44 59
58 45 529
58 46 97
58 47 862
58 48 467
58 49 955
58 50 380
58 51 710
58 52 218
58 53 909
58 54 338
58 55 340
58 56 51
58 57 87
59 1 653
59 2 781
59 3 12
59 4 903
59 5 381
59 6 499
59 7 746
59 8 992
59 9 286
59 10 136
59 11 205
59 12 525
59 13 528
59 14 518
59 15 206
59 16 830
59 17 261
59 18 585
59 19 526
59 20 84
59 21 966
59 22 98
59 23 483
59 24 77
59 25 574
59 26 260
59 27 193
59 28 291
59 29 715
59 30 642
59 31 937
59 32 815
59 33 636
59 34 23
59 35 344
59 36 839
59 37 621
59 38 35
59 39 313
59 40 731
59 41 972
59 42 739
59 43 881
59 44 958
59 45 873
59 46 514
59 47 472
59 48 347
59 49 694
59 50 880
59 51 218
59 52 443
59 53 563
59 54 143
59 55 292
59 56 969
59 57 265
59 58 986
60 1 448
60 2 646
60 3 781
60 4 382
60 5 213
60 6 859
60 7 48
60 8 470
60 9 409
60 10 953
60 11 739
60 12 255
60 13 962
60 14 129
60 15 138
60 16 275
60 17 174
60 18 226
60 19 435
60 20 613
60 21 920
60 22 862
60 23 981
60 24 871
60 25 437
60 26 720
60 27 354
60 28 1
60 29 664
60 30 949
60 31 275
60 32 109
60 33 319
60 34 970
60 35 700
60 36 616
60 37 155
60 38 154
60 39 661
60 40 411
60 41 82
60 42 156
60 43 662
60 44 863
60 45 101
60 46 897
60 47 697
60 48 824
60 49 248
60 50 437
60 51 221
60 52 15
60 53 967
60 54 268
60 55 615
60 56 403
60 57 636
60 58 755
60 59 989
61 1 464
61 2 154
61 3 751
61 4 365
61 5 455
61 6 805
61 7 618
61 8 579
61 9 72
61 10 832
61 11 182
61 12 446
61 13 127
61 14 405
61 15 352
61 16 21
61 17 121
61 18 939
61 19 426
61 20 18
61 21 841
61 22 942
61 23 325
61 24 699
61 25 359
61 26 838
61 27 271
61 28 803
61 29 72
61 30 455
61 31 646
61 32 335
61 33 643
61 34 129
61 35 55
61 36 270
61 37 988
61 38 595
61 39 834
61 40 504
61 41 682
61 42 130
61 43 509
61 44 603
61 45 417
61 46 621
61 47 963
61 48 181
61 49 377
61 50 511
61 51 319
61 52 957
61 53 681
61 54 807
61 55 777
61 56 828
61 57 254
61 58 593
61 59 925
61 60 498
62 1 765
62 2 751
62 3 276
62 4 513
62 5 505
62 6 803
62 7 24
62 8 728
62 9 340
62 10 105
62 11 282
62 12 566
62 13 115
62 14 793
62 15 309
62 16 596
62 17 132
62 18 208
62 19 468
62 20 272
62 21 595
62 22 716
62 23 928
62 24 892
62 25 135
62 26 129
62 27 367
62 28 90
62 29 808
62 30 163
62 31 162
62 32 430
62 33 180
62 34 625
62 35 850
62 36 920
62 37 396
62 38 266
62 39 827
62 40 511
62 41 343
62 42 504
62 43 578
62 44 897
62 45 302
62 46 446
62 47 903
62 48 178
62 49 705
62 50 903
62 51 928
62 52 220
62 53 889
62 54 341
62 55 878
62 56 748
62 57 960
62 58 969
62 59 885
62 60 522
62 61 162
63 1 379
63 2 322
63 3 135
63 4 368
63 5 461
63 6 419
63 7 269
63 8 581
63 9 514
63 10 179
63 11 458
63 12 560
63 13 750
63 14 821
63 15 695
63 16 975
63 17 632
63 18 284
63 19 429
63 20 685
63 21 740
63 22 520
63 23 779
63 24 54
63 25 102
63 26 600
63 27 34
63 28 408
63 29 189
63 30 872
63 31 747
63 32 20
63 33 1000
63 34 684
63 35 993
63 36 258
63 37 951
63 38 420
63 39 613
63 40 767
63 41 485
63 42 863
63 43 504
63 44 817
63 45 617
63 46 124
63 47 264
63 48 193
63 49 839
63 50 650
63 51 782
63 52 263
63 53 78
63 54 70
63 55 563
63 56 97
63 57 666
63 58 867
63 59 871
63 60 760
63 61 484
63 62 148
64 1 2
64 2 179
64 3 752
64 4 999
64 5 249
64 6 187
64 7 128
64 8 199
64 9 383
64 10 641
64 11 85
64 12 270
64 13 713
64 14 731
64 15 730
64 16 145
64 17 37
64 18 875
64 19 533
64 20 939
64 21 57
64 22 809
64 23 634
64 24 581
64 25 74
64 26 764
64 27 685
64 28 319
64 29 24
64 30 855
64 31 415
64 32 341
64 33 176
64 34 64
64 35 351
64 36 22
64 37 54
64 38 439
64 39 400
64 40 548
64 41 414
64 42 396
64 43 222
64 44 925
64 45 310
64 46 247
64 47 593
64 48 621
64 49 612
64 50 333
64 51 191
64 52 354
64 53 492
64 54 400
64 55 511
64 56 764
64 57 738
64 58 79
64 59 832
64 60 997
64 61 934
64 62 623
64 63 438
65 1 426
65 2 833
65 3 254
65 4 541
65 5 40
65 6 492
65 7 766
65 8 577
65 9 234
65 10 976
65 11 267
65 12 839
65 13 18
65 14 709
65 15 163
65 16 621
65 17 894
65 18 780
65 19 799
65 20 330
65 21 898
65 22 772
65 23 349
65 24 235
65 25 574
65 26 931
65 27 870
65 28 824
65 29 876
65 30 747
65 31 617
65 32 937
65 33 250
65 34 252
65 35 17
65 36 119
65 37 405
65 38 609
65 39 929
65 40 903
65 41 529
65 42 811
65 43 58
65 44 938
65 45 940
65 46 548
65 47 668
65 48 175
65 49 447
65 50 562
65 51 959
65 52 537
65 53 906
65 54 64
65 55 743
65 56 779
65 57 736
65 58 15
65 59 301
65 60 462
65 61 393
65 62 349
65 63 541
65 64 253
66 1 62
66 2 449
66 3 843
66 4 972
66 5 66
66 6 449
66 7 221
66 8 91
66 9 744
66 10 159
66 11 676
66 12 622
66 13 808
66 14 716
66 15 865
66 16 587
66 17 433
66 18 233
66 19 485
66 20 506
66 21 574
66 22 46
66 23 969
66 24 600
66 25 278
66 26 366
66 27 405
66 28 655
66 29 979
66 30 393
66 31 783
66 32 720
66 33 52
66 34 218
66 35 968
66 36 105
66 37 99
66 38 80
66 39 5
66 40 350
66 41 758
66 42 791
66 43 660
66 44 117
66 45 1
66 46 390
66 47 311
66 48 196
66 49 207
66 50 357
66 51 565
66 52 60
66 53 492
66 54 937
66 55 245
66 56 669
66 57 64
66 58 408
66 59 611
66 60 454
66 61 594
66 62 334
66 63 949
66 64 690
66 65 873
67 1 153
67 2 913
67 3 673
67 4 240
67 5 633
67 6 240
67 7 419
67 8 551
67 9 39
67 10 717
67 11 808
67 12 689
67 13 60
67 14 541
67 15 378
67 16 855
67 17 819
67 18 434
67 19 193
67 20 172
67 21 533
67 22 156
67 23 499
67 24 322
67 25 641
67 26 281
67 27 86
67 28 252
67 29 458
67 30 388
67 31 568
67 32 179
67 33 685
67 34 11
67 35 11
67 36 412
67 37 323
67 38 15
67 39 595
67 40 735
67 41 830
67 42 246
67 43 268
67 44 365
67 45 566
67 46 604
67 47 575
67 48 732
67 49 855
67 50 906
67 51 92
67 52 584
67 53 231
67 54 178
67 55 180
67 56 178
67 57 674
67 58 239
67 59 979
67 60 556
67 61 914
67 62 729
67 63 845
67 64 154
67 65 113
67 66 939
68 1 669
68 2 263
68 3 490
68 4 80
68 5 768
68 6 83
68 7 715
68 8 874
68 9 292
68 10 376
68 11 123
68 12 591
68 13 331
68 14 983
68 15 83
68 16 905
68 17 175
68 18 684
68 19 66
68 20 216
68 21 411
68 22 188
68 23 258
68 24 299
68 25 800
68 26 230
68 27 745
68 28 411
68 29 122
68 30 41
68 31 632
68 32 250
68 33 437
68 34 691
68 35 623
68 36 377
68 37 452
68 38 62
68 39 899
68 40 989
68 41 925
68 42 455
68 43 359
68 44 169
68 45 317
68 46 82
68 47 534
68 48 995
68 49 115
68 50 945
68 51 743
68 52 134
68 53 526
68 54 864
68 55 313
68 56 801
68 57 482
68 58 649
68 59 919
68 60 211
68 61 151
68 62 678
68 63 369
68 64 904
68 65 385
68 66 378
68 67 396
69 1 572
69 2 811
69 3 365
69 4 278
69 5 266
69 6 495
69 7 250
69 8 342
69 9 111
69 10 369
69 11 363
69 12 686
69 13 914
69 14 881
69 15 893
69 16 662
69 17 281
69 18 530
69 19 211
69 20 964
69 21 140
69 22 256
69 23 368
69 24 361
69 25 780
69 26 858
69 27 25
69 28 408
69 29 799
69 30 884
69 31 322
69 32 697
69 33 584
69 34 698
69 35 442
69 36 462
69 37 201
69 38 644
69 39 859
69 40 612
69 41 827
69 42 515
69 43 546
69 44 490
69 45 102
69 46 760
69 47 630
69 48 955
69 49 28
69 50 129
69 51 256
69 52 569
69 53 297
69 54 684
69 55 658
69 56 984
69 57 170
69 58 379
69 59 696
69 60 827
69 61 301
69 62 646
69 63 367
69 64 658
69 65 118
69 66 681
69 67 29
69 68 814
70 1 643
70 2 361
70 3 356
70 4 211
70 5 895
70 6 5
70 7 273
70 8 408
70 9 236
70 10 393
70 11 374
70 12 514
70 13 299
70 14 760
70 15 579
70 16 750
70 17 370
70 18 686
70 19 32
70 20 719
70 21 368
70 22 89
70 23 494
70 24 726
70 25 779
70 26 751
70 27 734
70 28 690
70 29 196
70 30 73
70 31 683
70 32 476
70 33 323
70 34 9
70 35 329
70 36 718
70 37 593
70 38 347
70 39 637
70 40 437
70 41 759
70 42 807
70 43 982
70 44 26
70 45 97
70 46 625
70 47 844
70 48 427
70 49 108
70 50 579
70 51 782
70 52 549
70 53 826
70 54 636
70 55 936
70 56 261
70 57 132
70 58 677
70 59 553
70 60 511
70 61 689
70 62 971
70 63 309
70 64 402
70 65 390
70 66 360
70 67 404
70 68 278
70 69 432
71 1 335
71 2 716
71 3 147
71 4 408
71 5 442
71 6 490
71 7 1000
71 8 42
71 9 718
71 10 331
71 11 848
71 12 440
71 13 98
71 14 505
71 15 539
71 16 995
71 17 968
71 18 790
71 19 672
71 20 322
71 21 336
71 22 394
71 23 180
71 24 847
71 25 277
71 26 694
71 27 390
71 28 934
71 29 626
71 30 782
71 31 631
71 32 681
71 33 81
71 34 99
71 35 706
71 36 753
71 37 186
71 38 635
71 39 799
71 40 897
71 41 862
71 42 469
71 43 618
71 44 3
71 45 435
71 46 638
71 47 863
71 48 849
71 49 367
71 50 603
71 51 315
71 52 905
71 53 101
71 54 798
71 55 125
71 56 830
71 57 739
71 58 38
71 59 113
71 60 526
71 61 486
71 62 768
71 63 147
71 64 907
71 65 45
71 66 423
71 67 919
71 68 722
71 69 406
71 70 394
72 1 675
72 2 103
72 3 733
72 4 361
72 5 734
72 6 682
72 7 271
72 8 986
72 9 844
72 10 426
72 11 481
72 12 233
72 13 697
72 14 565
72 15 838
72 16 809
72 17 177
72 18 240
72 19 973
72 20 486
72 21 149
72 22 744
72 23 125
72 24 302
72 25 857
72 26 499
72 27 69
72 28 900
72 29 249
72 30 134
72 31 977
72 32 511
72 33 795
72 34 308
72 35 898
72 36 323
72 37 615
72 38 132
72 39 798
72 40 255
72 41 977
72 42 351
72 43 354
72 44 380
72 45 500
72 46 641
72 47 940
72 48 504
72 49 598
72 50 655
72 51 503
72 52 656
72 53 12
72 54 705
72 55 258
72 56 490
72 57 480
72 58 202
72 59 407
72 60 853
72 61 858
72 62 231
72 63 316
72 64 31
72 65 277
72 66 897
72 67 844
72 68 412
72 69 129
72 70 314
72 71 761
73 1 585
73 2 966
73 3 373
73 4 454
73 5 119
73 6 621
73 7 659
73 8 355
73 9 526
73 10 118
73 11 153
73 12 786
73 13 175
73 14 188
73 15 598
73 16 163
73 17 136
73 18 459
73 19 651
73 20 753
73 21 240
73 22 633
73 23 208
73 24 409
73 25 826
73 26 218
73 27 528
73 28 6
73 29 955
73 30 632
73 31 28
73 32 484
73 33 79
73 34 750
73 35 893
73 36 713
73 37 428
73 38 195
73 39 866
73 40 618
73 41 614
73 42 959
73 43 851
73 44 245
73 45 204
73 46 158
73 47 212
73 48 717
73 49 274
73 50 991
73 51 896
73 52 278
73 53 192
73 54 218
73 55 746
73 56 849
73 57 133
73 58 725
73 59 658
73 60 804
73 61 83
73 62 994
73 63 438
73 64 899
73 65 333
73 66 540
73 67 496
73 68 548
73 69 723
73 70 632
73 71 759
73 72 884
74 1 134
74 2 872
74 3 431
74 4 301
74 5 976
74 6 437
74 7 473
74 8 420
74 9 697
74 10 56
74 11 938
74 12 658
74 13 542
74 14 45
74 15 540
74 16 860
74 17 82
74 18 949
74 19 79
74 20 669
74 21 261
74 22 630
74 23 610
74 24 585
74 25 970
74 26 845
74 27 482
74 28 900
74 29 386
74 30 646
74 31 617
74 32 956
74 33 610
74 34 167
74 35 675
74 36 406
74 37 324
74 38 600
74 39 969
74 40 431
74 41 491
74 42 452
74 43 262
74 44 105
74 45 355
74 46 367
74 47 836
74 48 333
74 49 225
74 50 116
74 51 444
74 52 77
74 53 823
74 54 535
74 55 39
74 56 789
74 57 170
74 58 507
74 59 398
74 60 262
74 61 298
74 62 287
74 63 32
74 64 321
74 65 259
74 66 741
74 67 994
74 68 68
74 69 210
74 70 318
74 71 483
74 72 599
74 73 563
75 1 822
75 2 360
75 3 399
75 4 459
75 5 289
75 6 955
75 7 857
75 8 73
75 9 555
75 10 803
75 11 581
75 12 495
75 13 311
75 14 181
75 15 468
75 16 202
75 17 731
75 18 570
75 19 708
75 20 369
75 21 970
75 22 440
75 23 176
75 24 515
75 25 113
75 26 958
75 27 890
75 28 262
75 29 385
75 30 528
75 31 491
75 32 176
75 33 690
75 34 271
75 35 920
75 36 981
75 37 796
75 38 830
75 39 747
75 40 621
75 41 731
75 42 132
75 43 840
75 44 935
75 45 201
75 46 985
75 47 310
75 48 955
75 49 116
75 50 632
75 51 930
75 52 71
75 53 510
75 54 652
75 55 462
75 56 569
75 57 454
75 58 830
75 59 597
75 60 298
75 61 749
75 62 873
75 63 429
75 64 477
75 65 487
75 66 108
75 67 677
75 68 872
75 69 789
75 70 535
75 71 78
75 72 884
75 73 278
75 74 865
76 1 651
76 2 259
76 3 120
76 4 425
76 5 774
76 6 468
76 7 685
76 8 57
76 9 265
76 10 970
76 11 151
76 12 387
76 13 897
76 14 892
76 15 618
76 16 97
76 17 65
76 18 866
76 19 548
76 20 78
76 21 514
76 22 29
76 23 588
76 24 591
76 25 342
76 26 442
76 27 112
76 28 816
76 29 716
76 30 424
76 31 29
76 32 422
76 33 980
76 34 575
76 35 685
76 36 29
76 37 116
76 38 462
76 39 919
76 40 693
76 41 726
76 42 251
76 43 595
76 44 802
76 45 4
76 46 771
76 47 174
76 48 1
76 49 360
76 50 766
76 51 137
76 52 24
76 53 663
76 54 346
76 55 337
76 56 574
76 57 279
76 58 888
76 59 585
76 60 623
76 61 348
76 62 887
76 63 45
76 64 748
76 65 996
76 66 510
76 67 246
76 68 412
76 69 419
76 70 872
76 71 786
76 72 288
76 73 36
76 74 259
76 75 39
77 1 23
77 2 141
77 3 842
77 4 435
77 5 67
77 6 759
77 7 587
77 8 121
77 9 441
77 10 639
77 11 417
77 12 84
77 13 584
77 14 578
77 15 832
77 16 38
77 17 640
77 18 516
77 19 528
77 20 651
77 21 835
77 22 98
77 23 749
77 24 920
77 25 807
77 26 632
77 27 377
77 28 774
77 29 25
77 30 658
77 31 23
77 32 201
77 33 675
77 34 539
77 35 614
77 36 492
77 37 639
77 38 791
77 39 239
77 40 385
77 41 448
77 42 79
77 43 243
77 44 213
77 45 344
77 46 81
77 47 843
77 48 338
77 49 818
77 50 645
77 51 747
77 52 462
77 53 259
77 54 948
77 55 558
77 56 620
77 57 595
77 58 593
77 59 934
77 60 921
77 61 54
77 62 825
77 63 787
77 64 355
77 65 418
77 66 326
77 67 8
77 68 244
77 69 408
77 70 261
77 71 479
77 72 127
77 73 73
77 74 531
77 75 369
77 76 173
78 1 310
78 2 421
78 3 975
78 4 420
78 5 907
78 6 74
78 7 617
78 8 419
78 9 711
78 10 504
78 11 319
78 12 86
78 13 840
78 14 63
78 15 304
78 16 846
78 17 20
78 18 574
78 19 547
78 20 359
78 21 472
78 22 563
78 23 885
78 24 431
78 25 946
78 26 286
78 27 448
78 28 889
78 29 793
78 30 480
78 31 408
78 32 511
78 33 200
78 34 44
78 35 298
78 36 323
78 37 981
78 38 92
78 39 418
78 40 815
78 41 526
78 42 50
78 43 63
78 44 918
78 45 813
78 46 759
78 47 589
78 48 781
78 49 594
78 50 772
78 51 577
78 52 688
78 53 153
78 54 272
78 55 574
78 56 661
78 57 236
78 58 324
78 59 198
78 60 584
78 61 61
78 62 380
78 63 580
78 64 904
78 65 526
78 66 250
78 67 424
78 68 217
78 69 980
78 70 965
78 71 166
78 72 333
78 73 216
78 74 224
78 75 997
78 76 605
78 77 531
79 1 384
79 2 761
79 3 604
79 4 11
79 5 155
79 6 964
79 7 465
79 8 402
79 9 470
79 10 411
79 11 445
79 12 199
79 13 204
79 14 225
79 15 536
79 16 840
79 17 690
79 18 241
79 19 185
79 20 122
79 21 217
79 22 45
79 23 436
79 24 230
79 25 966
79 26 144
79 27 72
79 28 998
79 29 56
79 30 39
79 31 558
79 32 284
79 33 657
79 34 190
79 35 866
79 36 593
79 37 352
79 38 134
79 39 493
79 40 317
79 41 197
79 42 262
79 43 227
79 44 235
79 45 161
79 46 1
79 47 502
79 48 130
79 49 899
79 50 412
79 51 382
79 52 682
79 53 34
79 54 458
79 55 510
79 56 983
79 57 412
79 58 437
79 59 578
79 60 332
79 61 993
79 62 348
79 63 140
79 64 168
79 65 346
79 66 181
79 67 825
79 68 283
79 69 922
79 70 391
79 71 285
79 72 684
79 73 551
79 74 61
79 75 417
79 76 743
79 77 864
79 78 504
80 1 709
80 2 504
80 3 561
80 4 313
80 5 743
80 6 284
80 7 734
80 8 101
80 9 192
80 10 942
80 11 689
80 12 458
80 13 880
80 14 444
80 15 933
80 16 854
80 17 700
80 18 614
80 19 299
80 20 500
80 21 478
80 22 179
80 23 379
80 24 439
80 25 95
80 26 508
80 27 718
80 28 335
80 29 419
80 30 662
80 31 449
80 32 750
80 33 884
80 34 637
80 35 325
80 36 890
80 37 769
80 38 927
80 39 326
80 40 82
80 41 496
80 42 796
80 43 289
80 44 485
80 45 517
80 46 865
80 47 258
80 48 790
80 49 600
80 50 923
80 51 474
80 52 911
80 53 590
80 54 63
80 55 231
80 56 922
80 57 952
80 58 546
80 59 1
80 60 742
80 61 663
80 62 996
80 63 549
80 64 324
80 65 283
80 66 835
80 67 968
80 68 354
80 69 248
80 70 59
80 71 820
80 72 711
80 73 723
80 74 751
80 75 836
80 76 186
80 77 569
80 78 956
80 79 860
81 1 225
81 2 249
81 3 792
81 4 973
81 5 702
81 6 727
81 7 932
81 8 4
81 9 950
81 10 687
81 11 833
81 12 853
81 13 595
81 14 640
81 15 346
81 16 325
81 17 909
81 18 726
81 19 571
81 20 422
81 21 705
81 22 282
81 23 107
81 24 266
81 25 31
81 26 492
81 27 60
81 28 121
81 29 154
81 30 693
81 31 444
81 32 178
81 33 594
81 34 135
81 35 851
81 36 69
81 37 216
81 38 285
81 39 528
81 40 278
81 41 631
81 42 967
81 43 222
81 44 910
81 45 401
81 46 928
81 47 445
81 48 501
81 49 822
81 50 626
81 51 14
81 52 810
81 53 265
81 54 320
81 55 13
81 56 782
81 57 349
81 58 777
81 59 554
81 60 130
81 61 440
81 62 148
81 63 947
81 64 227
81 65 226
81 66 854
81 67 190
81 68 241
81 69 389
81 70 526
81 71 873
81 72 714
81 73 603
81 74 329
81 75 907
81 76 18
81 77 386
81 78 227
81 79 685
81 80 390
82 1 543
82 2 19
82 3 558
82 4 476
82 5 212
82 6 192
82 7 762
82 8 583
82 9 767
82 10 931
82 11 174
82 12 78
82 13 78
82 14 831
82 15 515
82 16 627
82 17 882
82 18 141
82 19 891
82 20 204
82 21 273
82 22 603
82 23 797
82 24 91
82 25 566
82 26 202
82 27 959
82 28 269
82 29 28
82 30 388
82 31 651
82 32 927
82 33 243
82 34 598
82 35 357
82 36 12
82 37 108
82 38 135
82 39 912
82 40 16
82 41 715
82 42 723
82 43 503
82 44 442
82 45 625
82 46 306
82 47 151
82 48 636
82 49 280
82 50 904
82 51 563
82 52 940
82 53 573
82 54 597
82 55 472
82 56 333
82 57 812
82 58 950
82 59 855
82 60 29
82 61 590
82 62 446
82 63 651
82 64 704
82 65 320
82 66 744
82 67 855
82 68 298
82 69 432
82 70 828
82 71 129
82 72 591
82 73 479
82 74 366
82 75 296
82 76 985
82 77 682
82 78 837
82 79 349
82 80 185
82 81 630
83 1 254
83 2 867
83 3 729
83 4 176
83 5 543
83 6 939
83 7 540
83 8 756
83 9 894
83 10 10
83 11 970
83 12 649
83 13 650
83 14 246
83 15 995
83 16 930
83 17 555
83 18 315
83 19 523
83 20 110
83 21 423
83 22 716
83 23 8
83 24 737
83 25 549
83 26 10
83 27 795
83 28 435
83 29 415
83 30 623
83 31 903
83 32 164
83 33 534
83 34 51
83 35 180
83 36 680
83 37 466
83 38 644
83 39 22
83 40 468
83 41 348
83 42 309
83 43 102
83 44 630
83 45 494
83 46 784
83 47 791
83 48 513
83 49 878
83 50 355
83 51 224
83 52 50
83 53 574
83 54 142
83 55 192
83 56 84
83 57 467
83 58 341
83 59 311
83 60 179
83 61 796
83 62 37
83 63 150
83 64 666
83 65 354
83 66 484
83 67 265
83 68 932
83 69 408
83 70 968
83 71 329
83 72 204
83 73 649
83 74 637
83 75 803
83 76 333
83 77 751
83 78 930
83 79 832
83 80 331
83 81 343
83 82 472
84 1 314
84 2 667
84 3 471
84 4 580
84 5 325
84 6 570
84 7 857
84 8 747
84 9 359
84 10 854
84 11 526
84 12 739
84 13 52
84 14 6
84 15 620
84 16 179
84 17 346
84 18 551
84 19 463
84 20 753
84 21 280
84 22 939
84 23 188
84 24 412
84 25 851
84 26 469
84 27 499
84 28 198
84 29 637
84 30 995
84 31 390
84 32 583
84 33 113
84 34 418
84 35 870
84 36 431
84 37 874
84 38 226
84 39 23
84 40 986
84 41 179
84 42 574
84 43 975
84 44 490
84 45 528
84 46 670
84 47 566
84 48 333
84 49 210
84 50 465
84 51 807
84 52 843
84 53 998
84 54 894
84 55 441
84 56 112
84 57 457
84 58 187
84 59 159
84 60 480
84 61 533
84 62 996
84 63 304
84 64 546
84 65 383
84 66 335
84 67 122
84 68 859
84 69 625
84 70 597
84 71 871
84 72 643
84 73 456
84 74 157
84 75 370
84 76 198
84 77 323
84 78 290
84 79 784
84 80 853
84 81 98
84 82 441
84 83 728
85 1 606
85 2 940
85 3 72
85 4 3
85 5 814
85 6 291
85 7 610
85 8 519
85 9 578
85 10 689
85 11 241
85 12 243
85 13 699
85 14 352
85 15 551
85 16 209
85 17 322
85 18 713
85 19 276
85 20 940
85 21 664
85 22 357
85 23 660
85 24 822
85 25 443
85 26 38
85 27 176
85 28 256
85 29 889
85 30 736
85 31 614
85 32 657
85 33 471
85 34 927
85 35 785
85 36 614
85 37 715
85 38 520
85 39 360
85 40 773
85 41 738
85 42 148
85 43 578
85 44 271
85 45 387
85 46 752
85 47 837
85 48 772
85 49 102
85 50 653
85 51 430
85 52 432
85 53 887
85 54 555
85 55 908
85 56 361
85 57 18
85 58 165
85 59 849
85 60 388
85 61 365
85 62 370
85 63 21
85 64 202
85 65 458
85 66 176
85 67 190
85 68 195
85 69 674
85 70 835
85 71 96
85 72 544
85 73 179
85 74 856
85 75 331
85 76 391
85 77 496
85 78 847
85 79 130
85 80 143
85 81 837
85 82 371
85 83 335
85 84 244
86 1 569
86 2 266
86 3 23
86 4 965
86 5 450
86 6 112
86 7 570
86 8 35
86 9 510
86 10 790
86 11 131
86 12 178
86 13 706
86 14 331
86 15 815
86 16 877
86 17 735
86 18 482
86 19 40
86 20 923
86 21 623
86 22 694
86 23 831
86 24 572
86 25 982
86 26 466
86 27 64
86 28 376
86 29 54
86 30 238
86 31 905
86 32 999
86 33 925
86 34 277
86 35 960
86 36 592
86 37 540
86 38 240
86 39 870
86 40 538
86 41 389
86 42 370
86 43 377
86 44 635
86 45 9
86 46 495
86 47 95
86 48 33
86 49 661
86 50 296
86 51 511
86 52 493
86 53 828
86 54 510
86 55 946
86 56 784
86 57 402
86 58 33
86 59 501
86 60 278
86 61 696
86 62 98
86 63 228
86 64 77
86 65 652
86 66 976
86 67 36
86 68 212
86 69 887
86 70 892
86 71 88
86 72 755
86 73 437
86 74 92
86 75 685
86 76 896
86 77 345
86 78 262
86 79 899
86 80 310
86 81 468
86 82 730
86 83 455
86 84 368
86 85 121
87 1 148
87 2 613
87 3 26
87 4 449
87 5 597
87 6 67
87 7 443
87 8 657
87 9 299
87 10 90
87 11 648
87 12 465
87 13 389
87 14 460
87 15 837
87 16 425
87 17 422
87 18 893
87 19 86
87 20 985
87 21 581
87 22 9
87 23 581
87 24 407
87 25 744
87 26 65
87 27 657
87 28 952
87 29 887
87 30 977
87 31 217
87 32 924
87 33 483
87 34 370
87 35 363
87 36 478
87 37 867
87 38 676
87 39 277
87 40 312
87 41 729
87 42 511
87 43 701
87 44 624
87 45 204
87 46 864
87 47 552
87 48 952
87 49 232
87 50 823
87 51 512
87 52 796
87 53 136
87 54 860
87 55 644
87 56 135
87 57 609
87 58 929
87 59 359
87 60 223
87 61 551
87 62 872
87 63 300
87 64 291
87 65 449
87 66 885
87 67 948
87 68 41
87 69 239
87 70 65
87 71 37
87 72 49
87 73 841
87 74 277
87 75 76
87 76 470
87 77 809
87 78 840
87 79 550
87 80 658
87 81 797
87 82 810
87 83 623
87 84 594
87 85 761
87 86 835
88 1 400
88 2 246
88 3 105
88 4 858
88 5 71
88 6 233
88 7 219
88 8 157
88 9 497
88 10 436
88 11 72
88 12 489
88 13 63
88 14 417
88 15 831
88 16 328
88 17 857
88 18 798
88 19 688
88 20 466
88 21 495
88 22 953
88 23 319
88 24 462
88 25 156
88 26 662
88 27 701
88 28 716
88 29 647
88 30 596
88 31 193
88 32 153
88 33 560
88 34 767
88 35 98
88 36 776
88 37 841
88 38 313
88 39 132
88 40 600
88 41 339
88 42 264
88 43 498
88 44 708
88 45 143
88 46 144
88 47 512
88 48 442
88 49 780
88 50 565
88 51 953
88 52 986
88 53 595
88 54 165
88 55 607
88 56 825
88 57 867
88 58 541
88 59 663
88 60 864
88 61 486
88 62 44
88 63 940
88 64 184
88 65 258
88 66 565
88 67 98
88 68 706
88 69 150
88 70 699
88 71 304
88 72 255
88 73 43
88 74 904
88 75 32
88 76 792
88 77 812
88 78 549
88 79 933
88 80 801
88 81 791
88 82 961
88 83 984
88 84 102
88 85 957
88 86 868
88 87 337
89 1 573
89 2 375
89 3 859
89 4 576
89 5 565
89 6 742
89 7 732
89 8 307
89 9 979
89 10 86
89 11 879
89 12 293
89 13 288
89 14 938
89 15 63
89 16 558
89 17 988
89 18 539
89 19 240
89 20 158
89 21 247
89 22 911
89 23 280
89 24 559
89 25 747
89 26 848
89 27 735
89 28 817
89 29 967
89 30 138
89 31 31
89 32 998
89 33 430
89 34 604
89 35 701
89 36 530
89 37 654
89 38 753
89 39 544
89 40 426
89 41 804
89 42 125
89 43 850
89 44 579
89 45 321
89 46 637
89 47 51
89 48 553
89 49 13
89 50 500
89 51 442
89 52 582
89 53 370
89 54 532
89 55 836
89 56 701
89 57 100
89 58 909
89 59 305
89 60 214
89 61 155
89 62 702
89 63 356
89 64 927
89 65 733
89 66 739
89 67 203
89 68 848
89 69 17
89 70 622
89 71 979
89 72 295
89 73 667
89 74 974
89 75 54
89 76 593
89 77 289
89 78 201
89 79 806
89 80 816
89 81 423
89 82 380
89 83 494
89 84 254
89 85 772
89 86 46
89 87 102
89 88 548
90 1 692
90 2 972
90 3 287
90 4 695
90 5 194
90 6 254
90 7 811
90 8 349
90 9 960
90 10 257
90 11 84
90 12 118
90 13 128
90 14 248
90 15 688
90 16 799
90 17 854
90 18 780
90 19 33
90 20 741
90 21 892
90 22 141
90 23 504
90 24 775
90 25 716
90 26 440
90 27 732
90 28 403
90 29 917
90 30 137
90 31 874
90 32 193
90 33 896
90 34 95
90 35 29
90 36 564
90 37 92
90 38 465
90 39 163
90 40 403
90 41 265
90 42 960
90 43 176
90 44 220
90 45 574
90 46 358
90 47 999
90 48 750
90 49 458
90 50 276
90 51 824
90 52 234
90 53 581
90 54 551
90 55 884
90 56 790
90 57 334
90 58 778
90 59 369
90 60 571
90 61 651
90 62 832
90 63 398
90 64 672
90 65 157
90 66 439
90 67 143
90 68 942
90 69 872
90 70 111
90 71 505
90 72 176
90 73 8
90 74 4
90 75 958
90 76 361
90 77 589
90 78 536
90 79 454
90 80 913
90 81 911
90 82 805
90 83 494
90 84 115
90 85 86
90 86 143
90 87 778
90 88 181
90 89 186
91 1 366
91 2 29
91 3 639
91 4 731
91 5 534
91 6 893
91 7 988
91 8 525
91 9 290
91 10 31
91 11 802
91 12 103
91 13 97
91 14 792
91 15 732
91 16 285
91 17 932
91 18 84
91 19 105
91 20 588
91 21 260
91 22 336
91 23 39
91 24 513
91 25 355
91 26 666
91 27 292
91 28 947
91 29 276
91 30 646
91 31 263
91 32 189
91 33 76
91 34 280
91 35 860
91 36 358
91 37 50
91 38 90
91 39 148
91 40 184
91 41 94
91 42 424
91 43 995
91 44 431
91 45 495
91 46 370
91 47 145
91 48 459
91 49 703
91 50 914
91 51 405
91 52 692
91 53 926
91 54 203
91 55 898
91 56 967
91 57 588
91 58 56
91 59 568
91 60 47
91 61 989
91 62 102
91 63 378
91 64 788
91 65 714
91 66 160
91 67 893
91 68 709
91 69 625
91 70 757
91 71 190
91 72 988
91 73 490
91 74 904
91 75 286
91 76 109
91 77 569
91 78 507
91 79 529
91 80 696
91 81 727
91 82 50
91 83 631
91 84 265
91 85 884
91 86 418
91 87 305
91 88 905
91 89 875
91 90 2
92 1 675
92 2 143
92 3 31
92 4 451
92 5 921
92 6 496
92 7 49
92 8 714
92 9 831
92 10 468
92 11 971
92 12 234
92 13 217
92 14 984
92 15 336
92 16 444
92 17 382
92 18 529
92 19 811
92 20 925
92 21 70
92 22 489
92 23 892
92 24 862
92 25 607
92 26 443
92 27 469
92 28 681
92 29 157
92 30 427
92 31 323
92 32 992
92 33 304
92 34 396
92 35 893
92 36 216
92 37 376
92 38 423
92 39 847
92 40 521
92 41 232
92 42 354
92 43 303
92 44 963
92 45 427
92 46 951
92 47 746
92 48 936
92 49 963
92 50 756
92 51 969
92 52 330
92 53 58
92 54 194
92 55 600
92 56 21
92 57 636
92 58 665
92 59 29
92 60 558
92 61 462
92 62 623
92 63 810
92 64 202
92 65 133
92 66 904
92 67 840
92 68 669
92 69 345
92 70 804
92 71 902
92 72 229
92 73 155
92 74 658
92 75 362
92 76 19
92 77 145
92 78 929
92 79 117
92 80 718
92 81 715
92 82 54
92 83 80
92 84 946
92 85 916
92 86 561
92 87 791
92 88 33
92 89 536
92 90 203
92 91 960
93 1 16
93 2 370
93 3 112
93 4 11
93 5 19
93 6 863
93 7 232
93 8 940
93 9 366
93 10 582
93 11 535
93 12 63
93 13 81
93 14 185
93 15 770
93 16 455
93 17 642
93 18 853
93 19 747
93 20 165
93 21 112
93 22 362
93 23 420
93 24 503
93 25 43
93 26 233
93 27 264
93 28 984
93 29 765
93 30 669
93 31 698
93 32 736
93 33 952
93 34 202
93 35 570
93 36 436
93 37 581
93 38 248
93 39 944
93 40 96
93 41 675
93 42 19
93 43 702
93 44 271
93 45 454
93 46 468
93 47 710
93 48 481
93 49 768
93 50 223
93 51 558
93 52 950
93 53 952
93 54 694
93 55 117
93 56 945
93 57 469
93 58 795
93 59 431
93 60 300
93 61 981
93 62 973
93 63 684
93 64 939
93 65 723
93 66 487
93 67 259
93 68 456
93 69 300
93 70 125
93 71 132
93 72 80
93 73 309
93 74 803
93 75 109
93 76 586
93 77 381
93 78 741
93 79 663
93 80 962
93 81 560
93 82 145
93 83 370
93 84 912
93 85 114
93 86 602
93 87 203
93 88 497
93 89 183
93 90 617
93 91 179
93 92 497
94 1 871
94 2 993
94 3 127
94 4 291
94 5 679
94 6 988
94 7 565
94 8 336
94 9 401
94 10 444
94 11 953
94 12 560
94 13 855
94 14 324
94 15 817
94 16 223
94 17 90
94 18 365
94 19 506
94 20 79
94 21 938
94 22 764
94 23 575
94 24 899
94 25 51
94 26 106
94 27 61
94 28 663
94 29 786
94 30 971
94 31 142
94 32 999
94 33 581
94 34 912
94 35 950
94 36 685
94 37 696
94 38 737
94 39 520
94 40 269
94 41 446
94 42 303
94 43 151
94 44 134
94 45 309
94 46 247
94 47 668
94 48 575
94 49 530
94 50 354
94 51 343
94 52 698
94 53 114
94 54 505
94 55 483
94 56 204
94 57 321
94 58 388
94 59 934
94 60 393
94 61 50
94 62 422
94 63 5
94 64 933
94 65 748
94 66 582
94 67 569
94 68 220
94 69 703
94 70 61
94 71 342
94 72 401
94 73 871
94 74 977
94 75 598
94 76 360
94 77 604
94 78 542
94 79 819
94 80 255
94 81 908
94 82 406
94 83 32
94 84 402
94 85 120
94 86 108
94 87 849
94 88 587
94 89 118
94 90 824
94 91 453
94 92 112
94 93 452
95 1 857
95 2 31
95 3 150
95 4 29
95 5 557
95 6 419
95 7 225
95 8 217
95 9 620
95 10 960
95 11 867
95 12 513
95 13 949
95 14 820
95 15 788
95 16 141
95 17 518
95 18 274
95 19 118
95 20 213
95 21 937
95 22 720
95 23 528
95 24 339
95 25 659
95 26 411
95 27 316
95 28 806
95 29 13
95 30 171
95 31 752
95 32 702
95 33 512
95 34 596
95 35 268
95 36 629
95 37 121
95 38 492
95 39 296
95 40 872
95 41 434
95 42 550
95 43 823
95 44 145
95 45 943
95 46 527
95 47 993
95 48 324
95 49 852
95 50 415
95 51 296
95 52 752
95 53 109
95 54 375
95 55 189
95 56 38
95 57 619
95 58 414
95 59 190
95 60 448
95 61 810
95 62 91
95 63 786
95 64 277
95 65 13
95 66 721
95 67 695
95 68 841
95 69 324
95 70 861
95 71 325
95 72 950
95 73 913
95 74 61
95 75 473
95 76 4
95 77 953
95 78 148
95 79 600
95 80 86
95 81 622
95 82 532
95 83 231
95 84 681
95 85 866
95 86 311
95 87 312
95 88 900
95 89 857
95 90 147
95 91 577
95 92 339
95 93 356
95 94 199
96 1 254
96 2 953
96 3 398
96 4 598
96 5 662
96 6 567
96 7 9
96 8 217
96 9 532
96 10 915
96 11 894
96 12 753
96 13 104
96 14 324
96 15 275
96 16 360
96 17 323
96 18 427
96 19 336
96 20 355
96 21 704
96 22 536
96 23 958
96 24 726
96 25 669
96 26 552
96 27 683
96 28 469
96 29 441
96 30 536
96 31 111
96 32 997
96 33 799
96 34 332
96 35 152
96 36 128
96 37 256
96 38 856
96 39 844
96 40 398
96 41 496
96 42 943
96 43 666
96 44 720
96 45 114
96 46 867
96 47 539
96 48 622
96 49 993
96 50 937
96 51 965
96 52 586
96 53 865
96 54 762
96 55 979
96 56 230
96 57 904
96 58 98
96 59 876
96 60 345
96 61 375
96 62 388
96 63 883
96 64 31
96 65 695
96 66 378
96 67 240
96 68 446
96 69 450
96 70 435
96 71 355
96 72 919
96 73 186
96 74 449
96 75 5
96 76 429
96 77 49
96 78 455
96 79 741
96 80 700
96 81 585
96 82 334
96 83 973
96 84 427
96 85 268
96 86 246
96 87 396
96 88 378
96 89 568
96 90 651
96 91 715
96 92 377
96 93 630
96 94 71
96 95 862
97 1 423
97 2 882
97 3 946
97 4 134
97 5 456
97 6 136
97 7 235
97 8 956
97 9 505
97 10 992
97 11 627
97 12 203
97 13 247
97 14 625
97 15 499
97 16 271
97 17 206
97 18 258
97 19 993
97 20 350
97 21 118
97 22 900
97 23 850
97 24 577
97 25 199
97 26 149
97 27 866
97 28 13
97 29 329
97 30 149
97 31 116
97 32 647
97 33 406
97 34 993
97 35 312
97 36 849
97 37 363
97 38 153
97 39 929
97 40 981
97 41 623
97 42 759
97 43 972
97 44 102
97 45 973
97 46 769
97 47 531
97 48 947
97 49 124
97 50 379
97 51 475
97 52 642
97 53 460
97 54 210
97 55 938
97 56 828
97 57 728
97 58 104
97 59 464
97 60 149
97 61 667
97 62 599
97 63 940
97 64 283
97 65 848
97 66 386
97 67 707
97 68 969
97 69 201
97 70 320
97 71 457
97 72 714
97 73 11
97 74 812
97 75 818
97 76 123
97 77 370
97 78 644
97 79 739
97 80 47
97 81 343
97 82 558
97 83 63
97 84 982
97 85 353
97 86 145
97 87 913
97 88 421
97 89 538
97 90 887
97 91 772
97 92 94
97 93 85
97 94 398
97 95 382
97 96 287
98 1 791
98 2 179
98 3 847
98 4 684
98 5 365
98 6 469
98 7 565
98 8 421
98 9 209
98 10 994
98 11 866
98 12 298
98 13 694
98 14 683
98 15 492
98 16 336
98 17 188
98 18 676
98 19 288
98 20 121
98 21 322
98 22 178
98 23 742
98 24 624
98 25 272
98 26 986
98 27 248
98 28 448
98 29 35
98 30 749
98 31 226
98 32 684
98 33 978
98 34 277
98 35 462
98 36 816
98 37 147
98 38 473
98 39 326
98 40 381
98 41 93
98 42 694
98 43 716
98 44 300
98 45 229
98 46 617
98 47 877
98 48 104
98 49 951
98 50 920
98 51 465
98 52 462
98 53 54
98 54 341
98 55 491
98 56 734
98 57 172
98 58 950
98 59 18
98 60 467
98 61 263
98 62 673
98 63 741
98 64 31
98 65 383
98 66 406
98 67 833
98 68 855
98 69 258
98 70 278
98 71 682
98 72 919
98 73 407
98 74 878
98 75 398
98 76 478
98 77 815
98 78 512
98 79 224
98 80 188
98 81 425
98 82 812
98 83 220
98 84 88
98 85 923
98 86 255
98 87 856
98 88 111
98 89 612
98 90 421
98 91 399
98 92 96
98 93 338
98 94 36
98 95 206
98 96 459
98 97 746
99 1 142
99 2 316
99 3 985
99 4 369
99 5 938
99 6 965
99 7 434
99 8 287
99 9 122
99 10 904
99 11 882
99 12 382
99 13 794
99 14 646
99 15 15
99 16 428
99 17 240
99 18 24
99 19 794
99 20 525
99 21 161
99 22 693
99 23 204
99 24 628
99 25 164
99 26 439
99 27 3
99 28 181
99 29 583
99 30 445
99 31 693
99 32 103
99 33 944
99 34 880
99 35 121
99 36 636
99 37 641
99 38 438
99 39 433
99 40 801
99 41 642
99 42 718
99 43 301
99 44 477
99 45 286
99 46 560
99 47 620
99 48 345
99 49 493
99 50 726
99 51 120
99 52 210
99 53 953
99 54 551
99 55 583
99 56 451
99 57 103
99 58 443
99 59 605
99 60 600
99 61 970
99 62 357
99 63 91
99 64 315
99 65 185
99 66 634
99 67 934
99 68 233
99 69 744
99 70 819
99 71 562
99 72 475
99 73 324
99 74 349
99 75 291
99 76 800
99 77 232
99 78 226
99 79 690
99 80 649
99 81 285
99 82 78
99 83 380
99 84 611
99 85 207
99 86 202
99 87 976
99 88 36
99 89 347
99 90 505
99 91 101
99 92 820
99 93 792
99 94 444
99 95 672
99 96 602
99 97 182
99 98 358
